-- CFrame Auto Walk Recording (MERGED)
-- Total Frames: 11253
-- Recorded HipHeight: 4.955921173095703

return {
    hipHeight = 4.955921173095703,
    frames = {
        {t=0.018,cf=CFrame.new(-958.408,171.806,877.862,-0.032,-0.000,-0.999,-0.000,1.000,-0.000,0.999,0.000,-0.032),s="Running",v=Vector3.new(11.129,0.001,0.437)},
        {t=0.032,cf=CFrame.new(-958.199,171.806,877.869,-0.017,-0.000,-1.000,-0.000,1.000,-0.000,1.000,0.000,-0.017),s="Running",v=Vector3.new(19.480,0.001,0.651)},
        {t=0.048,cf=CFrame.new(-957.711,171.806,877.878,-0.003,-0.000,-1.000,-0.000,1.000,-0.000,1.000,0.000,-0.003),s="Running",v=Vector3.new(23.962,0.001,0.416)},
        {t=0.064,cf=CFrame.new(-957.311,171.806,877.880,0.012,0.000,-1.000,-0.000,1.000,0.000,1.000,0.000,0.012),s="Running",v=Vector3.new(23.999,0.001,0.070)},
        {t=0.080,cf=CFrame.new(-957.011,171.806,877.878,0.023,0.000,-1.000,0.000,1.000,0.000,1.000,-0.000,0.023),s="Running",v=Vector3.new(23.998,0.001,-0.270)},
        {t=0.097,cf=CFrame.new(-956.611,171.806,877.869,0.030,0.000,-1.000,0.000,1.000,0.000,1.000,-0.000,0.030),s="Running",v=Vector3.new(23.994,0.001,-0.547)},
        {t=0.115,cf=CFrame.new(-956.111,171.807,877.854,0.030,0.000,-1.000,0.000,1.000,0.000,1.000,-0.000,0.030),s="Running",v=Vector3.new(23.988,0.112,-0.727)},
        {t=0.132,cf=CFrame.new(-955.711,171.811,877.842,0.034,0.000,-0.999,0.000,1.000,0.000,0.999,-0.000,0.034),s="Running",v=Vector3.new(23.984,0.281,-0.729)},
        {t=0.148,cf=CFrame.new(-955.312,171.818,877.829,0.045,0.000,-0.999,0.000,1.000,0.000,0.999,-0.000,0.045),s="Running",v=Vector3.new(23.976,0.485,-0.815)},
        {t=0.167,cf=CFrame.new(-954.912,171.829,877.811,0.067,0.000,-0.998,0.000,1.000,0.000,0.998,-0.000,0.067),s="Running",v=Vector3.new(23.957,0.705,-1.074)},
        {t=0.183,cf=CFrame.new(-954.514,171.843,877.786,0.118,-0.000,-0.993,-0.000,1.000,-0.000,0.993,0.000,0.118),s="Running",v=Vector3.new(23.917,0.934,-1.595)},
        {t=0.197,cf=CFrame.new(-954.216,171.855,877.754,0.162,-0.000,-0.987,-0.000,1.000,-0.000,0.987,0.000,0.162),s="Running",v=Vector3.new(23.809,1.030,-2.765)},
        {t=0.214,cf=CFrame.new(-953.723,171.878,877.676,0.190,-0.000,-0.982,-0.000,1.000,-0.000,0.982,0.000,0.190),s="Running",v=Vector3.new(23.657,1.114,-3.866)},
        {t=0.231,cf=CFrame.new(-953.428,171.892,877.620,0.219,-0.000,-0.976,-0.000,1.000,-0.000,0.976,0.000,0.219),s="Running",v=Vector3.new(23.539,1.139,-4.529)},
        {t=0.247,cf=CFrame.new(-952.941,171.916,877.513,0.230,-0.000,-0.973,-0.000,1.000,-0.000,0.973,0.000,0.230),s="Running",v=Vector3.new(23.390,1.157,-5.248)},
        {t=0.265,cf=CFrame.new(-952.552,171.936,877.421,0.237,-0.000,-0.972,-0.000,1.000,-0.000,0.972,0.000,0.237),s="Running",v=Vector3.new(23.331,1.163,-5.505)},
        {t=0.283,cf=CFrame.new(-952.260,171.950,877.351,0.255,-0.000,-0.967,-0.000,1.000,-0.000,0.967,0.000,0.255),s="Running",v=Vector3.new(23.300,1.088,-5.674)},
        {t=0.297,cf=CFrame.new(-951.777,171.970,877.224,0.294,0.000,-0.956,-0.000,1.000,0.000,0.956,-0.000,0.294),s="Running",v=Vector3.new(23.199,0.913,-6.109)},
        {t=0.315,cf=CFrame.new(-951.394,171.983,877.109,0.352,0.000,-0.936,0.000,1.000,0.000,0.936,-0.000,0.352),s="Running",v=Vector3.new(22.944,0.724,-7.025)},
        {t=0.331,cf=CFrame.new(-951.018,171.993,876.972,0.440,0.000,-0.898,-0.000,1.000,0.000,0.898,-0.000,0.440),s="Running",v=Vector3.new(22.468,0.513,-8.431)},
        {t=0.349,cf=CFrame.new(-950.657,171.999,876.801,0.501,0.000,-0.865,-0.000,1.000,0.000,0.865,-0.000,0.501),s="Running",v=Vector3.new(21.571,0.280,-10.516)},
        {t=0.365,cf=CFrame.new(-950.309,172.002,876.604,0.560,0.000,-0.828,-0.000,1.000,0.000,0.828,-0.000,0.560),s="Running",v=Vector3.new(20.782,0.153,-12.003)},
        {t=0.381,cf=CFrame.new(-949.975,172.004,876.384,0.593,0.000,-0.805,-0.000,1.000,0.000,0.805,-0.000,0.593),s="Running",v=Vector3.new(19.896,0.083,-13.420)},
        {t=0.397,cf=CFrame.new(-949.652,172.005,876.148,0.602,-0.000,-0.798,0.000,1.000,-0.000,0.798,0.000,0.602),s="Running",v=Vector3.new(19.331,0.045,-14.222)},
        {t=0.415,cf=CFrame.new(-949.412,172.005,875.968,0.602,-0.000,-0.798,0.000,1.000,-0.000,0.798,0.000,0.602),s="Running",v=Vector3.new(19.171,0.029,-14.438)},
        {t=0.431,cf=CFrame.new(-949.092,172.006,875.728,0.602,-0.000,-0.798,0.000,1.000,-0.000,0.798,0.000,0.602),s="Running",v=Vector3.new(19.162,0.016,-14.450)},
        {t=0.448,cf=CFrame.new(-948.693,172.006,875.427,0.608,-0.000,-0.794,0.000,1.000,-0.000,0.794,0.000,0.608),s="Running",v=Vector3.new(19.162,0.007,-14.450)},
        {t=0.465,cf=CFrame.new(-948.375,172.006,875.184,0.625,-0.000,-0.780,0.000,1.000,-0.000,0.780,0.000,0.625),s="Running",v=Vector3.new(19.058,0.004,-14.588)},
        {t=0.482,cf=CFrame.new(-948.062,172.006,874.935,0.642,-0.000,-0.766,0.000,1.000,-0.000,0.766,0.000,0.642),s="Running",v=Vector3.new(18.737,0.002,-14.998)},
        {t=0.498,cf=CFrame.new(-947.755,172.006,874.679,0.664,-0.000,-0.747,0.000,1.000,-0.000,0.747,0.000,0.664),s="Running",v=Vector3.new(18.403,0.001,-15.406)},
        {t=0.515,cf=CFrame.new(-947.455,172.006,874.414,0.681,0.000,-0.733,-0.000,1.000,0.000,0.733,-0.000,0.681),s="Running",v=Vector3.new(17.945,0.001,-15.936)},
        {t=0.532,cf=CFrame.new(-947.234,172.006,874.211,0.686,0.000,-0.728,-0.000,1.000,0.000,0.728,-0.000,0.686),s="Running",v=Vector3.new(17.600,0.001,-16.316)},
        {t=0.547,cf=CFrame.new(-946.943,172.006,873.937,0.689,0.000,-0.725,-0.000,1.000,0.000,0.725,-0.000,0.689),s="Running",v=Vector3.new(17.464,0.001,-16.463)},
        {t=0.564,cf=CFrame.new(-946.580,172.006,873.593,0.689,0.000,-0.725,-0.000,1.000,0.000,0.725,-0.000,0.689),s="Running",v=Vector3.new(17.401,0.001,-16.529)},
        {t=0.582,cf=CFrame.new(-946.363,172.006,873.386,0.689,0.000,-0.725,-0.000,1.000,0.000,0.725,-0.000,0.689),s="Running",v=Vector3.new(17.400,0.001,-16.530)},
        {t=0.598,cf=CFrame.new(-946.073,172.006,873.111,0.689,0.000,-0.725,-0.000,1.000,0.000,0.725,-0.000,0.689),s="Running",v=Vector3.new(17.400,0.001,-16.530)},
        {t=0.615,cf=CFrame.new(-945.783,172.006,872.836,0.689,0.000,-0.725,-0.000,1.000,0.000,0.725,-0.000,0.689),s="Running",v=Vector3.new(17.400,0.001,-16.530)},
        {t=0.632,cf=CFrame.new(-945.420,172.006,872.491,0.689,-0.000,-0.725,0.000,1.000,-0.000,0.725,0.000,0.689),s="Running",v=Vector3.new(17.400,0.001,-16.530)},
        {t=0.648,cf=CFrame.new(-945.130,172.006,872.216,0.689,-0.000,-0.725,0.000,1.000,-0.000,0.725,0.000,0.689),s="Running",v=Vector3.new(17.400,0.001,-16.530)},
        {t=0.664,cf=CFrame.new(-944.840,172.006,871.940,0.689,-0.000,-0.725,0.000,1.000,-0.000,0.725,0.000,0.689),s="Running",v=Vector3.new(17.400,0.001,-16.530)},
        {t=0.682,cf=CFrame.new(-944.550,172.006,871.665,0.689,-0.000,-0.725,0.000,1.000,-0.000,0.725,0.000,0.689),s="Running",v=Vector3.new(17.400,0.001,-16.530)},
        {t=0.698,cf=CFrame.new(-944.260,172.006,871.390,0.689,-0.000,-0.725,0.000,1.000,-0.000,0.725,0.000,0.689),s="Running",v=Vector3.new(17.400,0.001,-16.530)},
        {t=0.715,cf=CFrame.new(-943.970,172.006,871.114,0.689,-0.000,-0.725,0.000,1.000,-0.000,0.725,0.000,0.689),s="Running",v=Vector3.new(17.400,0.001,-16.530)},
        {t=0.732,cf=CFrame.new(-943.680,172.006,870.839,0.689,-0.000,-0.725,-0.000,1.000,-0.000,0.725,0.000,0.689),s="Running",v=Vector3.new(17.400,0.001,-16.530)},
        {t=0.747,cf=CFrame.new(-943.462,172.006,870.632,0.689,0.000,-0.725,-0.000,1.000,0.000,0.725,-0.000,0.689),s="Running",v=Vector3.new(17.400,0.001,-16.530)},
        {t=0.764,cf=CFrame.new(-943.100,172.006,870.288,0.689,0.000,-0.725,-0.000,1.000,0.000,0.725,-0.000,0.689),s="Running",v=Vector3.new(17.400,0.001,-16.530)},
        {t=0.781,cf=CFrame.new(-942.810,172.006,870.013,0.689,0.000,-0.725,-0.000,1.000,0.000,0.725,-0.000,0.689),s="Running",v=Vector3.new(17.400,0.001,-16.530)},
        {t=0.798,cf=CFrame.new(-942.520,172.006,869.737,0.689,0.000,-0.725,-0.000,1.000,0.000,0.725,-0.000,0.689),s="Running",v=Vector3.new(17.400,0.001,-16.530)},
        {t=0.816,cf=CFrame.new(-942.230,172.006,869.462,0.683,0.000,-0.730,-0.000,1.000,0.000,0.730,-0.000,0.683),s="Running",v=Vector3.new(17.400,0.001,-16.530)},
        {t=0.831,cf=CFrame.new(-942.011,172.006,869.257,0.675,0.000,-0.738,-0.000,1.000,0.000,0.738,-0.000,0.675),s="Running",v=Vector3.new(17.515,0.001,-16.408)},
        {t=0.847,cf=CFrame.new(-941.716,172.006,868.986,0.670,-0.000,-0.742,0.000,1.000,-0.000,0.742,0.000,0.670),s="Running",v=Vector3.new(17.697,0.001,-16.212)},
        {t=0.865,cf=CFrame.new(-941.420,172.006,868.718,0.667,-0.000,-0.745,0.000,1.000,-0.000,0.745,0.000,0.667),s="Running",v=Vector3.new(17.816,0.001,-16.080)},
        {t=0.882,cf=CFrame.new(-941.122,172.006,868.451,0.664,-0.000,-0.747,0.000,1.000,-0.000,0.747,0.000,0.664),s="Running",v=Vector3.new(17.876,0.001,-16.014)},
        {t=0.897,cf=CFrame.new(-940.823,172.006,868.185,0.664,-0.000,-0.747,0.000,1.000,-0.000,0.747,0.000,0.664),s="Running",v=Vector3.new(17.935,0.001,-15.948)},
        {t=0.917,cf=CFrame.new(-940.450,172.006,867.852,0.662,-0.000,-0.750,0.000,1.000,-0.000,0.750,0.000,0.662),s="Running",v=Vector3.new(17.936,0.001,-15.947)},
        {t=0.930,cf=CFrame.new(-940.150,172.006,867.588,0.662,-0.000,-0.750,0.000,1.000,-0.000,0.750,0.000,0.662),s="Running",v=Vector3.new(17.993,0.001,-15.882)},
        {t=0.948,cf=CFrame.new(-939.850,172.006,867.323,0.656,-0.000,-0.755,0.000,1.000,-0.000,0.755,0.000,0.656),s="Running",v=Vector3.new(17.994,0.001,-15.881)},
        {t=0.965,cf=CFrame.new(-939.549,172.006,867.060,0.651,0.000,-0.759,-0.000,1.000,0.000,0.759,-0.000,0.651),s="Running",v=Vector3.new(18.108,0.001,-15.751)},
        {t=0.982,cf=CFrame.new(-939.245,172.006,866.800,0.645,0.000,-0.764,-0.000,1.000,0.000,0.764,-0.000,0.645),s="Running",v=Vector3.new(18.223,0.001,-15.618)},
        {t=0.999,cf=CFrame.new(-938.940,172.006,866.541,0.639,0.000,-0.769,-0.000,1.000,0.000,0.769,-0.000,0.639),s="Running",v=Vector3.new(18.337,0.001,-15.484)},
        {t=1.016,cf=CFrame.new(-938.632,172.006,866.285,0.637,0.000,-0.771,-0.000,1.000,0.000,0.771,-0.000,0.637),s="Running",v=Vector3.new(18.450,0.001,-15.349)},
        {t=1.032,cf=CFrame.new(-938.324,172.006,866.030,0.637,0.000,-0.771,-0.000,1.000,0.000,0.771,-0.000,0.637),s="Running",v=Vector3.new(18.507,0.001,-15.280)},
        {t=1.048,cf=CFrame.new(-938.016,172.006,865.776,0.637,0.000,-0.771,-0.000,1.000,0.000,0.771,-0.000,0.637),s="Running",v=Vector3.new(18.508,0.001,-15.279)},
        {t=1.064,cf=CFrame.new(-937.707,172.006,865.521,0.637,-0.000,-0.771,0.000,1.000,-0.000,0.771,0.000,0.637),s="Running",v=Vector3.new(18.508,0.001,-15.279)},
        {t=1.082,cf=CFrame.new(-937.398,172.006,865.267,0.637,-0.000,-0.771,0.000,1.000,-0.000,0.771,0.000,0.637),s="Running",v=Vector3.new(18.508,0.001,-15.279)},
        {t=1.099,cf=CFrame.new(-937.090,172.006,865.012,0.637,-0.000,-0.771,0.000,1.000,-0.000,0.771,0.000,0.637),s="Running",v=Vector3.new(18.508,0.001,-15.279)},
        {t=1.115,cf=CFrame.new(-936.781,172.006,864.757,0.631,-0.000,-0.776,0.000,1.000,-0.000,0.776,0.000,0.631),s="Running",v=Vector3.new(18.508,0.001,-15.279)},
        {t=1.133,cf=CFrame.new(-936.471,172.006,864.505,0.620,-0.000,-0.785,0.000,1.000,-0.000,0.785,0.000,0.620),s="Running",v=Vector3.new(18.618,0.001,-15.145)},
        {t=1.148,cf=CFrame.new(-936.158,172.003,864.256,0.611,-0.000,-0.792,0.000,1.000,-0.000,0.792,0.000,0.611),s="Running",v=Vector3.new(18.835,-0.184,-14.873)},
        {t=1.165,cf=CFrame.new(-935.842,171.997,864.011,0.602,-0.000,-0.798,0.000,1.000,-0.000,0.798,0.000,0.602),s="Running",v=Vector3.new(18.997,-0.376,-14.662)},
        {t=1.181,cf=CFrame.new(-935.603,171.991,863.830,0.593,0.000,-0.805,0.000,1.000,0.000,0.805,-0.000,0.593),s="Running",v=Vector3.new(19.148,-0.564,-14.458)},
        {t=1.199,cf=CFrame.new(-935.201,171.975,863.533,0.584,0.000,-0.811,-0.000,1.000,0.000,0.811,-0.000,0.584),s="Running",v=Vector3.new(19.309,-0.771,-14.233)},
        {t=1.214,cf=CFrame.new(-934.877,171.959,863.299,0.572,0.000,-0.820,-0.000,1.000,0.000,0.820,-0.000,0.572),s="Running",v=Vector3.new(19.456,-0.969,-14.018)},
        {t=1.232,cf=CFrame.new(-934.549,171.943,863.070,0.566,0.000,-0.824,-0.000,1.000,0.000,0.824,-0.000,0.566),s="Running",v=Vector3.new(19.658,-0.983,-13.733)},
        {t=1.248,cf=CFrame.new(-934.220,171.927,862.843,0.560,0.000,-0.828,-0.000,1.000,0.000,0.828,-0.000,0.560),s="Running",v=Vector3.new(19.760,-0.988,-13.585)},
        {t=1.264,cf=CFrame.new(-933.890,171.910,862.619,0.554,0.000,-0.832,-0.000,1.000,0.000,0.832,-0.000,0.554),s="Running",v=Vector3.new(19.859,-0.993,-13.440)},
        {t=1.281,cf=CFrame.new(-933.557,171.893,862.397,0.551,0.000,-0.834,-0.000,1.000,0.000,0.834,-0.000,0.551),s="Running",v=Vector3.new(19.957,-0.998,-13.294)},
        {t=1.298,cf=CFrame.new(-933.224,171.877,862.176,0.548,-0.000,-0.836,-0.000,1.000,-0.000,0.836,0.000,0.548),s="Running",v=Vector3.new(20.006,-1.000,-13.219)},
        {t=1.315,cf=CFrame.new(-932.890,171.860,861.957,0.545,-0.000,-0.838,-0.000,1.000,-0.000,0.838,0.000,0.545),s="Running",v=Vector3.new(20.055,-1.003,-13.146)},
        {t=1.332,cf=CFrame.new(-932.555,171.843,861.739,0.536,-0.000,-0.844,-0.000,1.000,-0.000,0.844,0.000,0.536),s="Running",v=Vector3.new(20.103,-1.005,-13.072)},
        {t=1.348,cf=CFrame.new(-932.218,171.829,861.524,0.523,-0.000,-0.852,-0.000,1.000,-0.000,0.852,0.000,0.523),s="Running",v=Vector3.new(20.249,-0.814,-12.857)},
        {t=1.365,cf=CFrame.new(-931.877,171.819,861.314,0.520,-0.000,-0.854,-0.000,1.000,-0.000,0.854,0.000,0.520),s="Running",v=Vector3.new(20.440,-0.617,-12.563)},
        {t=1.382,cf=CFrame.new(-931.536,171.811,861.106,0.517,-0.000,-0.856,-0.000,1.000,-0.000,0.856,0.000,0.517),s="Running",v=Vector3.new(20.492,-0.414,-12.486)},
        {t=1.397,cf=CFrame.new(-931.279,171.808,860.951,0.517,-0.000,-0.856,-0.000,1.000,-0.000,0.856,0.000,0.517),s="Running",v=Vector3.new(20.538,-0.216,-12.415)},
        {t=1.415,cf=CFrame.new(-930.851,171.801,860.692,0.517,0.000,-0.856,0.000,1.000,0.000,0.856,-0.000,0.517),s="Running",v=Vector3.new(20.542,0.035,-12.411)},
        {t=1.431,cf=CFrame.new(-930.595,171.802,860.537,0.514,0.000,-0.858,0.000,1.000,0.000,0.858,-0.000,0.514),s="Running",v=Vector3.new(20.542,0.116,-12.411)},
        {t=1.451,cf=CFrame.new(-930.166,171.804,860.280,0.495,0.000,-0.869,0.000,1.000,0.000,0.869,-0.000,0.495),s="Running",v=Vector3.new(20.587,0.077,-12.336)},
        {t=1.466,cf=CFrame.new(-929.819,171.805,860.081,0.466,0.000,-0.885,0.000,1.000,0.000,0.885,-0.000,0.466),s="Running",v=Vector3.new(20.848,0.044,-11.889)},
        {t=1.483,cf=CFrame.new(-929.466,171.805,859.892,0.437,0.000,-0.900,0.000,1.000,0.000,0.900,-0.000,0.437),s="Running",v=Vector3.new(21.226,0.025,-11.200)},
        {t=1.500,cf=CFrame.new(-929.197,171.806,859.760,0.403,0.000,-0.915,-0.000,1.000,0.000,0.915,-0.000,0.403),s="Running",v=Vector3.new(21.572,0.016,-10.517)},
        {t=1.516,cf=CFrame.new(-928.740,171.806,859.556,0.373,-0.000,-0.928,-0.000,1.000,-0.000,0.928,0.000,0.373),s="Running",v=Vector3.new(21.958,0.007,-9.687)},
        {t=1.534,cf=CFrame.new(-928.370,171.806,859.405,0.352,-0.000,-0.936,-0.000,1.000,-0.000,0.936,0.000,0.352),s="Running",v=Vector3.new(22.262,0.004,-8.966)},
        {t=1.550,cf=CFrame.new(-927.996,171.806,859.263,0.342,-0.000,-0.940,-0.000,1.000,-0.000,0.940,0.000,0.342),s="Running",v=Vector3.new(22.456,0.002,-8.470)},
        {t=1.565,cf=CFrame.new(-927.621,171.806,859.125,0.335,-0.000,-0.942,-0.000,1.000,-0.000,0.942,0.000,0.335),s="Running",v=Vector3.new(22.549,0.001,-8.218)},
        {t=1.582,cf=CFrame.new(-927.244,171.806,858.991,0.332,-0.000,-0.943,-0.000,1.000,-0.000,0.943,0.000,0.332),s="Running",v=Vector3.new(22.610,0.001,-8.050)},
        {t=1.597,cf=CFrame.new(-926.961,171.806,858.891,0.328,-0.000,-0.945,-0.000,1.000,-0.000,0.945,0.000,0.328),s="Running",v=Vector3.new(22.639,0.001,-7.969)},
        {t=1.616,cf=CFrame.new(-926.489,171.806,858.727,0.325,-0.000,-0.946,-0.000,1.000,-0.000,0.946,0.000,0.325),s="Running",v=Vector3.new(22.669,0.001,-7.882)},
        {t=1.632,cf=CFrame.new(-926.111,171.806,858.596,0.311,-0.000,-0.950,-0.000,1.000,-0.000,0.950,0.000,0.311),s="Running",v=Vector3.new(22.697,0.001,-7.799)},
        {t=1.649,cf=CFrame.new(-925.731,171.806,858.471,0.301,0.000,-0.954,0.000,1.000,0.000,0.954,-0.000,0.301),s="Running",v=Vector3.new(22.808,0.001,-7.471)},
        {t=1.665,cf=CFrame.new(-925.349,171.806,858.350,0.290,0.000,-0.957,0.000,1.000,0.000,0.957,-0.000,0.290),s="Running",v=Vector3.new(22.889,0.001,-7.218)},
        {t=1.683,cf=CFrame.new(-924.967,171.806,858.234,0.276,0.000,-0.961,0.000,1.000,0.000,0.961,-0.000,0.276),s="Running",v=Vector3.new(22.967,0.001,-6.966)},
        {t=1.698,cf=CFrame.new(-924.583,171.806,858.122,0.262,0.000,-0.965,0.000,1.000,0.000,0.965,-0.000,0.262),s="Running",v=Vector3.new(23.066,0.001,-6.630)},
        {t=1.714,cf=CFrame.new(-924.197,171.807,858.017,0.248,0.000,-0.969,0.000,1.000,0.000,0.969,-0.000,0.248),s="Running",v=Vector3.new(23.160,0.092,-6.291)},
        {t=1.731,cf=CFrame.new(-923.810,171.810,857.917,0.233,0.000,-0.972,0.000,1.000,0.000,0.972,-0.000,0.233),s="Running",v=Vector3.new(23.246,0.245,-5.950)},
        {t=1.748,cf=CFrame.new(-923.421,171.816,857.823,0.226,-0.000,-0.974,-0.000,1.000,-0.000,0.974,0.000,0.226),s="Running",v=Vector3.new(23.325,0.434,-5.607)},
        {t=1.764,cf=CFrame.new(-923.129,171.823,857.755,0.219,-0.000,-0.976,-0.000,1.000,-0.000,0.976,0.000,0.219),s="Running",v=Vector3.new(23.358,0.598,-5.437)},
        {t=1.781,cf=CFrame.new(-922.642,171.839,857.645,0.219,-0.000,-0.976,-0.000,1.000,-0.000,0.976,0.000,0.219),s="Running",v=Vector3.new(23.388,0.862,-5.255)},
        {t=1.799,cf=CFrame.new(-922.252,171.855,857.557,0.219,-0.000,-0.976,-0.000,1.000,-0.000,0.976,0.000,0.219),s="Running",v=Vector3.new(23.389,0.998,-5.254)},
        {t=1.814,cf=CFrame.new(-921.960,171.868,857.491,0.219,-0.000,-0.976,-0.000,1.000,-0.000,0.976,0.000,0.219),s="Running",v=Vector3.new(23.389,1.060,-5.254)},
        {t=1.832,cf=CFrame.new(-921.472,171.891,857.382,0.219,-0.000,-0.976,-0.000,1.000,-0.000,0.976,0.000,0.219),s="Running",v=Vector3.new(23.389,1.118,-5.254)},
        {t=1.849,cf=CFrame.new(-921.082,171.910,857.294,0.219,-0.000,-0.976,-0.000,1.000,-0.000,0.976,0.000,0.219),s="Running",v=Vector3.new(23.389,1.142,-5.254)},
        {t=1.864,cf=CFrame.new(-920.692,171.929,857.206,0.219,-0.000,-0.976,0.000,1.000,-0.000,0.976,-0.000,0.219),s="Running",v=Vector3.new(23.389,1.154,-5.254)},
        {t=1.880,cf=CFrame.new(-920.400,171.943,857.141,0.219,0.000,-0.976,0.000,1.000,0.000,0.976,-0.000,0.219),s="Running",v=Vector3.new(23.398,1.111,-5.256)},
        {t=1.897,cf=CFrame.new(-920.010,171.961,857.053,0.219,0.000,-0.976,0.000,1.000,0.000,0.976,-0.000,0.219),s="Running",v=Vector3.new(23.399,1.041,-5.256)},
        {t=1.916,cf=CFrame.new(-919.522,171.979,856.944,0.219,0.000,-0.976,0.000,1.000,0.000,0.976,-0.000,0.219),s="Running",v=Vector3.new(23.406,0.839,-5.258)},
        {t=1.932,cf=CFrame.new(-919.132,171.990,856.856,0.219,0.000,-0.976,0.000,1.000,0.000,0.976,-0.000,0.219),s="Running",v=Vector3.new(23.415,0.554,-5.260)},
        {t=1.947,cf=CFrame.new(-918.742,171.997,856.768,0.219,0.000,-0.976,0.000,1.000,0.000,0.976,-0.000,0.219),s="Running",v=Vector3.new(23.416,0.337,-5.260)},
        {t=1.965,cf=CFrame.new(-918.352,172.001,856.681,0.219,0.000,-0.976,0.000,1.000,0.000,0.976,-0.000,0.219),s="Running",v=Vector3.new(23.417,0.190,-5.260)},
        {t=1.980,cf=CFrame.new(-918.059,172.003,856.615,0.219,-0.000,-0.976,-0.000,1.000,-0.000,0.976,0.000,0.219),s="Running",v=Vector3.new(23.417,0.121,-5.260)},
        {t=1.997,cf=CFrame.new(-917.571,172.004,856.505,0.219,-0.000,-0.976,-0.000,1.000,-0.000,0.976,0.000,0.219),s="Running",v=Vector3.new(23.417,0.057,-5.260)},
        {t=2.015,cf=CFrame.new(-917.180,172.005,856.418,0.212,-0.000,-0.977,-0.000,1.000,-0.000,0.977,0.000,0.212),s="Running",v=Vector3.new(23.417,0.031,-5.260)},
        {t=2.034,cf=CFrame.new(-916.790,172.005,856.332,0.208,-0.000,-0.978,-0.000,1.000,-0.000,0.978,0.000,0.208),s="Running",v=Vector3.new(23.454,0.017,-5.092)},
        {t=2.048,cf=CFrame.new(-916.398,172.006,856.249,0.201,-0.000,-0.980,-0.000,1.000,-0.000,0.980,0.000,0.201),s="Running",v=Vector3.new(23.473,0.009,-5.004)},
        {t=2.065,cf=CFrame.new(-916.007,172.006,856.168,0.201,-0.000,-0.980,-0.000,1.000,-0.000,0.980,0.000,0.201),s="Running",v=Vector3.new(23.508,0.005,-4.833)},
        {t=2.082,cf=CFrame.new(-915.713,172.006,856.107,0.198,-0.000,-0.980,-0.000,1.000,-0.000,0.980,0.000,0.198),s="Running",v=Vector3.new(23.509,0.003,-4.830)},
        {t=2.098,cf=CFrame.new(-915.321,172.006,856.028,0.194,-0.000,-0.981,-0.000,1.000,-0.000,0.981,0.000,0.194),s="Running",v=Vector3.new(23.526,0.002,-4.745)},
        {t=2.115,cf=CFrame.new(-914.928,172.006,855.950,0.194,0.000,-0.981,0.000,1.000,0.000,0.981,-0.000,0.194),s="Running",v=Vector3.new(23.543,0.001,-4.659)},
        {t=2.131,cf=CFrame.new(-914.536,172.006,855.873,0.194,0.000,-0.981,0.000,1.000,0.000,0.981,-0.000,0.194),s="Running",v=Vector3.new(23.544,0.001,-4.658)},
        {t=2.148,cf=CFrame.new(-914.144,172.006,855.795,0.190,0.000,-0.982,0.000,1.000,0.000,0.982,-0.000,0.190),s="Running",v=Vector3.new(23.544,0.001,-4.658)},
        {t=2.164,cf=CFrame.new(-913.653,172.006,855.700,0.190,0.000,-0.982,0.000,1.000,0.000,0.982,-0.000,0.190),s="Running",v=Vector3.new(23.561,0.001,-4.572)},
        {t=2.182,cf=CFrame.new(-913.359,172.006,855.643,0.190,0.000,-0.982,0.000,1.000,0.000,0.982,-0.000,0.190),s="Running",v=Vector3.new(23.561,0.001,-4.571)},
        {t=2.198,cf=CFrame.new(-912.868,172.006,855.547,0.187,0.000,-0.982,0.000,1.000,0.000,0.982,-0.000,0.187),s="Running",v=Vector3.new(23.561,0.001,-4.571)},
        {t=2.215,cf=CFrame.new(-912.573,172.006,855.491,0.187,-0.000,-0.982,-0.000,1.000,-0.000,0.982,0.000,0.187),s="Running",v=Vector3.new(23.576,0.001,-4.489)},
        {t=2.232,cf=CFrame.new(-912.082,172.006,855.398,0.187,-0.000,-0.982,-0.000,1.000,-0.000,0.982,0.000,0.187),s="Running",v=Vector3.new(23.577,0.001,-4.485)},
        {t=2.250,cf=CFrame.new(-911.689,172.006,855.323,0.187,-0.000,-0.982,-0.000,1.000,-0.000,0.982,0.000,0.187),s="Running",v=Vector3.new(23.577,0.001,-4.485)},
        {t=2.265,cf=CFrame.new(-911.296,172.006,855.248,0.187,-0.000,-0.982,-0.000,1.000,-0.000,0.982,0.000,0.187),s="Running",v=Vector3.new(23.577,0.001,-4.485)},
        {t=2.284,cf=CFrame.new(-910.903,172.006,855.174,0.187,-0.000,-0.982,-0.000,1.000,-0.000,0.982,0.000,0.187),s="Running",v=Vector3.new(23.577,0.001,-4.485)},
        {t=2.302,cf=CFrame.new(-910.510,172.006,855.099,0.183,-0.000,-0.983,-0.000,1.000,-0.000,0.983,0.000,0.183),s="Running",v=Vector3.new(23.577,0.001,-4.485)},
        {t=2.317,cf=CFrame.new(-910.116,172.006,855.025,0.183,-0.000,-0.983,-0.000,1.000,-0.000,0.983,0.000,0.183),s="Running",v=Vector3.new(23.593,0.001,-4.400)},
        {t=2.330,cf=CFrame.new(-909.723,172.006,854.952,0.183,0.000,-0.983,0.000,1.000,0.000,0.983,-0.000,0.183),s="Running",v=Vector3.new(23.594,0.001,-4.398)},
        {t=2.349,cf=CFrame.new(-909.330,172.006,854.879,0.180,0.000,-0.984,0.000,1.000,0.000,0.984,-0.000,0.180),s="Running",v=Vector3.new(23.594,0.001,-4.398)},
        {t=2.365,cf=CFrame.new(-909.035,172.006,854.825,0.180,0.000,-0.984,0.000,1.000,0.000,0.984,-0.000,0.180),s="Running",v=Vector3.new(23.609,0.001,-4.316)},
        {t=2.382,cf=CFrame.new(-908.641,172.006,854.753,0.180,0.000,-0.984,0.000,1.000,0.000,0.984,-0.000,0.180),s="Running",v=Vector3.new(23.609,0.001,-4.312)},
        {t=2.396,cf=CFrame.new(-908.248,172.006,854.681,0.176,0.000,-0.984,0.000,1.000,0.000,0.984,-0.000,0.176),s="Running",v=Vector3.new(23.609,0.001,-4.312)},
        {t=2.421,cf=CFrame.new(-907.854,172.006,854.611,0.176,0.000,-0.984,0.000,1.000,0.000,0.984,-0.000,0.176),s="Running",v=Vector3.new(23.625,0.001,-4.227)},
        {t=2.433,cf=CFrame.new(-907.362,172.006,854.523,0.176,0.000,-0.984,0.000,1.000,0.000,0.984,-0.000,0.176),s="Running",v=Vector3.new(23.625,0.001,-4.225)},
        {t=2.446,cf=CFrame.new(-906.968,172.006,854.452,0.176,-0.000,-0.984,-0.000,1.000,-0.000,0.984,0.000,0.176),s="Running",v=Vector3.new(23.625,0.001,-4.225)},
        {t=2.465,cf=CFrame.new(-906.574,172.006,854.382,0.176,-0.000,-0.984,-0.000,1.000,-0.000,0.984,0.000,0.176),s="Running",v=Vector3.new(23.625,0.001,-4.225)},
        {t=2.482,cf=CFrame.new(-906.180,172.006,854.312,0.176,-0.000,-0.984,-0.000,1.000,-0.000,0.984,0.000,0.176),s="Running",v=Vector3.new(23.625,0.001,-4.225)},
        {t=2.501,cf=CFrame.new(-905.688,172.006,854.224,0.176,-0.000,-0.984,-0.000,1.000,-0.000,0.984,0.000,0.176),s="Running",v=Vector3.new(23.625,0.001,-4.225)},
        {t=2.516,cf=CFrame.new(-905.393,172.006,854.171,0.176,-0.000,-0.984,-0.000,1.000,-0.000,0.984,0.000,0.176),s="Running",v=Vector3.new(23.625,0.001,-4.225)},
        {t=2.532,cf=CFrame.new(-904.999,172.006,854.101,0.176,-0.000,-0.984,-0.000,1.000,-0.000,0.984,0.000,0.176),s="Running",v=Vector3.new(23.625,0.001,-4.225)},
        {t=2.547,cf=CFrame.new(-904.605,172.006,854.031,0.176,-0.000,-0.984,-0.000,1.000,-0.000,0.984,0.000,0.176),s="Running",v=Vector3.new(23.625,0.001,-4.225)},
        {t=2.565,cf=CFrame.new(-904.211,172.006,853.960,0.176,0.000,-0.984,0.000,1.000,0.000,0.984,-0.000,0.176),s="Running",v=Vector3.new(23.625,0.001,-4.225)},
        {t=2.582,cf=CFrame.new(-903.817,172.006,853.890,0.176,0.000,-0.984,0.000,1.000,0.000,0.984,-0.000,0.176),s="Running",v=Vector3.new(23.625,0.001,-4.225)},
        {t=2.598,cf=CFrame.new(-903.424,172.006,853.820,0.176,0.000,-0.984,0.000,1.000,0.000,0.984,-0.000,0.176),s="Running",v=Vector3.new(23.625,0.001,-4.225)},
        {t=2.615,cf=CFrame.new(-903.030,172.006,853.749,0.176,0.000,-0.984,0.000,1.000,0.000,0.984,-0.000,0.176),s="Running",v=Vector3.new(23.625,0.001,-4.225)},
        {t=2.632,cf=CFrame.new(-902.636,172.006,853.679,0.180,0.000,-0.984,0.000,1.000,0.000,0.984,-0.000,0.180),s="Running",v=Vector3.new(23.625,0.001,-4.225)},
        {t=2.648,cf=CFrame.new(-902.242,172.006,853.607,0.180,0.000,-0.984,0.000,1.000,0.000,0.984,-0.000,0.180),s="Running",v=Vector3.new(23.610,0.001,-4.310)},
        {t=2.665,cf=CFrame.new(-901.849,172.006,853.536,0.180,0.000,-0.984,0.000,1.000,0.000,0.984,-0.000,0.180),s="Running",v=Vector3.new(23.609,0.001,-4.312)},
        {t=2.682,cf=CFrame.new(-901.554,172.006,853.482,0.180,-0.000,-0.984,-0.000,1.000,-0.000,0.984,0.000,0.180),s="Running",v=Vector3.new(23.609,0.001,-4.312)},
        {t=2.698,cf=CFrame.new(-901.160,172.006,853.410,0.180,-0.000,-0.984,-0.000,1.000,-0.000,0.984,0.000,0.180),s="Running",v=Vector3.new(23.609,0.001,-4.312)},
        {t=2.715,cf=CFrame.new(-900.668,172.006,853.320,0.180,-0.000,-0.984,-0.000,1.000,-0.000,0.984,0.000,0.180),s="Running",v=Vector3.new(23.609,0.001,-4.312)},
        {t=2.731,cf=CFrame.new(-900.275,172.006,853.248,0.180,-0.000,-0.984,-0.000,1.000,-0.000,0.984,0.000,0.180),s="Running",v=Vector3.new(23.609,0.001,-4.312)},
        {t=2.749,cf=CFrame.new(-899.881,172.006,853.177,0.180,-0.000,-0.984,-0.000,1.000,-0.000,0.984,0.000,0.180),s="Running",v=Vector3.new(23.609,0.001,-4.312)},
        {t=2.766,cf=CFrame.new(-899.488,172.006,853.105,0.172,-0.000,-0.985,-0.000,1.000,-0.000,0.985,0.000,0.172),s="Running",v=Vector3.new(23.609,0.001,-4.312)},
        {t=2.782,cf=CFrame.new(-899.094,172.006,853.035,0.169,-0.000,-0.986,-0.000,1.000,-0.000,0.986,0.000,0.169),s="Running",v=Vector3.new(23.640,0.001,-4.142)},
        {t=2.800,cf=CFrame.new(-898.699,172.006,852.968,0.162,0.000,-0.987,0.000,1.000,0.000,0.987,-0.000,0.162),s="Running",v=Vector3.new(23.655,0.001,-4.054)},
        {t=2.814,cf=CFrame.new(-898.403,172.006,852.919,0.154,0.000,-0.988,0.000,1.000,0.000,0.988,-0.000,0.154),s="Running",v=Vector3.new(23.683,0.001,-3.888)},
        {t=2.833,cf=CFrame.new(-897.909,172.006,852.841,0.147,0.000,-0.989,0.000,1.000,0.000,0.989,-0.000,0.147),s="Running",v=Vector3.new(23.712,0.001,-3.706)},
        {t=2.848,cf=CFrame.new(-897.514,172.006,852.782,0.140,0.000,-0.990,0.000,1.000,0.000,0.990,-0.000,0.140),s="Running",v=Vector3.new(23.738,0.001,-3.534)},
        {t=2.866,cf=CFrame.new(-897.118,172.006,852.725,0.133,0.000,-0.991,0.000,1.000,0.000,0.991,-0.000,0.133),s="Running",v=Vector3.new(23.764,0.001,-3.360)},
        {t=2.881,cf=CFrame.new(-896.820,172.006,852.685,0.122,0.000,-0.993,0.000,1.000,0.000,0.993,-0.000,0.122),s="Running",v=Vector3.new(23.787,0.001,-3.192)},
        {t=2.899,cf=CFrame.new(-896.324,172.006,852.624,0.114,0.000,-0.993,-0.000,1.000,0.000,0.993,0.000,0.114),s="Running",v=Vector3.new(23.821,0.001,-2.923)},
        {t=2.915,cf=CFrame.new(-896.026,172.006,852.589,0.103,-0.000,-0.995,-0.000,1.000,-0.000,0.995,0.000,0.103),s="Running",v=Vector3.new(23.841,0.001,-2.755)},
        {t=2.932,cf=CFrame.new(-895.629,172.006,852.547,0.089,-0.000,-0.996,-0.000,1.000,-0.000,0.996,0.000,0.089),s="Running",v=Vector3.new(23.871,0.001,-2.489)},
        {t=2.948,cf=CFrame.new(-895.131,172.006,852.502,0.078,-0.000,-0.997,-0.000,1.000,-0.000,0.997,0.000,0.078),s="Running",v=Vector3.new(23.905,0.001,-2.136)},
        {t=2.965,cf=CFrame.new(-894.732,172.006,852.470,0.071,-0.000,-0.998,-0.000,1.000,-0.000,0.998,0.000,0.071),s="Running",v=Vector3.new(23.927,0.001,-1.876)},
        {t=2.982,cf=CFrame.new(-894.333,172.006,852.441,0.060,-0.000,-0.998,-0.000,1.000,-0.000,0.998,0.000,0.060),s="Running",v=Vector3.new(23.940,0.001,-1.699)},
        {t=2.998,cf=CFrame.new(-893.934,172.006,852.417,0.056,-0.000,-0.998,-0.000,1.000,-0.000,0.998,0.000,0.056),s="Running",v=Vector3.new(23.957,0.001,-1.437)},
        {t=3.016,cf=CFrame.new(-893.534,172.006,852.394,0.052,-0.000,-0.999,-0.000,1.000,-0.000,0.999,0.000,0.052),s="Running",v=Vector3.new(23.962,0.001,-1.346)},
        {t=3.032,cf=CFrame.new(-893.235,172.006,852.378,0.045,0.000,-0.999,0.000,1.000,0.000,0.999,-0.000,0.045),s="Running",v=Vector3.new(23.967,0.001,-1.261)},
        {t=3.047,cf=CFrame.new(-892.835,172.006,852.360,0.045,0.000,-0.999,0.000,1.000,0.000,0.999,-0.000,0.045),s="Running",v=Vector3.new(23.975,0.001,-1.084)},
        {t=3.065,cf=CFrame.new(-892.336,172.006,852.337,0.041,0.000,-0.999,0.000,1.000,0.000,0.999,-0.000,0.041),s="Running",v=Vector3.new(23.976,0.001,-1.080)},
        {t=3.082,cf=CFrame.new(-892.036,172.006,852.324,0.038,0.000,-0.999,0.000,1.000,0.000,0.999,-0.000,0.038),s="Running",v=Vector3.new(23.979,0.001,-0.997)},
        {t=3.098,cf=CFrame.new(-891.636,172.006,852.309,0.038,0.000,-0.999,0.000,1.000,0.000,0.999,-0.000,0.038),s="Running",v=Vector3.new(23.983,0.001,-0.906)},
        {t=3.114,cf=CFrame.new(-891.137,172.006,852.290,0.038,0.000,-0.999,0.000,1.000,0.000,0.999,-0.000,0.038),s="Running",v=Vector3.new(23.983,0.001,-0.905)},
        {t=3.132,cf=CFrame.new(-890.737,172.006,852.275,0.038,-0.000,-0.999,-0.000,1.000,-0.000,0.999,0.000,0.038),s="Running",v=Vector3.new(23.983,0.001,-0.905)},
        {t=3.147,cf=CFrame.new(-890.437,172.006,852.264,0.038,-0.000,-0.999,-0.000,1.000,-0.000,0.999,0.000,0.038),s="Running",v=Vector3.new(23.983,0.001,-0.905)},
        {t=3.164,cf=CFrame.new(-889.938,172.006,852.245,0.038,-0.000,-0.999,-0.000,1.000,-0.000,0.999,0.000,0.038),s="Running",v=Vector3.new(23.983,0.001,-0.905)},
        {t=3.181,cf=CFrame.new(-889.638,172.006,852.233,0.038,-0.000,-0.999,-0.000,1.000,-0.000,0.999,0.000,0.038),s="Running",v=Vector3.new(23.983,0.001,-0.905)},
        {t=3.197,cf=CFrame.new(-889.138,172.006,852.214,0.038,-0.000,-0.999,-0.000,1.000,-0.000,0.999,0.000,0.038),s="Running",v=Vector3.new(23.983,0.001,-0.905)},
        {t=3.215,cf=CFrame.new(-888.739,172.006,852.199,0.038,-0.000,-0.999,-0.000,1.000,-0.000,0.999,0.000,0.038),s="Running",v=Vector3.new(23.983,0.001,-0.905)},
        {t=3.230,cf=CFrame.new(-888.439,172.006,852.188,0.038,-0.000,-0.999,-0.000,1.000,-0.000,0.999,0.000,0.038),s="Running",v=Vector3.new(23.983,0.001,-0.905)},
        {t=3.247,cf=CFrame.new(-887.939,172.006,852.169,0.038,0.000,-0.999,0.000,1.000,0.000,0.999,-0.000,0.038),s="Running",v=Vector3.new(23.983,0.001,-0.905)},
        {t=3.266,cf=CFrame.new(-887.540,172.006,852.154,0.038,0.000,-0.999,0.000,1.000,0.000,0.999,-0.000,0.038),s="Running",v=Vector3.new(23.983,0.001,-0.905)},
        {t=3.282,cf=CFrame.new(-887.140,172.006,852.139,0.041,0.000,-0.999,0.000,1.000,0.000,0.999,-0.000,0.041),s="Running",v=Vector3.new(23.983,0.001,-0.905)},
        {t=3.297,cf=CFrame.new(-886.840,172.006,852.127,0.041,0.000,-0.999,0.000,1.000,0.000,0.999,-0.000,0.041),s="Running",v=Vector3.new(23.980,0.001,-0.988)},
        {t=3.317,cf=CFrame.new(-886.341,172.006,852.106,0.041,0.000,-0.999,0.000,1.000,0.000,0.999,-0.000,0.041),s="Running",v=Vector3.new(23.979,0.001,-0.992)},
        {t=3.331,cf=CFrame.new(-885.941,172.006,852.089,0.041,0.000,-0.999,0.000,1.000,0.000,0.999,-0.000,0.041),s="Running",v=Vector3.new(23.979,0.001,-0.992)},
        {t=3.348,cf=CFrame.new(-885.541,172.006,852.073,0.041,-0.000,-0.999,-0.000,1.000,-0.000,0.999,0.000,0.041),s="Running",v=Vector3.new(23.979,0.001,-0.992)},
        {t=3.365,cf=CFrame.new(-885.142,172.006,852.056,0.041,-0.000,-0.999,-0.000,1.000,-0.000,0.999,0.000,0.041),s="Running",v=Vector3.new(23.979,0.001,-0.992)},
        {t=3.382,cf=CFrame.new(-884.742,172.006,852.039,0.041,-0.000,-0.999,-0.000,1.000,-0.000,0.999,0.000,0.041),s="Running",v=Vector3.new(23.979,0.001,-0.992)},
        {t=3.397,cf=CFrame.new(-884.342,172.006,852.023,0.041,-0.000,-0.999,-0.000,1.000,-0.000,0.999,0.000,0.041),s="Running",v=Vector3.new(23.979,0.001,-0.992)},
        {t=3.414,cf=CFrame.new(-883.943,172.006,852.006,0.041,-0.000,-0.999,-0.000,1.000,-0.000,0.999,0.000,0.041),s="Running",v=Vector3.new(23.979,0.001,-0.992)},
        {t=3.430,cf=CFrame.new(-883.643,172.006,851.994,0.041,-0.000,-0.999,-0.000,1.000,-0.000,0.999,0.000,0.041),s="Running",v=Vector3.new(23.979,0.001,-0.992)},
        {t=3.446,cf=CFrame.new(-883.243,172.006,851.977,0.041,-0.000,-0.999,-0.000,1.000,-0.000,0.999,0.000,0.041),s="Running",v=Vector3.new(23.979,0.001,-0.992)},
        {t=3.463,cf=CFrame.new(-882.744,172.006,851.956,0.041,0.000,-0.999,0.000,1.000,0.000,0.999,-0.000,0.041),s="Running",v=Vector3.new(23.979,0.001,-0.992)},
        {t=3.481,cf=CFrame.new(-882.344,172.006,851.940,0.041,0.000,-0.999,0.000,1.000,0.000,0.999,-0.000,0.041),s="Running",v=Vector3.new(23.979,0.001,-0.992)},
        {t=3.497,cf=CFrame.new(-881.945,172.006,851.923,0.041,0.000,-0.999,0.000,1.000,0.000,0.999,-0.000,0.041),s="Running",v=Vector3.new(23.979,0.001,-0.992)},
        {t=3.514,cf=CFrame.new(-881.545,172.006,851.907,0.041,0.000,-0.999,0.000,1.000,0.000,0.999,-0.000,0.041),s="Running",v=Vector3.new(23.979,0.001,-0.992)},
        {t=3.530,cf=CFrame.new(-881.145,172.006,851.890,0.041,0.000,-0.999,0.000,1.000,0.000,0.999,-0.000,0.041),s="Running",v=Vector3.new(23.979,0.001,-0.992)},
        {t=3.548,cf=CFrame.new(-880.746,172.006,851.873,0.045,0.000,-0.999,0.000,1.000,0.000,0.999,-0.000,0.045),s="Running",v=Vector3.new(23.979,0.001,-0.992)},
        {t=3.566,cf=CFrame.new(-880.346,172.006,851.856,0.049,0.000,-0.999,0.000,1.000,0.000,0.999,-0.000,0.049),s="Running",v=Vector3.new(23.976,0.001,-1.079)},
        {t=3.582,cf=CFrame.new(-879.946,172.006,851.836,0.049,-0.000,-0.999,-0.000,1.000,-0.000,0.999,0.000,0.049),s="Running",v=Vector3.new(23.972,0.001,-1.166)},
        {t=3.600,cf=CFrame.new(-879.447,172.006,851.812,0.049,-0.000,-0.999,-0.000,1.000,-0.000,0.999,0.000,0.049),s="Running",v=Vector3.new(23.972,0.001,-1.168)},
        {t=3.614,cf=CFrame.new(-879.148,172.006,851.797,0.049,-0.000,-0.999,-0.000,1.000,-0.000,0.999,0.000,0.049),s="Running",v=Vector3.new(23.972,0.001,-1.168)},
        {t=3.631,cf=CFrame.new(-878.748,172.006,851.778,0.049,-0.000,-0.999,-0.000,1.000,-0.000,0.999,0.000,0.049),s="Running",v=Vector3.new(23.972,0.001,-1.168)},
        {t=3.647,cf=CFrame.new(-878.349,172.006,851.758,0.049,-0.000,-0.999,-0.000,1.000,-0.000,0.999,0.000,0.049),s="Running",v=Vector3.new(23.972,0.001,-1.168)},
        {t=3.666,cf=CFrame.new(-877.949,172.871,851.739,0.049,-0.000,-0.999,-0.000,1.000,-0.000,0.999,0.000,0.049),s="Jumping",v=Vector3.new(23.972,50.701,-1.168)},
        {t=3.681,cf=CFrame.new(-877.650,173.485,851.724,0.049,-0.000,-0.999,-0.000,1.000,-0.000,0.999,0.000,0.049),s="Freefall",v=Vector3.new(23.972,48.248,-1.168)},
        {t=3.698,cf=CFrame.new(-877.151,174.439,851.700,0.049,0.000,-0.999,0.000,1.000,0.000,0.999,-0.000,0.049),s="Freefall",v=Vector3.new(23.972,44.161,-1.168)},
        {t=3.716,cf=CFrame.new(-876.751,175.141,851.680,0.049,0.000,-0.999,0.000,1.000,0.000,0.999,-0.000,0.049),s="Freefall",v=Vector3.new(23.972,40.891,-1.168)},
        {t=3.730,cf=CFrame.new(-876.452,175.631,851.665,0.049,0.000,-0.999,0.000,1.000,0.000,0.999,-0.000,0.049),s="Freefall",v=Vector3.new(23.972,38.438,-1.168)},
        {t=3.746,cf=CFrame.new(-876.052,176.238,851.646,0.049,0.000,-0.999,0.000,1.000,0.000,0.999,-0.000,0.049),s="Freefall",v=Vector3.new(23.972,35.168,-1.168)},
        {t=3.764,cf=CFrame.new(-875.553,176.920,851.622,0.049,0.000,-0.999,0.000,1.000,0.000,0.999,-0.000,0.049),s="Freefall",v=Vector3.new(23.972,31.081,-1.168)},
        {t=3.781,cf=CFrame.new(-875.153,177.403,851.602,0.049,0.000,-0.999,0.000,1.000,0.000,0.999,-0.000,0.049),s="Freefall",v=Vector3.new(23.972,27.811,-1.168)},
        {t=3.797,cf=CFrame.new(-874.854,177.731,851.587,0.049,0.000,-0.999,0.000,1.000,0.000,0.999,-0.000,0.049),s="Freefall",v=Vector3.new(23.972,25.358,-1.168)},
        {t=3.813,cf=CFrame.new(-874.454,178.119,851.568,0.049,0.000,-0.999,0.000,1.000,0.000,0.999,-0.000,0.049),s="Freefall",v=Vector3.new(23.972,22.088,-1.168)},
        {t=3.830,cf=CFrame.new(-873.955,178.528,851.543,0.049,-0.000,-0.999,-0.000,1.000,-0.000,0.999,0.000,0.049),s="Freefall",v=Vector3.new(23.972,18.001,-1.168)},
        {t=3.846,cf=CFrame.new(-873.656,178.733,851.529,0.049,-0.000,-0.999,-0.000,1.000,-0.000,0.999,0.000,0.049),s="Freefall",v=Vector3.new(23.972,15.548,-1.168)},
        {t=3.863,cf=CFrame.new(-873.256,178.958,851.509,0.049,-0.000,-0.999,-0.000,1.000,-0.000,0.999,0.000,0.049),s="Freefall",v=Vector3.new(23.972,12.278,-1.168)},
        {t=3.879,cf=CFrame.new(-872.757,179.163,851.485,0.049,-0.000,-0.999,-0.000,1.000,-0.000,0.999,0.000,0.049),s="Freefall",v=Vector3.new(23.972,8.191,-1.168)},
        {t=3.896,cf=CFrame.new(-872.358,179.265,851.465,0.049,-0.000,-0.999,-0.000,1.000,-0.000,0.999,0.000,0.049),s="Freefall",v=Vector3.new(23.972,4.921,-1.168)},
        {t=3.914,cf=CFrame.new(-871.958,179.313,851.446,0.049,-0.000,-0.999,-0.000,1.000,-0.000,0.999,0.000,0.049),s="Freefall",v=Vector3.new(23.972,1.651,-1.168)},
        {t=3.931,cf=CFrame.new(-871.559,179.307,851.426,0.049,-0.000,-0.999,-0.000,1.000,-0.000,0.999,0.000,0.049),s="Freefall",v=Vector3.new(23.972,-1.619,-1.168)},
        {t=3.947,cf=CFrame.new(-871.259,179.266,851.412,0.049,-0.000,-0.999,-0.000,1.000,-0.000,0.999,0.000,0.049),s="Freefall",v=Vector3.new(23.972,-4.072,-1.168)},
        {t=3.963,cf=CFrame.new(-870.760,179.130,851.387,0.049,-0.000,-0.999,-0.000,1.000,-0.000,0.999,0.000,0.049),s="Freefall",v=Vector3.new(23.972,-8.159,-1.168)},
        {t=3.981,cf=CFrame.new(-870.360,178.960,851.368,0.049,-0.000,-0.999,-0.000,1.000,-0.000,0.999,0.000,0.049),s="Freefall",v=Vector3.new(23.972,-11.429,-1.168)},
        {t=3.999,cf=CFrame.new(-869.961,178.735,851.348,0.049,0.000,-0.999,0.000,1.000,0.000,0.999,-0.000,0.049),s="Freefall",v=Vector3.new(23.972,-14.699,-1.168)},
        {t=4.015,cf=CFrame.new(-869.562,178.456,851.329,0.049,0.000,-0.999,0.000,1.000,0.000,0.999,-0.000,0.049),s="Freefall",v=Vector3.new(23.972,-17.969,-1.168)},
        {t=4.031,cf=CFrame.new(-869.162,178.123,851.309,0.045,0.000,-0.999,0.000,1.000,0.000,0.999,-0.000,0.045),s="Freefall",v=Vector3.new(23.972,-21.239,-1.168)},
        {t=4.048,cf=CFrame.new(-868.763,177.735,851.291,0.038,0.000,-0.999,0.000,1.000,0.000,0.999,-0.000,0.038),s="Freefall",v=Vector3.new(23.976,-24.509,-1.082)},
