-- CFrame Auto Walk Recording
-- Total Frames: 2862
-- Recorded HipHeight: 5.058475494384766

return {
    hipHeight = 5.058475494384766,
    frames = {
        {t=0.005,cf=CFrame.new(345.043,727.701,-242.997,-0.617,0.000,0.787,0.000,1.000,0.000,-0.787,0.000,-0.617),s="Running",v=Vector3.new(0.000,0.019,0.000)},
        {t=0.009,cf=CFrame.new(345.043,727.702,-242.997,-0.617,0.000,0.787,0.000,1.000,0.000,-0.787,0.000,-0.617),s="Running",v=Vector3.new(0.000,0.017,0.000)},
        {t=0.013,cf=CFrame.new(345.043,727.702,-242.997,-0.617,0.000,0.787,0.000,1.000,0.000,-0.787,0.000,-0.617),s="Running",v=Vector3.new(0.000,0.014,0.000)},
        {t=0.018,cf=CFrame.new(345.043,727.702,-242.997,-0.617,0.000,0.787,0.000,1.000,0.000,-0.787,0.000,-0.617),s="Running",v=Vector3.new(0.000,0.012,0.000)},
        {t=0.022,cf=CFrame.new(345.043,727.702,-242.997,-0.617,0.000,0.787,0.000,1.000,0.000,-0.787,0.000,-0.617),s="Running",v=Vector3.new(0.000,0.010,0.000)},
        {t=0.025,cf=CFrame.new(345.043,727.702,-242.997,-0.617,0.000,0.787,0.000,1.000,0.000,-0.787,0.000,-0.617),s="Running",v=Vector3.new(0.000,0.009,0.000)},
        {t=0.030,cf=CFrame.new(345.043,727.702,-242.997,-0.617,0.000,0.787,0.000,1.000,0.000,-0.787,0.000,-0.617),s="Running",v=Vector3.new(0.000,0.007,0.000)},
        {t=0.034,cf=CFrame.new(345.043,727.702,-242.997,-0.617,0.000,0.787,0.000,1.000,0.000,-0.787,0.000,-0.617),s="Running",v=Vector3.new(0.000,0.006,0.000)},
        {t=0.039,cf=CFrame.new(345.043,727.702,-242.997,-0.617,0.000,0.787,0.000,1.000,0.000,-0.787,0.000,-0.617),s="Running",v=Vector3.new(0.000,0.006,0.000)},
        {t=0.043,cf=CFrame.new(345.043,727.702,-242.997,-0.617,0.000,0.787,0.000,1.000,0.000,-0.787,0.000,-0.617),s="Running",v=Vector3.new(0.000,0.005,0.000)},
        {t=0.048,cf=CFrame.new(345.043,727.702,-242.997,-0.617,0.000,0.787,0.000,1.000,0.000,-0.787,0.000,-0.617),s="Running",v=Vector3.new(0.000,0.005,0.000)},
        {t=0.052,cf=CFrame.new(345.043,727.702,-242.997,-0.617,0.000,0.787,0.000,1.000,0.000,-0.787,0.000,-0.617),s="Running",v=Vector3.new(0.000,0.005,0.000)},
        {t=0.057,cf=CFrame.new(345.043,727.702,-242.997,-0.617,0.000,0.787,0.000,1.000,0.000,-0.787,0.000,-0.617),s="Running",v=Vector3.new(0.000,0.005,0.000)},
        {t=0.061,cf=CFrame.new(345.043,727.702,-242.997,-0.617,0.000,0.787,0.000,1.000,0.000,-0.787,0.000,-0.617),s="Running",v=Vector3.new(0.000,0.005,0.000)},
        {t=0.066,cf=CFrame.new(345.043,727.702,-242.997,-0.617,0.000,0.787,0.000,1.000,0.000,-0.787,0.000,-0.617),s="Running",v=Vector3.new(0.000,0.005,0.000)},
        {t=0.070,cf=CFrame.new(345.043,727.702,-242.997,-0.617,0.000,0.787,0.000,1.000,0.000,-0.787,0.000,-0.617),s="Running",v=Vector3.new(0.000,0.005,0.000)},
        {t=0.074,cf=CFrame.new(345.043,727.702,-242.997,-0.617,0.000,0.787,0.000,1.000,0.000,-0.787,0.000,-0.617),s="Running",v=Vector3.new(0.000,0.005,0.000)},
        {t=0.079,cf=CFrame.new(345.043,727.702,-242.997,-0.617,0.000,0.787,0.000,1.000,0.000,-0.787,0.000,-0.617),s="Running",v=Vector3.new(0.000,0.005,0.000)},
        {t=0.084,cf=CFrame.new(345.043,727.702,-242.997,-0.617,0.000,0.787,0.000,1.000,0.000,-0.787,0.000,-0.617),s="Running",v=Vector3.new(0.000,0.005,0.000)},
        {t=0.088,cf=CFrame.new(345.043,727.702,-242.997,-0.617,0.000,0.787,0.000,1.000,0.000,-0.787,0.000,-0.617),s="Running",v=Vector3.new(0.000,0.005,0.000)},
        {t=0.092,cf=CFrame.new(345.043,727.702,-242.997,-0.617,0.000,0.787,0.000,1.000,0.000,-0.787,0.000,-0.617),s="Running",v=Vector3.new(0.000,0.005,0.000)},
        {t=0.097,cf=CFrame.new(345.043,727.702,-242.997,-0.617,0.000,0.787,0.000,1.000,0.000,-0.787,0.000,-0.617),s="Running",v=Vector3.new(-33.940,0.001,29.546)},
        {t=0.102,cf=CFrame.new(344.922,727.702,-242.891,-0.617,0.000,0.787,0.000,1.000,0.000,-0.787,0.000,-0.617),s="Running",v=Vector3.new(-41.576,0.001,36.193)},
        {t=0.106,cf=CFrame.new(344.771,727.700,-242.760,-0.616,0.000,0.787,0.000,1.000,0.000,-0.787,0.000,-0.616),s="Running",v=Vector3.new(-43.961,-0.204,37.279)},
        {t=0.111,cf=CFrame.new(344.610,727.700,-242.624,-0.615,0.000,0.788,0.000,1.000,0.000,-0.788,0.000,-0.615),s="Running",v=Vector3.new(-45.253,-0.021,36.698)},
        {t=0.115,cf=CFrame.new(344.441,727.679,-242.489,-0.614,0.000,0.789,0.000,1.000,0.000,-0.789,0.000,-0.614),s="Running",v=Vector3.new(-46.136,-2.512,35.839)},
        {t=0.119,cf=CFrame.new(344.264,727.643,-242.353,-0.612,0.000,0.791,0.000,1.000,0.000,-0.791,0.000,-0.612),s="Running",v=Vector3.new(-47.018,-7.968,34.746)},
        {t=0.124,cf=CFrame.new(344.084,727.594,-242.223,-0.610,0.000,0.792,0.000,1.000,0.000,-0.792,0.000,-0.610),s="Running",v=Vector3.new(-47.499,-10.927,34.100)},
        {t=0.130,cf=CFrame.new(343.900,727.538,-242.094,-0.606,0.000,0.795,0.000,1.000,0.000,-0.795,0.000,-0.606),s="Running",v=Vector3.new(-47.793,-13.889,33.050)},
        {t=0.135,cf=CFrame.new(343.559,727.410,-241.862,-0.601,0.000,0.799,0.000,1.000,0.000,-0.799,0.000,-0.601),s="Running",v=Vector3.new(-47.091,-15.809,31.253)},
        {t=0.140,cf=CFrame.new(343.381,727.343,-241.746,-0.597,0.000,0.802,0.000,1.000,0.000,-0.802,0.000,-0.597),s="Running",v=Vector3.new(-48.497,-16.487,30.998)},
        {t=0.225,cf=CFrame.new(340.044,725.737,-240.425,-0.319,0.000,0.948,0.000,1.000,0.000,-0.948,0.000,-0.319),s="Running",v=Vector3.new(-43.450,-7.392,8.149)},
        {t=0.231,cf=CFrame.new(339.457,725.732,-240.305,-0.304,0.000,0.953,0.000,1.000,0.000,-0.953,0.000,-0.304),s="Running",v=Vector3.new(-48.533,-6.098,7.048)},
        {t=0.237,cf=CFrame.new(339.210,725.715,-240.260,-0.293,0.000,0.956,0.000,1.000,0.000,-0.956,0.000,-0.293),s="Running",v=Vector3.new(-54.165,-7.708,6.927)},
        {t=0.243,cf=CFrame.new(338.758,725.682,-240.190,-0.278,0.000,0.960,0.000,1.000,0.000,-0.960,0.000,-0.278),s="Running",v=Vector3.new(-54.150,-8.307,5.221)},
        {t=0.248,cf=CFrame.new(338.499,725.637,-240.155,-0.265,0.000,0.964,0.000,1.000,0.000,-0.964,0.000,-0.265),s="Running",v=Vector3.new(-55.601,-10.620,3.912)},
        {t=0.253,cf=CFrame.new(338.223,725.581,-240.125,-0.251,0.000,0.968,0.000,1.000,0.000,-0.968,0.000,-0.251),s="Running",v=Vector3.new(-55.905,-12.341,1.759)},
        {t=0.258,cf=CFrame.new(337.950,725.517,-240.105,-0.237,0.000,0.971,0.000,1.000,0.000,-0.971,0.000,-0.237),s="Running",v=Vector3.new(-55.911,-13.427,0.205)},
        {t=0.263,cf=CFrame.new(337.673,725.449,-240.091,-0.221,0.000,0.975,0.000,1.000,0.000,-0.975,0.000,-0.221),s="Running",v=Vector3.new(-55.942,-14.323,-1.445)},
        {t=0.269,cf=CFrame.new(337.216,725.338,-240.088,-0.204,0.000,0.979,0.000,1.000,0.000,-0.979,0.000,-0.204),s="Running",v=Vector3.new(-54.418,-14.065,-3.035)},
        {t=0.274,cf=CFrame.new(336.949,725.268,-240.089,-0.188,0.000,0.982,0.000,1.000,0.000,-0.982,0.000,-0.188),s="Running",v=Vector3.new(-55.679,-15.609,-4.255)},
        {t=0.279,cf=CFrame.new(336.680,725.191,-240.095,-0.172,0.000,0.985,0.000,1.000,0.000,-0.985,0.000,-0.172),s="Running",v=Vector3.new(-56.384,-15.644,-4.994)},
        {t=0.284,cf=CFrame.new(336.412,725.116,-240.106,-0.158,0.000,0.987,0.000,1.000,0.000,-0.987,0.000,-0.158),s="Running",v=Vector3.new(-56.930,-15.319,-5.602)},
        {t=0.290,cf=CFrame.new(335.953,725.002,-240.137,-0.140,0.000,0.990,0.000,1.000,0.000,-0.990,0.000,-0.140),s="Running",v=Vector3.new(-55.704,-8.618,-6.363)},
        {t=0.295,cf=CFrame.new(335.685,724.961,-240.155,-0.124,0.000,0.992,0.000,1.000,0.000,-0.992,0.000,-0.124),s="Running",v=Vector3.new(-56.319,-1.855,-8.156)},
        {t=0.301,cf=CFrame.new(335.215,724.956,-240.207,-0.103,0.000,0.995,0.000,1.000,0.000,-0.995,0.000,-0.103),s="Running",v=Vector3.new(-54.173,3.532,-10.176)},
        {t=0.309,cf=CFrame.new(334.920,724.969,-240.242,-0.078,0.000,0.997,0.000,1.000,0.000,-0.997,0.000,-0.078),s="Running",v=Vector3.new(-54.775,5.979,-11.563)},
        {t=0.319,cf=CFrame.new(334.240,725.033,-240.361,-0.043,0.000,0.999,0.000,1.000,0.000,-0.999,0.000,-0.043),s="Running",v=Vector3.new(-51.922,8.599,-13.100)},
        {t=0.326,cf=CFrame.new(333.797,725.099,-240.454,-0.021,0.000,1.000,0.000,1.000,0.000,-1.000,0.000,-0.021),s="Running",v=Vector3.new(-52.891,9.584,-14.448)},
        {t=0.332,cf=CFrame.new(333.523,725.141,-240.512,-0.001,0.000,1.000,0.000,1.000,0.000,-1.000,0.000,-0.001),s="Running",v=Vector3.new(-54.578,9.974,-15.872)},
        {t=0.340,cf=CFrame.new(333.060,725.221,-240.628,0.022,0.000,1.000,0.000,1.000,0.000,-1.000,0.000,0.022),s="Running",v=Vector3.new(-53.566,9.554,-16.702)},
        {t=0.345,cf=CFrame.new(332.790,725.264,-240.698,0.039,0.000,0.999,0.000,1.000,0.000,-0.999,0.000,0.039),s="Running",v=Vector3.new(-54.564,8.371,-18.152)},
        {t=0.353,cf=CFrame.new(332.315,725.338,-240.837,0.063,0.000,0.998,0.000,1.000,0.000,-0.998,0.000,0.063),s="Running",v=Vector3.new(-53.085,6.855,-18.849)},
        {t=0.361,cf=CFrame.new(331.845,725.397,-240.982,0.089,0.000,0.996,0.000,1.000,0.000,-0.996,0.000,0.089),s="Running",v=Vector3.new(-52.309,4.820,-19.918)},
        {t=0.367,cf=CFrame.new(331.576,725.420,-241.069,0.108,0.000,0.994,0.000,1.000,0.000,-0.994,0.000,0.108),s="Running",v=Vector3.new(-53.261,3.291,-21.169)},
        {t=0.373,cf=CFrame.new(331.137,725.451,-241.230,0.123,0.000,0.992,0.000,1.000,0.000,-0.992,0.000,0.123),s="Running",v=Vector3.new(-51.936,1.462,-21.383)},
        {t=0.378,cf=CFrame.new(330.880,725.459,-241.322,0.137,0.000,0.991,0.000,1.000,0.000,-0.991,0.000,0.137),s="Running",v=Vector3.new(-52.145,-0.225,-21.749)},
        {t=0.384,cf=CFrame.new(330.617,725.461,-241.418,0.151,0.000,0.989,0.000,1.000,0.000,-0.989,0.000,0.151),s="Running",v=Vector3.new(-51.635,-2.041,-21.706)},
        {t=0.388,cf=CFrame.new(330.369,725.456,-241.511,0.162,0.000,0.987,0.000,1.000,0.000,-0.987,0.000,0.162),s="Running",v=Vector3.new(-50.927,-3.778,-21.511)},
        {t=0.393,cf=CFrame.new(329.957,725.413,-241.674,0.174,0.000,0.985,0.000,1.000,0.000,-0.985,0.000,0.174),s="Running",v=Vector3.new(-48.581,-6.767,-20.568)},
        {t=0.399,cf=CFrame.new(329.721,725.380,-241.762,0.185,0.000,0.983,0.000,1.000,0.000,-0.983,0.000,0.185),s="Running",v=Vector3.new(-48.359,-9.097,-20.491)},
        {t=0.403,cf=CFrame.new(329.494,725.337,-241.849,0.195,0.000,0.981,0.000,1.000,0.000,-0.981,0.000,0.195),s="Running",v=Vector3.new(-47.998,-11.037,-20.343)},
        {t=0.409,cf=CFrame.new(329.262,725.285,-241.937,0.205,0.000,0.979,0.000,1.000,0.000,-0.979,0.000,0.205),s="Running",v=Vector3.new(-48.162,-13.100,-20.415)},
        {t=0.414,cf=CFrame.new(329.021,725.223,-242.029,0.216,0.000,0.976,0.000,1.000,0.000,-0.976,0.000,0.216),s="Running",v=Vector3.new(-48.760,-14.927,-20.669)},
        {t=0.419,cf=CFrame.new(328.634,725.088,-242.184,0.225,0.000,0.974,0.000,1.000,0.000,-0.974,0.000,0.225),s="Running",v=Vector3.new(-47.860,-16.248,-20.288)},
        {t=0.425,cf=CFrame.new(328.405,725.016,-242.272,0.233,0.000,0.972,0.000,1.000,0.000,-0.972,0.000,0.233),s="Running",v=Vector3.new(-49.828,-17.143,-21.122)},
        {t=0.430,cf=CFrame.new(328.161,724.936,-242.368,0.241,0.000,0.970,0.000,1.000,0.000,-0.970,0.000,0.241),s="Running",v=Vector3.new(-51.227,-18.605,-21.715)},
        {t=0.435,cf=CFrame.new(327.909,724.852,-242.466,0.250,0.000,0.968,0.000,1.000,0.000,-0.968,0.000,0.250),s="Running",v=Vector3.new(-51.818,-19.303,-21.966)},
        {t=0.441,cf=CFrame.new(327.491,724.680,-242.635,0.257,0.000,0.966,0.000,1.000,0.000,-0.966,0.000,0.257),s="Running",v=Vector3.new(-51.177,-20.566,-21.694)},
        {t=0.446,cf=CFrame.new(327.238,724.586,-242.735,0.265,0.000,0.964,0.000,1.000,0.000,-0.964,0.000,0.265),s="Running",v=Vector3.new(-52.758,-21.828,-22.396)},
        {t=0.452,cf=CFrame.new(326.805,724.393,-242.911,0.272,0.000,0.962,0.000,1.000,0.000,-0.962,0.000,0.272),s="Running",v=Vector3.new(-51.658,-23.146,-21.975)},
        {t=0.459,cf=CFrame.new(326.540,724.291,-243.016,0.280,0.000,0.960,0.000,1.000,0.000,-0.960,0.000,0.280),s="Running",v=Vector3.new(-52.645,-19.372,-22.415)},
        {t=0.464,cf=CFrame.new(326.118,724.155,-243.189,0.286,0.000,0.958,0.000,1.000,0.000,-0.958,0.000,0.286),s="Running",v=Vector3.new(-51.518,-7.609,-21.941)},
        {t=0.469,cf=CFrame.new(325.882,724.147,-243.285,0.291,0.000,0.957,0.000,1.000,0.000,-0.957,0.000,0.291),s="Running",v=Vector3.new(-52.584,-1.776,-22.398)},
        {t=0.474,cf=CFrame.new(325.643,724.152,-243.382,0.296,0.000,0.955,0.000,1.000,0.000,-0.955,0.000,0.296),s="Running",v=Vector3.new(-52.860,1.073,-22.487)},
        {t=0.480,cf=CFrame.new(325.384,724.167,-243.486,0.301,0.000,0.954,0.000,1.000,0.000,-0.954,0.000,0.301),s="Running",v=Vector3.new(-53.080,3.581,-22.475)},
        {t=0.485,cf=CFrame.new(324.959,724.207,-243.662,0.305,0.000,0.952,0.000,1.000,0.000,-0.952,0.000,0.305),s="Running",v=Vector3.new(-51.911,4.747,-21.837)},
        {t=0.490,cf=CFrame.new(324.716,724.231,-243.759,0.308,0.000,0.951,0.000,1.000,0.000,-0.951,0.000,0.308),s="Running",v=Vector3.new(-53.116,4.978,-22.118)},
        {t=0.495,cf=CFrame.new(324.470,724.256,-243.858,0.311,0.000,0.950,0.000,1.000,0.000,-0.950,0.000,0.311),s="Running",v=Vector3.new(-53.553,4.955,-21.960)},
        {t=0.500,cf=CFrame.new(324.216,724.280,-243.958,0.314,0.000,0.950,0.000,1.000,0.000,-0.950,0.000,0.314),s="Running",v=Vector3.new(-53.838,4.699,-21.531)},
        {t=0.505,cf=CFrame.new(323.802,724.322,-244.121,0.315,0.000,0.949,0.000,1.000,0.000,-0.949,0.000,0.315),s="Running",v=Vector3.new(-52.663,4.356,-20.577)},
        {t=0.509,cf=CFrame.new(323.570,724.342,-244.209,0.316,0.000,0.949,0.000,1.000,0.000,-0.949,0.000,0.316),s="Running",v=Vector3.new(-53.868,3.876,-20.539)},
        {t=0.515,cf=CFrame.new(323.315,724.360,-244.303,0.317,0.000,0.949,0.000,1.000,0.000,-0.949,0.000,0.317),s="Running",v=Vector3.new(-54.402,3.004,-19.921)},
        {t=0.519,cf=CFrame.new(323.068,724.375,-244.392,0.317,0.000,0.949,0.000,1.000,0.000,-0.949,0.000,0.317),s="Running",v=Vector3.new(-54.671,2.566,-19.379)},
        {t=0.524,cf=CFrame.new(322.819,724.388,-244.478,0.316,0.000,0.949,0.000,1.000,0.000,-0.949,0.000,0.316),s="Running",v=Vector3.new(-54.876,2.156,-18.838)},
        {t=0.530,cf=CFrame.new(322.384,724.408,-244.626,0.315,0.000,0.949,0.000,1.000,0.000,-0.949,0.000,0.315),s="Running",v=Vector3.new(-53.709,1.691,-17.689)},
        {t=0.535,cf=CFrame.new(322.141,724.416,-244.706,0.313,0.000,0.950,0.000,1.000,0.000,-0.950,0.000,0.313),s="Running",v=Vector3.new(-54.952,1.276,-17.420)},
        {t=0.540,cf=CFrame.new(321.886,724.422,-244.786,0.312,0.000,0.950,0.000,1.000,0.000,-0.950,0.000,0.312),s="Running",v=Vector3.new(-55.379,0.717,-16.791)},
        {t=0.544,cf=CFrame.new(321.629,724.426,-244.863,0.309,0.000,0.951,0.000,1.000,0.000,-0.951,0.000,0.309),s="Running",v=Vector3.new(-55.152,-0.062,-16.190)},
        {t=0.550,cf=CFrame.new(321.371,724.427,-244.939,0.307,0.000,0.952,0.000,1.000,0.000,-0.952,0.000,0.307),s="Running",v=Vector3.new(-55.119,-0.918,-15.572)},
        {t=0.554,cf=CFrame.new(321.121,724.426,-245.011,0.304,0.000,0.953,0.000,1.000,0.000,-0.953,0.000,0.304),s="Running",v=Vector3.new(-55.382,-1.614,-15.090)},
        {t=0.559,cf=CFrame.new(320.689,724.402,-245.129,0.300,0.000,0.954,0.000,1.000,0.000,-0.954,0.000,0.300),s="Running",v=Vector3.new(-54.404,-3.027,-14.159)},
        {t=0.564,cf=CFrame.new(320.444,724.386,-245.194,0.297,0.000,0.955,0.000,1.000,0.000,-0.955,0.000,0.297),s="Running",v=Vector3.new(-55.748,-3.816,-13.829)},
        {t=0.569,cf=CFrame.new(320.197,724.367,-245.256,0.293,0.000,0.956,0.000,1.000,0.000,-0.956,0.000,0.293),s="Running",v=Vector3.new(-56.233,-4.364,-13.284)},
        {t=0.573,cf=CFrame.new(319.947,724.345,-245.317,0.289,0.000,0.957,0.000,1.000,0.000,-0.957,0.000,0.289),s="Running",v=Vector3.new(-56.400,-4.337,-12.622)},
        {t=0.578,cf=CFrame.new(319.682,724.324,-245.378,0.283,0.000,0.959,0.000,1.000,0.000,-0.959,0.000,0.283),s="Running",v=Vector3.new(-56.017,-2.419,-11.883)},
        {t=0.590,cf=CFrame.new(319.003,724.282,-245.524,0.267,0.000,0.964,0.000,1.000,0.000,-0.964,0.000,0.267),s="Running",v=Vector3.new(-53.464,0.712,-9.223)},
        {t=0.598,cf=CFrame.new(318.715,724.293,-245.577,0.256,0.000,0.967,0.000,1.000,0.000,-0.967,0.000,0.256),s="Running",v=Vector3.new(-56.286,2.804,-8.174)},
        {t=0.606,cf=CFrame.new(318.078,724.338,-245.674,0.242,0.000,0.970,0.000,1.000,0.000,-0.970,0.000,0.242),s="Running",v=Vector3.new(-53.756,2.647,-6.186)},
        {t=0.615,cf=CFrame.new(317.608,724.370,-245.734,0.227,0.000,0.974,0.000,1.000,0.000,-0.974,0.000,0.227),s="Running",v=Vector3.new(-53.115,-0.209,-4.722)},
        {t=0.622,cf=CFrame.new(317.336,724.375,-245.763,0.216,0.000,0.976,0.000,1.000,0.000,-0.976,0.000,0.216),s="Running",v=Vector3.new(-54.410,-3.521,-3.887)},
        {t=0.635,cf=CFrame.new(316.764,724.349,-245.813,0.194,0.000,0.981,0.000,1.000,0.000,-0.981,0.000,0.194),s="Running",v=Vector3.new(-53.785,-8.689,-2.710)},
        {t=0.651,cf=CFrame.new(315.901,724.153,-245.869,0.171,0.000,0.985,0.000,1.000,0.000,-0.985,0.000,0.171),s="Running",v=Vector3.new(-52.417,-13.594,-1.982)},
        {t=0.659,cf=CFrame.new(315.294,723.958,-245.899,0.160,0.000,0.987,0.000,1.000,0.000,-0.987,0.000,0.160),s="Running",v=Vector3.new(-53.611,-16.008,-1.705)},
        {t=0.666,cf=CFrame.new(314.827,723.816,-245.919,0.151,0.000,0.989,0.000,1.000,0.000,-0.989,0.000,0.151),s="Running",v=Vector3.new(-55.252,-5.568,-1.578)},
        {t=0.674,cf=CFrame.new(314.347,723.767,-245.939,0.141,0.000,0.990,0.000,1.000,0.000,-0.990,0.000,0.141),s="Running",v=Vector3.new(-55.553,0.567,-1.436)},
        {t=0.682,cf=CFrame.new(313.861,723.775,-245.958,0.132,0.000,0.991,0.000,1.000,0.000,-0.991,0.000,0.132),s="Running",v=Vector3.new(-55.494,1.393,-1.347)},
        {t=0.691,cf=CFrame.new(313.343,723.796,-245.977,0.122,0.000,0.993,0.000,1.000,0.000,-0.993,0.000,0.122),s="Running",v=Vector3.new(-55.686,2.258,-1.324)},
        {t=0.698,cf=CFrame.new(312.874,723.820,-245.992,0.116,0.000,0.993,0.000,1.000,0.000,-0.993,0.000,0.116),s="Running",v=Vector3.new(-55.873,2.830,-1.323)},
        {t=0.703,cf=CFrame.new(312.605,723.838,-246.002,0.112,0.000,0.994,0.000,1.000,0.000,-0.994,0.000,0.112),s="Running",v=Vector3.new(-57.439,3.070,-1.359)},
        {t=0.708,cf=CFrame.new(312.335,723.856,-246.011,0.107,0.000,0.994,0.000,1.000,0.000,-0.994,0.000,0.107),s="Running",v=Vector3.new(-57.849,3.098,-1.368)},
        {t=0.713,cf=CFrame.new(312.061,723.875,-246.020,0.104,0.000,0.995,0.000,1.000,0.000,-0.995,0.000,0.104),s="Running",v=Vector3.new(-57.910,2.755,-1.369)},
        {t=0.717,cf=CFrame.new(311.785,723.892,-246.029,0.100,0.000,0.995,0.000,1.000,0.000,-0.995,0.000,0.100),s="Running",v=Vector3.new(-57.877,2.259,-1.369)},
        {t=0.722,cf=CFrame.new(311.508,723.908,-246.038,0.096,0.000,0.995,0.000,1.000,0.000,-0.995,0.000,0.096),s="Running",v=Vector3.new(-57.842,1.695,-1.368)},
        {t=0.727,cf=CFrame.new(311.054,723.933,-246.051,0.093,0.000,0.996,0.000,1.000,0.000,-0.996,0.000,0.093),s="Running",v=Vector3.new(-56.346,1.064,-1.332)},
        {t=0.732,cf=CFrame.new(310.783,723.942,-246.060,0.089,0.000,0.996,0.000,1.000,0.000,-0.996,0.000,0.089),s="Running",v=Vector3.new(-57.425,-0.172,-1.358)},
        {t=0.736,cf=CFrame.new(310.516,723.946,-246.068,0.087,0.000,0.996,0.000,1.000,0.000,-0.996,0.000,0.087),s="Running",v=Vector3.new(-57.680,-1.289,-1.364)},
        {t=0.743,cf=CFrame.new(310.219,723.945,-246.078,0.083,0.000,0.997,0.000,1.000,0.000,-0.997,0.000,0.083),s="Running",v=Vector3.new(-57.709,-2.330,-1.365)},
        {t=0.748,cf=CFrame.new(309.762,723.938,-246.090,0.080,0.000,0.997,0.000,1.000,0.000,-0.997,0.000,0.080),s="Running",v=Vector3.new(-56.235,-3.017,-1.330)},
        {t=0.753,cf=CFrame.new(309.503,723.922,-246.098,0.077,0.000,0.997,0.000,1.000,0.000,-0.997,0.000,0.077),s="Running",v=Vector3.new(-57.335,-4.571,-1.356)},
        {t=0.757,cf=CFrame.new(309.235,723.898,-246.106,0.075,0.000,0.997,0.000,1.000,0.000,-0.997,0.000,0.075),s="Running",v=Vector3.new(-57.550,-5.888,-1.361)},
        {t=0.765,cf=CFrame.new(308.749,723.838,-246.120,0.071,0.000,0.997,0.000,1.000,0.000,-0.997,0.000,0.071),s="Running",v=Vector3.new(-55.862,-7.365,-1.284)},
        {t=0.771,cf=CFrame.new(308.472,723.803,-246.128,0.068,0.000,0.998,0.000,1.000,0.000,-0.998,0.000,0.068),s="Running",v=Vector3.new(-56.686,-8.271,-1.219)},
        {t=0.776,cf=CFrame.new(308.204,723.763,-246.136,0.065,0.000,0.998,0.000,1.000,0.000,-0.998,0.000,0.065),s="Running",v=Vector3.new(-56.590,-9.266,-1.113)},
        {t=0.787,cf=CFrame.new(307.510,723.646,-246.152,0.059,0.000,0.998,0.000,1.000,0.000,-0.998,0.000,0.059),s="Running",v=Vector3.new(-53.260,-10.301,-0.809)},
        {t=0.798,cf=CFrame.new(307.019,723.544,-246.163,0.054,0.000,0.999,0.000,1.000,0.000,-0.999,0.000,0.054),s="Running",v=Vector3.new(-54.123,-13.121,-0.530)},
        {t=0.803,cf=CFrame.new(306.579,723.423,-246.169,0.051,0.000,0.999,0.000,1.000,0.000,-0.999,0.000,0.051),s="Running",v=Vector3.new(-54.465,-14.585,-0.323)},
        {t=0.815,cf=CFrame.new(306.032,723.278,-246.175,0.045,0.000,0.999,0.000,1.000,0.000,-0.999,0.000,0.045),s="Running",v=Vector3.new(-54.967,-17.068,-0.109)},
        {t=0.820,cf=CFrame.new(305.596,723.125,-246.177,0.043,0.000,0.999,0.000,1.000,0.000,-0.999,0.000,0.043),s="Running",v=Vector3.new(-55.132,-18.215,-0.022)},
        {t=0.834,cf=CFrame.new(305.011,723.043,-246.181,0.036,0.000,0.999,0.000,1.000,0.000,-0.999,0.000,0.036),s="Running",v=Vector3.new(-55.742,-8.815,0.213)},
        {t=0.841,cf=CFrame.new(304.377,722.932,-246.181,0.033,0.000,0.999,0.000,1.000,0.000,-0.999,0.000,0.033),s="Running",v=Vector3.new(-54.377,-2.587,0.358)},
        {t=0.852,cf=CFrame.new(304.016,722.922,-246.181,0.028,0.000,1.000,0.000,1.000,0.000,-1.000,0.000,0.028),s="Running",v=Vector3.new(-56.694,0.895,0.573)},
        {t=0.858,cf=CFrame.new(303.397,722.912,-246.176,0.026,0.000,1.000,0.000,1.000,0.000,-1.000,0.000,0.026),s="Running",v=Vector3.new(-54.250,1.911,0.726)},
        {t=0.869,cf=CFrame.new(303.023,722.922,-246.174,0.021,0.000,1.000,0.000,1.000,0.000,-1.000,0.000,0.021),s="Running",v=Vector3.new(-56.919,3.889,1.031)},
        {t=0.875,cf=CFrame.new(302.383,722.956,-246.165,0.018,0.000,1.000,0.000,1.000,0.000,-1.000,0.000,0.018),s="Running",v=Vector3.new(-54.752,4.105,1.185)},
        {t=0.881,cf=CFrame.new(302.110,722.973,-246.160,0.015,0.000,1.000,0.000,1.000,0.000,-1.000,0.000,0.015),s="Running",v=Vector3.new(-57.155,4.027,1.370)},
        {t=0.887,cf=CFrame.new(301.635,723.006,-246.151,0.013,0.000,1.000,0.000,1.000,0.000,-1.000,0.000,0.013),s="Running",v=Vector3.new(-56.262,3.179,1.491)},
        {t=0.894,cf=CFrame.new(301.339,723.021,-246.145,0.010,0.000,1.000,0.000,1.000,0.000,-1.000,0.000,0.010),s="Running",v=Vector3.new(-57.411,2.120,1.691)},
        {t=0.901,cf=CFrame.new(300.854,723.043,-246.133,0.006,0.000,1.000,0.000,1.000,0.000,-1.000,0.000,0.006),s="Running",v=Vector3.new(-55.810,1.140,1.788)},
        {t=0.907,cf=CFrame.new(300.570,723.048,-246.125,0.004,0.000,1.000,0.000,1.000,0.000,-1.000,0.000,0.004),s="Running",v=Vector3.new(-55.467,-1.745,1.923)},
        {t=0.913,cf=CFrame.new(300.113,723.044,-246.111,0.001,0.000,1.000,0.000,1.000,0.000,-1.000,0.000,0.001),s="Running",v=Vector3.new(-52.393,-4.040,1.912)},
        {t=0.918,cf=CFrame.new(299.860,723.022,-246.104,-0.001,0.000,1.000,0.000,1.000,0.000,-1.000,0.000,-0.001),s="Running",v=Vector3.new(-51.568,-6.836,1.956)},
        {t=0.923,cf=CFrame.new(299.463,722.954,-246.090,-0.003,0.000,1.000,0.000,1.000,0.000,-1.000,0.000,-0.003),s="Running",v=Vector3.new(-49.562,-8.929,1.929)},
        {t=0.928,cf=CFrame.new(299.241,722.914,-246.083,-0.005,0.000,1.000,0.000,1.000,0.000,-1.000,0.000,-0.005),s="Running",v=Vector3.new(-50.181,-10.517,1.997)},
        {t=0.935,cf=CFrame.new(298.995,722.861,-246.075,-0.008,0.000,1.000,0.000,1.000,0.000,-1.000,0.000,-0.008),s="Running",v=Vector3.new(-49.703,-13.569,2.092)},
        {t=0.941,cf=CFrame.new(298.582,722.731,-246.059,-0.011,0.000,1.000,0.000,1.000,0.000,-1.000,0.000,-0.011),s="Running",v=Vector3.new(-49.706,-16.424,2.397)},
        {t=0.948,cf=CFrame.new(298.308,722.647,-246.048,-0.014,0.000,1.000,0.000,1.000,0.000,-1.000,0.000,-0.014),s="Running",v=Vector3.new(-52.592,-18.293,2.743)},
        {t=0.954,cf=CFrame.new(297.872,722.478,-246.027,-0.017,0.000,1.000,0.000,1.000,0.000,-1.000,0.000,-0.017),s="Running",v=Vector3.new(-53.433,-19.647,2.960)},
        {t=0.960,cf=CFrame.new(297.447,722.303,-246.005,-0.019,0.000,1.000,0.000,1.000,0.000,-1.000,0.000,-0.019),s="Running",v=Vector3.new(-54.673,-20.628,3.210)},
        {t=0.965,cf=CFrame.new(297.184,722.211,-245.992,-0.022,0.000,1.000,0.000,1.000,0.000,-1.000,0.000,-0.022),s="Running",v=Vector3.new(-56.866,-21.560,3.557)},
        {t=0.971,cf=CFrame.new(296.913,722.113,-245.976,-0.024,0.000,1.000,0.000,1.000,0.000,-1.000,0.000,-0.024),s="Running",v=Vector3.new(-57.551,-22.697,3.817)},
        {t=0.976,cf=CFrame.new(296.455,721.914,-245.948,-0.027,0.000,1.000,0.000,1.000,0.000,-1.000,0.000,-0.027),s="Running",v=Vector3.new(-56.051,-23.789,3.929)},
        {t=0.982,cf=CFrame.new(296.183,721.810,-245.930,-0.030,0.000,1.000,0.000,1.000,0.000,-1.000,0.000,-0.030),s="Running",v=Vector3.new(-56.731,-21.103,4.230)},
        {t=0.987,cf=CFrame.new(295.911,721.716,-245.912,-0.033,0.000,0.999,0.000,1.000,0.000,-0.999,0.000,-0.033),s="Running",v=Vector3.new(-56.759,-13.289,4.462)},
        {t=0.992,cf=CFrame.new(295.641,721.658,-245.892,-0.036,0.000,0.999,0.000,1.000,0.000,-0.999,0.000,-0.036),s="Running",v=Vector3.new(-56.857,-5.915,4.657)},
        {t=0.998,cf=CFrame.new(295.187,721.620,-245.857,-0.039,0.000,0.999,0.000,1.000,0.000,-0.999,0.000,-0.039),s="Running",v=Vector3.new(-55.695,-0.156,4.762)},
        {t=1.002,cf=CFrame.new(294.935,721.627,-245.837,-0.041,0.000,0.999,0.000,1.000,0.000,-0.999,0.000,-0.041),s="Running",v=Vector3.new(-57.039,2.450,5.034)},
        {t=1.007,cf=CFrame.new(294.682,721.643,-245.817,-0.044,0.000,0.999,0.000,1.000,0.000,-0.999,0.000,-0.044),s="Running",v=Vector3.new(-57.461,3.860,5.210)},
        {t=1.012,cf=CFrame.new(294.420,721.664,-245.794,-0.046,0.000,0.999,0.000,1.000,0.000,-0.999,0.000,-0.046),s="Running",v=Vector3.new(-57.631,4.541,5.423)},
        {t=1.016,cf=CFrame.new(294.149,721.687,-245.771,-0.049,0.000,0.999,0.000,1.000,0.000,-0.999,0.000,-0.049),s="Running",v=Vector3.new(-57.615,4.452,5.612)},
        {t=1.021,cf=CFrame.new(293.882,721.710,-245.746,-0.051,0.000,0.999,0.000,1.000,0.000,-0.999,0.000,-0.051),s="Running",v=Vector3.new(-57.504,3.929,5.672)},
        {t=1.027,cf=CFrame.new(293.427,721.748,-245.703,-0.054,0.000,0.999,0.000,1.000,0.000,-0.999,0.000,-0.054),s="Running",v=Vector3.new(-55.961,3.060,5.586)},
        {t=1.032,cf=CFrame.new(293.166,721.763,-245.679,-0.056,0.000,0.998,0.000,1.000,0.000,-0.998,0.000,-0.056),s="Running",v=Vector3.new(-57.022,1.959,5.723)},
        {t=1.037,cf=CFrame.new(292.903,721.774,-245.655,-0.058,0.000,0.998,0.000,1.000,0.000,-0.998,0.000,-0.058),s="Running",v=Vector3.new(-57.243,0.718,5.758)},
        {t=1.042,cf=CFrame.new(292.632,721.779,-245.629,-0.060,0.000,0.998,0.000,1.000,0.000,-0.998,0.000,-0.060),s="Running",v=Vector3.new(-57.223,-0.684,5.761)},
        {t=1.047,cf=CFrame.new(292.176,721.779,-245.585,-0.062,0.000,0.998,0.000,1.000,0.000,-0.998,0.000,-0.062),s="Running",v=Vector3.new(-55.652,-1.852,5.604)},
        {t=1.052,cf=CFrame.new(291.919,721.767,-245.560,-0.064,0.000,0.998,0.000,1.000,0.000,-0.998,0.000,-0.064),s="Running",v=Vector3.new(-56.611,-3.261,5.701)},
        {t=1.057,cf=CFrame.new(291.661,721.750,-245.536,-0.066,0.000,0.998,0.000,1.000,0.000,-0.998,0.000,-0.066),s="Running",v=Vector3.new(-56.793,-4.216,5.755)},
        {t=1.062,cf=CFrame.new(291.401,721.728,-245.510,-0.068,0.000,0.998,0.000,1.000,0.000,-0.998,0.000,-0.068),s="Running",v=Vector3.new(-56.747,-5.125,5.786)},
        {t=1.067,cf=CFrame.new(291.131,721.701,-245.484,-0.070,0.000,0.998,0.000,1.000,0.000,-0.998,0.000,-0.070),s="Running",v=Vector3.new(-56.672,-6.512,5.798)},
        {t=1.072,cf=CFrame.new(290.686,721.637,-245.440,-0.071,0.000,0.997,0.000,1.000,0.000,-0.997,0.000,-0.071),s="Running",v=Vector3.new(-55.175,-7.719,5.689)},
        {t=1.076,cf=CFrame.new(290.441,721.601,-245.416,-0.073,0.000,0.997,0.000,1.000,0.000,-0.997,0.000,-0.073),s="Running",v=Vector3.new(-56.262,-8.307,5.832)},
        {t=1.082,cf=CFrame.new(290.182,721.563,-245.390,-0.074,0.000,0.997,0.000,1.000,0.000,-0.997,0.000,-0.074),s="Running",v=Vector3.new(-56.529,-9.097,5.938)},
        {t=1.086,cf=CFrame.new(289.929,721.522,-245.364,-0.076,0.000,0.997,0.000,1.000,0.000,-0.997,0.000,-0.076),s="Running",v=Vector3.new(-56.591,-9.867,6.050)},
        {t=1.092,cf=CFrame.new(289.647,721.474,-245.336,-0.078,0.000,0.997,0.000,1.000,0.000,-0.997,0.000,-0.078),s="Running",v=Vector3.new(-56.916,-11.394,6.246)},
        {t=1.108,cf=CFrame.new(288.770,721.250,-245.242,-0.084,0.000,0.996,0.000,1.000,0.000,-0.996,0.000,-0.084),s="Running",v=Vector3.new(-53.025,-14.340,6.073)},
        {t=1.113,cf=CFrame.new(288.358,721.143,-245.196,-0.085,0.000,0.996,0.000,1.000,0.000,-0.996,0.000,-0.085),s="Running",v=Vector3.new(-55.008,-14.064,6.375)},
        {t=1.119,cf=CFrame.new(288.084,721.084,-245.166,-0.087,0.000,0.996,0.000,1.000,0.000,-0.996,0.000,-0.087),s="Running",v=Vector3.new(-56.973,-4.980,6.704)},
        {t=1.124,cf=CFrame.new(287.813,721.078,-245.135,-0.089,0.000,0.996,0.000,1.000,0.000,-0.996,0.000,-0.089),s="Running",v=Vector3.new(-57.452,-1.685,6.839)},
        {t=1.129,cf=CFrame.new(287.535,721.079,-245.103,-0.090,0.000,0.996,0.000,1.000,0.000,-0.996,0.000,-0.090),s="Running",v=Vector3.new(-57.536,-1.933,6.889)},
        {t=1.135,cf=CFrame.new(287.074,721.079,-245.049,-0.092,0.000,0.996,0.000,1.000,0.000,-0.996,0.000,-0.092),s="Running",v=Vector3.new(-56.053,-2.273,6.746)},
        {t=1.141,cf=CFrame.new(286.808,721.077,-245.018,-0.094,0.000,0.996,0.000,1.000,0.000,-0.996,0.000,-0.094),s="Running",v=Vector3.new(-57.014,-3.209,6.911)},
        {t=1.146,cf=CFrame.new(286.546,721.072,-244.987,-0.095,0.000,0.995,0.000,1.000,0.000,-0.995,0.000,-0.095),s="Running",v=Vector3.new(-57.146,-3.990,6.979)},
        {t=1.151,cf=CFrame.new(286.086,721.059,-244.932,-0.097,0.000,0.995,0.000,1.000,0.000,-0.995,0.000,-0.097),s="Running",v=Vector3.new(-55.509,-5.001,6.836)},
        {t=1.156,cf=CFrame.new(285.827,721.045,-244.901,-0.098,0.000,0.995,0.000,1.000,0.000,-0.995,0.000,-0.098),s="Running",v=Vector3.new(-56.317,-6.319,6.997)},
        {t=1.162,cf=CFrame.new(285.556,721.011,-244.868,-0.100,0.000,0.995,0.000,1.000,0.000,-0.995,0.000,-0.100),s="Running",v=Vector3.new(-56.175,-8.141,7.021)},
        {t=1.168,cf=CFrame.new(285.107,720.931,-244.813,-0.101,0.000,0.995,0.000,1.000,0.000,-0.995,0.000,-0.101),s="Running",v=Vector3.new(-54.548,-9.501,6.885)},
        {t=1.173,cf=CFrame.new(284.857,720.886,-244.783,-0.103,0.000,0.995,0.000,1.000,0.000,-0.995,0.000,-0.103),s="Running",v=Vector3.new(-55.565,-10.303,7.054)},
        {t=1.178,cf=CFrame.new(284.601,720.837,-244.751,-0.104,0.000,0.995,0.000,1.000,0.000,-0.995,0.000,-0.104),s="Running",v=Vector3.new(-55.796,-11.652,7.162)},
        {t=1.182,cf=CFrame.new(284.344,720.782,-244.719,-0.105,0.000,0.994,0.000,1.000,0.000,-0.994,0.000,-0.105),s="Running",v=Vector3.new(-55.861,-12.604,7.198)},
        {t=1.187,cf=CFrame.new(284.088,720.723,-244.686,-0.106,0.000,0.994,0.000,1.000,0.000,-0.994,0.000,-0.106),s="Running",v=Vector3.new(-55.876,-13.366,7.250)},
        {t=1.192,cf=CFrame.new(283.830,720.661,-244.654,-0.107,0.000,0.994,0.000,1.000,0.000,-0.994,0.000,-0.107),s="Running",v=Vector3.new(-55.874,-14.183,7.329)},
        {t=1.197,cf=CFrame.new(283.557,720.593,-244.619,-0.109,0.000,0.994,0.000,1.000,0.000,-0.994,0.000,-0.109),s="Running",v=Vector3.new(-55.865,-15.496,7.437)},
        {t=1.202,cf=CFrame.new(283.118,720.452,-244.561,-0.110,0.000,0.994,0.000,1.000,0.000,-0.994,0.000,-0.110),s="Running",v=Vector3.new(-54.592,-16.605,7.346)},
        {t=1.207,cf=CFrame.new(282.872,720.379,-244.529,-0.111,0.000,0.994,0.000,1.000,0.000,-0.994,0.000,-0.111),s="Running",v=Vector3.new(-56.000,-17.214,7.582)},
        {t=1.212,cf=CFrame.new(282.606,720.300,-244.494,-0.113,0.000,0.994,0.000,1.000,0.000,-0.994,0.000,-0.113),s="Running",v=Vector3.new(-56.577,-18.352,7.766)},
        {t=1.217,cf=CFrame.new(282.342,720.254,-244.458,-0.114,0.000,0.993,0.000,1.000,0.000,-0.993,0.000,-0.114),s="Running",v=Vector3.new(-56.886,-13.634,7.920)},
        {t=1.222,cf=CFrame.new(282.074,720.191,-244.422,-0.116,0.000,0.993,0.000,1.000,0.000,-0.993,0.000,-0.116),s="Running",v=Vector3.new(-57.138,-9.446,8.046)},
        {t=1.228,cf=CFrame.new(281.626,720.156,-244.359,-0.117,0.000,0.993,0.000,1.000,0.000,-0.993,0.000,-0.117),s="Running",v=Vector3.new(-55.829,-4.851,7.958)},
        {t=1.233,cf=CFrame.new(281.355,720.130,-244.322,-0.119,0.000,0.993,0.000,1.000,0.000,-0.993,0.000,-0.119),s="Running",v=Vector3.new(-57.013,-4.154,8.212)},
        {t=1.238,cf=CFrame.new(281.090,720.107,-244.285,-0.120,0.000,0.993,0.000,1.000,0.000,-0.993,0.000,-0.120),s="Running",v=Vector3.new(-57.322,-1.895,8.314)},
        {t=1.243,cf=CFrame.new(280.638,720.094,-244.220,-0.121,0.000,0.993,0.000,1.000,0.000,-0.993,0.000,-0.121),s="Running",v=Vector3.new(-55.933,-0.449,8.193)},
        {t=1.248,cf=CFrame.new(280.381,720.093,-244.183,-0.123,0.000,0.992,0.000,1.000,0.000,-0.992,0.000,-0.123),s="Running",v=Vector3.new(-57.025,0.203,8.454)},
        {t=1.253,cf=CFrame.new(280.116,720.093,-244.145,-0.124,0.000,0.992,0.000,1.000,0.000,-0.992,0.000,-0.124),s="Running",v=Vector3.new(-57.276,0.108,8.574)},
        {t=1.258,cf=CFrame.new(279.854,720.093,-244.106,-0.125,0.000,0.992,0.000,1.000,0.000,-0.992,0.000,-0.125),s="Running",v=Vector3.new(-57.318,-0.476,8.619)},
        {t=1.265,cf=CFrame.new(279.378,720.085,-244.036,-0.127,0.000,0.992,0.000,1.000,0.000,-0.992,0.000,-0.127),s="Running",v=Vector3.new(-55.817,-1.795,8.454)},
        {t=1.272,cf=CFrame.new(279.088,720.072,-243.993,-0.129,0.000,0.992,0.000,1.000,0.000,-0.992,0.000,-0.129),s="Running",v=Vector3.new(-56.837,-3.196,8.665)},
        {t=1.279,cf=CFrame.new(278.621,720.033,-243.923,-0.130,0.000,0.991,0.000,1.000,0.000,-0.991,0.000,-0.130),s="Running",v=Vector3.new(-55.592,-4.714,8.565)},
        {t=1.285,cf=CFrame.new(278.348,720.008,-243.882,-0.132,0.000,0.991,0.000,1.000,0.000,-0.991,0.000,-0.132),s="Running",v=Vector3.new(-56.691,-5.867,8.823)},
        {t=1.290,cf=CFrame.new(277.895,719.963,-243.812,-0.133,0.000,0.991,0.000,1.000,0.000,-0.991,0.000,-0.133),s="Running",v=Vector3.new(-55.458,-6.179,8.704)},
        {t=1.294,cf=CFrame.new(277.648,719.933,-243.774,-0.134,0.000,0.991,0.000,1.000,0.000,-0.991,0.000,-0.134),s="Running",v=Vector3.new(-56.581,-7.376,8.927)},
        {t=1.300,cf=CFrame.new(277.389,719.914,-243.734,-0.136,0.000,0.991,0.000,1.000,0.000,-0.991,0.000,-0.136),s="Running",v=Vector3.new(-56.825,-7.271,9.076)},
        {t=1.305,cf=CFrame.new(277.128,719.878,-243.693,-0.138,0.000,0.990,0.000,1.000,0.000,-0.990,0.000,-0.138),s="Running",v=Vector3.new(-56.851,-8.917,9.303)},
        {t=1.311,cf=CFrame.new(276.665,719.813,-243.618,-0.140,0.000,0.990,0.000,1.000,0.000,-0.990,0.000,-0.140),s="Running",v=Vector3.new(-55.432,-6.047,9.524)},
        {t=1.317,cf=CFrame.new(276.410,719.798,-243.575,-0.143,0.000,0.990,0.000,1.000,0.000,-0.990,0.000,-0.143),s="Running",v=Vector3.new(-56.572,-4.392,9.988)},
        {t=1.322,cf=CFrame.new(275.965,719.751,-243.498,-0.145,0.000,0.989,0.000,1.000,0.000,-0.989,0.000,-0.145),s="Running",v=Vector3.new(-55.441,-3.522,10.107)},
        {t=1.327,cf=CFrame.new(275.715,719.742,-243.453,-0.148,0.000,0.989,0.000,1.000,0.000,-0.989,0.000,-0.148),s="Running",v=Vector3.new(-56.606,-1.066,10.636)},
        {t=1.333,cf=CFrame.new(275.453,719.735,-243.405,-0.151,0.000,0.989,0.000,1.000,0.000,-0.989,0.000,-0.151),s="Running",v=Vector3.new(-56.828,-0.387,11.041)},
        {t=1.339,cf=CFrame.new(275.174,719.730,-243.352,-0.154,0.000,0.988,0.000,1.000,0.000,-0.988,0.000,-0.154),s="Running",v=Vector3.new(-56.779,0.070,11.536)},
        {t=1.344,cf=CFrame.new(274.722,719.726,-243.262,-0.157,0.000,0.988,0.000,1.000,0.000,-0.988,0.000,-0.157),s="Running",v=Vector3.new(-55.240,0.581,11.651)},
        {t=1.350,cf=CFrame.new(274.461,719.730,-243.208,-0.161,0.000,0.987,0.000,1.000,0.000,-0.987,0.000,-0.161),s="Running",v=Vector3.new(-56.239,1.062,12.199)},
        {t=1.354,cf=CFrame.new(274.210,719.734,-243.155,-0.164,0.000,0.986,0.000,1.000,0.000,-0.986,0.000,-0.164),s="Running",v=Vector3.new(-56.435,1.355,12.568)},
        {t=1.359,cf=CFrame.new(273.773,719.746,-243.060,-0.168,0.000,0.986,0.000,1.000,0.000,-0.986,0.000,-0.168),s="Running",v=Vector3.new(-54.970,1.741,12.678)},
        {t=1.365,cf=CFrame.new(273.513,719.754,-243.002,-0.172,0.000,0.985,0.000,1.000,0.000,-0.985,0.000,-0.172),s="Running",v=Vector3.new(-55.955,2.152,13.398)},
        {t=1.371,cf=CFrame.new(273.248,719.764,-242.940,-0.177,0.000,0.984,0.000,1.000,0.000,-0.984,0.000,-0.177),s="Running",v=Vector3.new(-56.120,2.467,13.895)},
        {t=1.375,cf=CFrame.new(272.809,719.784,-242.833,-0.181,0.000,0.984,0.000,1.000,0.000,-0.984,0.000,-0.181),s="Running",v=Vector3.new(-54.654,2.706,13.954)},
        {t=1.381,cf=CFrame.new(272.553,719.796,-242.770,-0.185,0.000,0.983,0.000,1.000,0.000,-0.983,0.000,-0.185),s="Running",v=Vector3.new(-55.619,2.937,14.663)},
        {t=1.386,cf=CFrame.new(272.301,719.809,-242.706,-0.190,0.000,0.982,0.000,1.000,0.000,-0.982,0.000,-0.190),s="Running",v=Vector3.new(-55.773,3.101,15.133)},
        {t=1.391,cf=CFrame.new(272.042,719.822,-242.638,-0.195,0.000,0.981,0.000,1.000,0.000,-0.981,0.000,-0.195),s="Running",v=Vector3.new(-55.710,3.294,15.593)},
        {t=1.396,cf=CFrame.new(271.781,719.837,-242.567,-0.199,0.000,0.980,0.000,1.000,0.000,-0.980,0.000,-0.199),s="Running",v=Vector3.new(-55.607,3.484,16.005)},
        {t=1.402,cf=CFrame.new(271.341,719.865,-242.443,-0.204,0.000,0.979,0.000,1.000,0.000,-0.979,0.000,-0.204),s="Running",v=Vector3.new(-54.090,3.590,15.945)},
        {t=1.407,cf=CFrame.new(271.095,719.880,-242.373,-0.209,0.000,0.978,0.000,1.000,0.000,-0.978,0.000,-0.209),s="Running",v=Vector3.new(-55.048,3.746,16.635)},
        {t=1.412,cf=CFrame.new(270.840,719.897,-242.299,-0.214,0.000,0.977,0.000,1.000,0.000,-0.977,0.000,-0.214),s="Running",v=Vector3.new(-55.210,3.841,17.175)},
        {t=1.417,cf=CFrame.new(270.583,719.914,-242.222,-0.219,0.000,0.976,0.000,1.000,0.000,-0.976,0.000,-0.219),s="Running",v=Vector3.new(-55.198,3.843,17.555)},
        {t=1.422,cf=CFrame.new(270.335,719.930,-242.145,-0.224,0.000,0.975,0.000,1.000,0.000,-0.975,0.000,-0.224),s="Running",v=Vector3.new(-55.150,3.808,17.845)},
        {t=1.426,cf=CFrame.new(269.913,719.961,-242.011,-0.228,0.000,0.974,0.000,1.000,0.000,-0.974,0.000,-0.228),s="Running",v=Vector3.new(-53.657,3.634,17.750)},
        {t=1.432,cf=CFrame.new(269.664,719.977,-241.932,-0.234,0.000,0.972,0.000,1.000,0.000,-0.972,0.000,-0.234),s="Running",v=Vector3.new(-54.584,3.394,18.521)},
        {t=1.437,cf=CFrame.new(269.415,719.992,-241.851,-0.240,0.000,0.971,0.000,1.000,0.000,-0.971,0.000,-0.240),s="Running",v=Vector3.new(-54.758,3.093,18.910)},
        {t=1.443,cf=CFrame.new(268.985,720.017,-241.705,-0.245,0.000,0.970,0.000,1.000,0.000,-0.970,0.000,-0.245),s="Running",v=Vector3.new(-53.312,2.596,18.821)},
        {t=1.449,cf=CFrame.new(268.728,720.029,-241.618,-0.252,0.000,0.968,0.000,1.000,0.000,-0.968,0.000,-0.252),s="Running",v=Vector3.new(-54.233,2.221,19.581)},
        {t=1.453,cf=CFrame.new(268.488,720.039,-241.534,-0.256,0.000,0.967,0.000,1.000,0.000,-0.967,0.000,-0.256),s="Running",v=Vector3.new(-54.381,1.937,19.999)},
        {t=1.458,cf=CFrame.new(268.235,720.048,-241.443,-0.261,0.000,0.965,0.000,1.000,0.000,-0.965,0.000,-0.261),s="Running",v=Vector3.new(-54.296,1.557,20.430)},
        {t=1.463,cf=CFrame.new(267.977,720.056,-241.349,-0.267,0.000,0.964,0.000,1.000,0.000,-0.964,0.000,-0.267),s="Running",v=Vector3.new(-54.193,1.319,20.749)},
