-- CFrame Auto Walk Recording
-- Total Frames: 6178
-- Recorded HipHeight: 5.058475494384766

return {
    hipHeight = 5.058475494384766,
    frames = {
        {t=0.005,cf=CFrame.new(5154.850,1096.208,3628.953,-0.022,0.000,1.000,0.000,1.000,0.000,-1.000,0.000,-0.022),s="Running",v=Vector3.new(0.000,0.010,0.000)},
        {t=0.008,cf=CFrame.new(5154.850,1096.208,3628.953,-0.022,0.000,1.000,0.000,1.000,0.000,-1.000,0.000,-0.022),s="Running",v=Vector3.new(0.000,0.010,0.000)},
        {t=0.011,cf=CFrame.new(5154.850,1096.208,3628.953,-0.022,0.000,1.000,0.000,1.000,0.000,-1.000,0.000,-0.022),s="Running",v=Vector3.new(0.000,0.010,0.000)},
        {t=0.013,cf=CFrame.new(5154.850,1096.208,3628.953,-0.022,0.000,1.000,0.000,1.000,0.000,-1.000,0.000,-0.022),s="Running",v=Vector3.new(0.000,0.010,0.000)},
        {t=0.020,cf=CFrame.new(5154.850,1096.208,3628.953,-0.022,0.000,1.000,0.000,1.000,0.000,-1.000,0.000,-0.022),s="Running",v=Vector3.new(0.000,0.010,0.000)},
        {t=0.023,cf=CFrame.new(5154.850,1096.208,3628.953,-0.022,0.000,1.000,0.000,1.000,0.000,-1.000,0.000,-0.022),s="Running",v=Vector3.new(0.000,0.010,0.000)},
        {t=0.027,cf=CFrame.new(5154.850,1096.208,3628.953,-0.022,0.000,1.000,0.000,1.000,0.000,-1.000,0.000,-0.022),s="Running",v=Vector3.new(0.000,0.010,0.000)},
        {t=0.032,cf=CFrame.new(5154.850,1096.208,3628.953,-0.022,0.000,1.000,0.000,1.000,0.000,-1.000,0.000,-0.022),s="Running",v=Vector3.new(0.000,0.010,0.000)},
        {t=0.036,cf=CFrame.new(5154.850,1096.208,3628.953,-0.022,0.000,1.000,0.000,1.000,0.000,-1.000,0.000,-0.022),s="Running",v=Vector3.new(0.000,0.010,0.000)},
        {t=0.038,cf=CFrame.new(5154.850,1096.208,3628.953,-0.022,0.000,1.000,0.000,1.000,0.000,-1.000,0.000,-0.022),s="Running",v=Vector3.new(0.000,0.010,0.000)},
        {t=0.044,cf=CFrame.new(5154.850,1096.208,3628.953,-0.022,0.000,1.000,0.000,1.000,0.000,-1.000,0.000,-0.022),s="Running",v=Vector3.new(0.000,0.010,0.000)},
        {t=0.047,cf=CFrame.new(5154.850,1096.208,3628.953,-0.022,0.000,1.000,0.000,1.000,0.000,-1.000,0.000,-0.022),s="Running",v=Vector3.new(0.000,0.010,0.000)},
        {t=0.051,cf=CFrame.new(5154.850,1096.208,3628.953,-0.022,0.000,1.000,0.000,1.000,0.000,-1.000,0.000,-0.022),s="Running",v=Vector3.new(0.000,0.010,0.000)},
        {t=0.056,cf=CFrame.new(5154.850,1096.208,3628.953,-0.022,0.000,1.000,0.000,1.000,0.000,-1.000,0.000,-0.022),s="Running",v=Vector3.new(0.000,0.010,0.000)},
        {t=0.061,cf=CFrame.new(5154.850,1096.208,3628.953,-0.022,0.000,1.000,0.000,1.000,0.000,-1.000,0.000,-0.022),s="Running",v=Vector3.new(0.000,0.010,0.000)},
        {t=0.064,cf=CFrame.new(5154.850,1096.208,3628.953,-0.022,0.000,1.000,0.000,1.000,0.000,-1.000,0.000,-0.022),s="Running",v=Vector3.new(0.000,0.010,0.000)},
        {t=0.069,cf=CFrame.new(5154.850,1096.208,3628.953,-0.022,0.000,1.000,0.000,1.000,0.000,-1.000,0.000,-0.022),s="Running",v=Vector3.new(0.000,0.010,0.000)},
        {t=0.072,cf=CFrame.new(5154.850,1096.208,3628.953,-0.022,0.000,1.000,0.000,1.000,0.000,-1.000,0.000,-0.022),s="Running",v=Vector3.new(0.000,0.010,0.000)},
        {t=0.077,cf=CFrame.new(5154.850,1096.208,3628.953,-0.022,0.000,1.000,0.000,1.000,0.000,-1.000,0.000,-0.022),s="Running",v=Vector3.new(0.000,0.010,0.000)},
        {t=0.081,cf=CFrame.new(5154.850,1096.208,3628.953,-0.022,0.000,1.000,0.000,1.000,0.000,-1.000,0.000,-0.022),s="Running",v=Vector3.new(0.000,0.010,0.000)},
        {t=0.085,cf=CFrame.new(5154.850,1096.208,3628.953,-0.022,0.000,1.000,0.000,1.000,0.000,-1.000,0.000,-0.022),s="Running",v=Vector3.new(0.000,0.010,0.000)},
        {t=0.090,cf=CFrame.new(5154.850,1096.208,3628.953,-0.022,0.000,1.000,0.000,1.000,0.000,-1.000,0.000,-0.022),s="Running",v=Vector3.new(0.000,0.010,0.000)},
        {t=0.094,cf=CFrame.new(5154.850,1096.208,3628.953,-0.022,0.000,1.000,0.000,1.000,0.000,-1.000,0.000,-0.022),s="Running",v=Vector3.new(0.000,0.010,0.000)},
        {t=0.098,cf=CFrame.new(5154.850,1096.208,3628.953,-0.022,0.000,1.000,0.000,1.000,0.000,-1.000,0.000,-0.022),s="Running",v=Vector3.new(0.000,0.010,0.000)},
        {t=0.101,cf=CFrame.new(5154.850,1096.208,3628.953,-0.022,0.000,1.000,0.000,1.000,0.000,-1.000,0.000,-0.022),s="Running",v=Vector3.new(0.000,0.010,0.000)},
        {t=0.105,cf=CFrame.new(5154.850,1096.208,3628.953,-0.022,0.000,1.000,0.000,1.000,0.000,-1.000,0.000,-0.022),s="Running",v=Vector3.new(0.000,0.010,0.000)},
        {t=0.110,cf=CFrame.new(5154.850,1096.208,3628.953,-0.022,0.000,1.000,0.000,1.000,0.000,-1.000,0.000,-0.022),s="Running",v=Vector3.new(0.000,0.010,0.000)},
        {t=0.116,cf=CFrame.new(5154.850,1096.208,3628.953,-0.022,0.000,1.000,0.000,1.000,0.000,-1.000,0.000,-0.022),s="Running",v=Vector3.new(0.000,0.010,0.000)},
        {t=0.119,cf=CFrame.new(5154.850,1096.208,3628.953,-0.022,0.000,1.000,0.000,1.000,0.000,-1.000,0.000,-0.022),s="Running",v=Vector3.new(0.000,0.010,0.000)},
        {t=0.123,cf=CFrame.new(5154.850,1096.208,3628.953,-0.022,0.000,1.000,0.000,1.000,0.000,-1.000,0.000,-0.022),s="Running",v=Vector3.new(0.000,0.010,0.000)},
        {t=0.126,cf=CFrame.new(5154.850,1096.208,3628.953,-0.022,0.000,1.000,0.000,1.000,0.000,-1.000,0.000,-0.022),s="Running",v=Vector3.new(0.000,0.010,0.000)},
        {t=0.131,cf=CFrame.new(5154.850,1096.208,3628.953,-0.022,0.000,1.000,0.000,1.000,0.000,-1.000,0.000,-0.022),s="Running",v=Vector3.new(0.000,0.010,0.000)},
        {t=0.135,cf=CFrame.new(5154.850,1096.208,3628.953,-0.022,0.000,1.000,0.000,1.000,0.000,-1.000,0.000,-0.022),s="Running",v=Vector3.new(0.000,0.010,0.000)},
        {t=0.139,cf=CFrame.new(5154.850,1096.208,3628.953,-0.022,0.000,1.000,0.000,1.000,0.000,-1.000,0.000,-0.022),s="Running",v=Vector3.new(0.000,0.010,0.000)},
        {t=0.144,cf=CFrame.new(5154.850,1096.208,3628.953,-0.022,0.000,1.000,0.000,1.000,0.000,-1.000,0.000,-0.022),s="Running",v=Vector3.new(0.000,0.010,0.000)},
        {t=0.148,cf=CFrame.new(5154.850,1096.208,3628.953,-0.022,0.000,1.000,0.000,1.000,0.000,-1.000,0.000,-0.022),s="Running",v=Vector3.new(0.000,0.010,0.000)},
        {t=0.152,cf=CFrame.new(5154.850,1096.208,3628.953,-0.022,0.000,1.000,0.000,1.000,0.000,-1.000,0.000,-0.022),s="Running",v=Vector3.new(0.000,0.010,0.000)},
        {t=0.156,cf=CFrame.new(5154.850,1096.208,3628.953,-0.022,0.000,1.000,0.000,1.000,0.000,-1.000,0.000,-0.022),s="Running",v=Vector3.new(0.000,0.010,0.000)},
        {t=0.160,cf=CFrame.new(5154.850,1096.208,3628.953,-0.022,0.000,1.000,0.000,1.000,0.000,-1.000,0.000,-0.022),s="Running",v=Vector3.new(0.000,0.010,0.000)},
        {t=0.165,cf=CFrame.new(5154.850,1096.208,3628.953,-0.022,0.000,1.000,0.000,1.000,0.000,-1.000,0.000,-0.022),s="Running",v=Vector3.new(0.000,0.010,0.000)},
        {t=0.169,cf=CFrame.new(5154.850,1096.208,3628.953,-0.022,0.000,1.000,0.000,1.000,0.000,-1.000,0.000,-0.022),s="Running",v=Vector3.new(0.000,0.010,0.000)},
        {t=0.174,cf=CFrame.new(5154.850,1096.208,3628.953,-0.022,0.000,1.000,0.000,1.000,0.000,-1.000,0.000,-0.022),s="Running",v=Vector3.new(0.000,0.010,0.000)},
        {t=0.178,cf=CFrame.new(5154.850,1096.208,3628.953,-0.022,0.000,1.000,0.000,1.000,0.000,-1.000,0.000,-0.022),s="Running",v=Vector3.new(-0.000,0.010,-0.000)},
        {t=0.184,cf=CFrame.new(5154.850,1096.208,3628.953,-0.022,0.000,1.000,0.000,1.000,0.000,-1.000,0.000,-0.022),s="Running",v=Vector3.new(-0.000,0.010,-0.000)},
        {t=0.212,cf=CFrame.new(5154.785,1096.205,3628.955,-0.023,0.000,1.000,0.000,1.000,0.000,-1.000,0.000,-0.023),s="Running",v=Vector3.new(-16.240,-1.393,0.420)},
        {t=0.226,cf=CFrame.new(5154.625,1096.194,3628.959,-0.024,0.000,1.000,0.000,1.000,0.000,-1.000,0.000,-0.024),s="Running",v=Vector3.new(-27.366,-3.385,0.749)},
        {t=0.248,cf=CFrame.new(5154.046,1096.103,3628.975,-0.025,0.000,1.000,0.000,1.000,0.000,-1.000,0.000,-0.025),s="Running",v=Vector3.new(-44.558,-0.845,1.277)},
        {t=0.261,cf=CFrame.new(5153.417,1096.099,3628.993,-0.025,0.000,1.000,0.000,1.000,0.000,-1.000,0.000,-0.025),s="Running",v=Vector3.new(-52.693,0.463,1.515)},
        {t=0.289,cf=CFrame.new(5151.944,1096.104,3629.035,-0.026,0.000,1.000,0.000,1.000,0.000,-1.000,0.000,-0.026),s="Running",v=Vector3.new(-50.276,0.294,1.446)},
        {t=0.293,cf=CFrame.new(5151.525,1096.105,3629.046,-0.026,0.000,1.000,0.000,1.000,0.000,-1.000,0.000,-0.026),s="Running",v=Vector3.new(-55.300,0.284,1.591)},
        {t=0.299,cf=CFrame.new(5151.258,1096.106,3629.054,-0.027,0.000,1.000,0.000,1.000,0.000,-1.000,0.000,-0.027),s="Running",v=Vector3.new(-57.681,0.261,1.660)},
        {t=0.303,cf=CFrame.new(5150.975,1096.106,3629.062,-0.027,0.000,1.000,0.000,1.000,0.000,-1.000,0.000,-0.027),s="Running",v=Vector3.new(-58.276,0.208,1.677)},
        {t=0.309,cf=CFrame.new(5150.684,1096.107,3629.070,-0.027,0.000,1.000,0.000,1.000,0.000,-1.000,0.000,-0.027),s="Running",v=Vector3.new(-58.425,0.177,1.681)},
        {t=0.316,cf=CFrame.new(5150.159,1096.108,3629.085,-0.027,0.000,1.000,0.000,1.000,0.000,-1.000,0.000,-0.027),s="Running",v=Vector3.new(-57.337,0.123,1.650)},
        {t=0.325,cf=CFrame.new(5149.621,1096.108,3629.101,-0.027,0.000,1.000,0.000,1.000,0.000,-1.000,0.000,-0.027),s="Running",v=Vector3.new(-57.065,0.088,1.642)},
        {t=0.330,cf=CFrame.new(5149.146,1096.108,3629.114,-0.027,0.000,1.000,0.000,1.000,0.000,-1.000,0.000,-0.027),s="Running",v=Vector3.new(-56.997,0.071,1.640)},
        {t=0.333,cf=CFrame.new(5148.891,1096.108,3629.122,-0.027,0.000,1.000,0.000,1.000,0.000,-1.000,0.000,-0.027),s="Running",v=Vector3.new(-58.105,0.065,1.672)},
        {t=0.336,cf=CFrame.new(5148.857,1096.108,3629.123,-0.027,0.000,1.000,0.000,1.000,0.000,-1.000,0.000,-0.027),s="Running",v=Vector3.new(-59.508,0.066,1.712)},
        {t=0.340,cf=CFrame.new(5148.578,1096.108,3629.131,-0.027,0.000,1.000,0.000,1.000,0.000,-1.000,0.000,-0.027),s="Running",v=Vector3.new(-58.733,0.050,1.690)},
        {t=0.344,cf=CFrame.new(5148.308,1096.109,3629.138,-0.027,0.000,1.000,0.000,1.000,0.000,-1.000,0.000,-0.027),s="Running",v=Vector3.new(-58.539,0.042,1.684)},
        {t=0.347,cf=CFrame.new(5148.044,1096.109,3629.146,-0.027,0.000,1.000,0.000,1.000,0.000,-1.000,0.000,-0.027),s="Running",v=Vector3.new(-58.491,0.037,1.683)},
        {t=0.352,cf=CFrame.new(5147.769,1096.105,3629.154,-0.027,0.000,1.000,0.000,1.000,0.000,-1.000,0.000,-0.027),s="Running",v=Vector3.new(-58.479,-0.169,1.683)},
        {t=0.355,cf=CFrame.new(5147.731,1096.106,3629.155,-0.027,0.000,1.000,0.000,1.000,0.000,-1.000,0.000,-0.027),s="Running",v=Vector3.new(-59.601,-0.019,1.715)},
        {t=0.360,cf=CFrame.new(5147.237,1096.106,3629.169,-0.028,0.000,1.000,0.000,1.000,0.000,-1.000,0.000,-0.028),s="Running",v=Vector3.new(-57.631,0.032,1.658)},
        {t=0.365,cf=CFrame.new(5146.967,1096.106,3629.177,-0.028,0.000,1.000,0.000,1.000,0.000,-1.000,0.000,-0.028),s="Running",v=Vector3.new(-58.264,0.028,1.676)},
        {t=0.368,cf=CFrame.new(5146.937,1096.106,3629.177,-0.028,0.000,1.000,0.000,1.000,0.000,-1.000,0.000,-0.028),s="Running",v=Vector3.new(-59.547,0.023,1.713)},
        {t=0.373,cf=CFrame.new(5146.648,1096.107,3629.186,-0.028,0.000,1.000,0.000,1.000,0.000,-1.000,0.000,-0.028),s="Running",v=Vector3.new(-58.743,0.021,1.690)},
        {t=0.377,cf=CFrame.new(5146.383,1096.107,3629.193,-0.028,0.000,1.000,0.000,1.000,0.000,-1.000,0.000,-0.028),s="Running",v=Vector3.new(-58.542,0.019,1.684)},
        {t=0.382,cf=CFrame.new(5145.901,1096.107,3629.207,-0.028,0.000,1.000,0.000,1.000,0.000,-1.000,0.000,-0.028),s="Running",v=Vector3.new(-57.366,0.018,1.651)},
        {t=0.386,cf=CFrame.new(5145.651,1096.107,3629.214,-0.028,0.000,1.000,0.000,1.000,0.000,-1.000,0.000,-0.028),s="Running",v=Vector3.new(-58.197,0.015,1.674)},
        {t=0.390,cf=CFrame.new(5145.392,1096.107,3629.221,-0.028,0.000,1.000,0.000,1.000,0.000,-1.000,0.000,-0.028),s="Running",v=Vector3.new(-58.405,0.014,1.680)},
        {t=0.393,cf=CFrame.new(5145.363,1096.107,3629.222,-0.028,0.000,1.000,0.000,1.000,0.000,-1.000,0.000,-0.028),s="Running",v=Vector3.new(-59.583,0.011,1.714)},
        {t=0.397,cf=CFrame.new(5144.884,1096.108,3629.236,-0.028,0.000,1.000,0.000,1.000,0.000,-1.000,0.000,-0.028),s="Running",v=Vector3.new(-57.626,0.014,1.658)},
        {t=0.402,cf=CFrame.new(5144.625,1096.108,3629.243,-0.028,0.000,1.000,0.000,1.000,0.000,-1.000,0.000,-0.028),s="Running",v=Vector3.new(-58.262,0.012,1.676)},
        {t=0.405,cf=CFrame.new(5144.368,1096.108,3629.250,-0.028,0.000,1.000,0.000,1.000,0.000,-1.000,0.000,-0.028),s="Running",v=Vector3.new(-58.422,0.012,1.681)},
        {t=0.411,cf=CFrame.new(5144.094,1096.108,3629.258,-0.028,0.000,1.000,0.000,1.000,0.000,-1.000,0.000,-0.028),s="Running",v=Vector3.new(-58.461,0.011,1.682)},
        {t=0.415,cf=CFrame.new(5143.841,1096.108,3629.265,-0.028,0.000,1.000,0.000,1.000,0.000,-1.000,0.000,-0.028),s="Running",v=Vector3.new(-58.471,0.011,1.682)},
        {t=0.419,cf=CFrame.new(5143.587,1096.108,3629.272,-0.028,0.000,1.000,0.000,1.000,0.000,-1.000,0.000,-0.028),s="Running",v=Vector3.new(-58.474,0.011,1.686)},
        {t=0.421,cf=CFrame.new(5143.560,1096.108,3629.273,-0.028,0.000,1.000,0.000,1.000,0.000,-1.000,0.000,-0.028),s="Running",v=Vector3.new(-59.599,0.010,1.754)},
        {t=0.427,cf=CFrame.new(5143.078,1096.108,3629.287,-0.028,0.000,1.000,0.000,1.000,0.000,-1.000,0.000,-0.028),s="Running",v=Vector3.new(-57.628,0.011,1.735)},
        {t=0.432,cf=CFrame.new(5142.809,1096.108,3629.295,-0.029,0.000,1.000,0.000,1.000,0.000,-1.000,0.000,-0.029),s="Running",v=Vector3.new(-58.261,0.011,1.771)},
        {t=0.437,cf=CFrame.new(5142.547,1096.108,3629.303,-0.029,0.000,1.000,0.000,1.000,0.000,-1.000,0.000,-0.029),s="Running",v=Vector3.new(-58.419,0.010,1.781)},
        {t=0.440,cf=CFrame.new(5142.293,1096.108,3629.311,-0.029,0.000,1.000,0.000,1.000,0.000,-1.000,0.000,-0.029),s="Running",v=Vector3.new(-58.458,0.010,1.795)},
        {t=0.444,cf=CFrame.new(5142.040,1096.108,3629.318,-0.029,0.000,1.000,0.000,1.000,0.000,-1.000,0.000,-0.029),s="Running",v=Vector3.new(-58.466,0.010,1.843)},
        {t=0.448,cf=CFrame.new(5141.779,1096.108,3629.326,-0.029,0.000,1.000,0.000,1.000,0.000,-1.000,0.000,-0.029),s="Running",v=Vector3.new(-58.468,0.010,1.871)},
        {t=0.452,cf=CFrame.new(5141.532,1096.108,3629.334,-0.029,0.000,1.000,0.000,1.000,0.000,-1.000,0.000,-0.029),s="Running",v=Vector3.new(-58.468,0.010,1.879)},
        {t=0.455,cf=CFrame.new(5141.276,1096.108,3629.342,-0.029,0.000,1.000,0.000,1.000,0.000,-1.000,0.000,-0.029),s="Running",v=Vector3.new(-58.468,0.010,1.883)},
        {t=0.461,cf=CFrame.new(5141.007,1096.108,3629.351,-0.029,0.000,1.000,0.000,1.000,0.000,-1.000,0.000,-0.029),s="Running",v=Vector3.new(-58.468,0.010,1.886)},
        {t=0.464,cf=CFrame.new(5140.759,1096.108,3629.359,-0.030,0.000,1.000,0.000,1.000,0.000,-1.000,0.000,-0.030),s="Running",v=Vector3.new(-58.468,0.010,1.886)},
        {t=0.469,cf=CFrame.new(5140.502,1096.108,3629.367,-0.030,0.000,1.000,0.000,1.000,0.000,-1.000,0.000,-0.030),s="Running",v=Vector3.new(-58.468,0.010,1.887)},
        {t=0.473,cf=CFrame.new(5140.253,1096.108,3629.375,-0.030,0.000,1.000,0.000,1.000,0.000,-1.000,0.000,-0.030),s="Running",v=Vector3.new(-58.468,0.010,1.887)},
        {t=0.478,cf=CFrame.new(5139.984,1096.108,3629.384,-0.030,0.000,1.000,0.000,1.000,0.000,-1.000,0.000,-0.030),s="Running",v=Vector3.new(-58.468,0.010,1.887)},
        {t=0.481,cf=CFrame.new(5139.733,1096.108,3629.392,-0.030,0.000,1.000,0.000,1.000,0.000,-1.000,0.000,-0.030),s="Running",v=Vector3.new(-58.468,0.010,1.887)},
        {t=0.486,cf=CFrame.new(5139.465,1096.108,3629.400,-0.030,0.000,1.000,0.000,1.000,0.000,-1.000,0.000,-0.030),s="Running",v=Vector3.new(-58.468,0.010,1.887)},
        {t=0.490,cf=CFrame.new(5139.211,1096.108,3629.409,-0.030,0.000,1.000,0.000,1.000,0.000,-1.000,0.000,-0.030),s="Running",v=Vector3.new(-58.467,0.010,1.923)},
        {t=0.493,cf=CFrame.new(5138.964,1096.108,3629.417,-0.030,0.000,1.000,0.000,1.000,0.000,-1.000,0.000,-0.030),s="Running",v=Vector3.new(-58.466,0.010,1.955)},
        {t=0.499,cf=CFrame.new(5138.695,1096.108,3629.426,-0.031,0.000,1.000,0.000,1.000,0.000,-1.000,0.000,-0.031),s="Running",v=Vector3.new(-58.465,0.010,1.976)},
        {t=0.503,cf=CFrame.new(5138.446,1096.108,3629.434,-0.031,0.000,1.000,0.000,1.000,0.000,-1.000,0.000,-0.031),s="Running",v=Vector3.new(-58.465,0.010,1.983)},
        {t=0.506,cf=CFrame.new(5138.197,1096.108,3629.442,-0.031,0.000,1.000,0.000,1.000,0.000,-1.000,0.000,-0.031),s="Running",v=Vector3.new(-58.465,0.010,1.986)},
        {t=0.511,cf=CFrame.new(5137.940,1096.108,3629.451,-0.031,0.000,1.000,0.000,1.000,0.000,-1.000,0.000,-0.031),s="Running",v=Vector3.new(-58.465,0.010,1.988)},
        {t=0.514,cf=CFrame.new(5137.694,1096.108,3629.459,-0.031,0.000,1.000,0.000,1.000,0.000,-1.000,0.000,-0.031),s="Running",v=Vector3.new(-58.465,0.010,1.988)},
        {t=0.520,cf=CFrame.new(5137.434,1096.108,3629.468,-0.031,0.000,1.000,0.000,1.000,0.000,-1.000,0.000,-0.031),s="Running",v=Vector3.new(-58.465,0.010,1.989)},
        {t=0.523,cf=CFrame.new(5137.184,1096.108,3629.476,-0.031,0.000,1.000,0.000,1.000,0.000,-1.000,0.000,-0.031),s="Running",v=Vector3.new(-58.465,0.010,1.989)},
        {t=0.528,cf=CFrame.new(5136.929,1096.108,3629.485,-0.031,0.000,1.000,0.000,1.000,0.000,-1.000,0.000,-0.031),s="Running",v=Vector3.new(-58.465,0.010,1.989)},
        {t=0.532,cf=CFrame.new(5136.675,1096.108,3629.493,-0.032,0.000,1.000,0.000,1.000,0.000,-1.000,0.000,-0.032),s="Running",v=Vector3.new(-58.465,0.010,1.989)},
        {t=0.538,cf=CFrame.new(5136.405,1096.108,3629.502,-0.032,0.000,0.999,0.000,1.000,0.000,-0.999,0.000,-0.032),s="Running",v=Vector3.new(-58.465,0.010,1.989)},
        {t=0.544,cf=CFrame.new(5135.930,1096.108,3629.519,-0.032,0.000,0.999,0.000,1.000,0.000,-0.999,0.000,-0.032),s="Running",v=Vector3.new(-57.340,0.011,1.951)},
        {t=0.547,cf=CFrame.new(5135.688,1096.108,3629.527,-0.032,0.000,0.999,0.000,1.000,0.000,-0.999,0.000,-0.032),s="Running",v=Vector3.new(-58.184,0.010,1.979)},
        {t=0.554,cf=CFrame.new(5135.403,1096.108,3629.536,-0.032,0.000,0.999,0.000,1.000,0.000,-0.999,0.000,-0.032),s="Running",v=Vector3.new(-58.395,0.010,1.986)},
        {t=0.558,cf=CFrame.new(5135.150,1096.108,3629.545,-0.032,0.000,0.999,0.000,1.000,0.000,-0.999,0.000,-0.032),s="Running",v=Vector3.new(-58.447,0.010,1.988)},
        {t=0.564,cf=CFrame.new(5134.677,1096.108,3629.561,-0.032,0.000,0.999,0.000,1.000,0.000,-0.999,0.000,-0.032),s="Running",v=Vector3.new(-57.335,0.011,1.950)},
        {t=0.571,cf=CFrame.new(5134.410,1096.108,3629.570,-0.032,0.000,0.999,0.000,1.000,0.000,-0.999,0.000,-0.032),s="Running",v=Vector3.new(-58.183,0.010,1.979)},
        {t=0.577,cf=CFrame.new(5133.940,1096.108,3629.586,-0.032,0.000,0.999,0.000,1.000,0.000,-0.999,0.000,-0.032),s="Running",v=Vector3.new(-57.269,0.011,1.948)},
        {t=0.581,cf=CFrame.new(5133.699,1096.108,3629.594,-0.033,0.000,0.999,0.000,1.000,0.000,-0.999,0.000,-0.033),s="Running",v=Vector3.new(-58.166,0.010,1.979)},
        {t=0.584,cf=CFrame.new(5133.460,1096.108,3629.602,-0.033,0.000,0.999,0.000,1.000,0.000,-0.999,0.000,-0.033),s="Running",v=Vector3.new(-58.390,0.010,1.986)},
        {t=0.590,cf=CFrame.new(5133.203,1096.108,3629.611,-0.033,0.000,0.999,0.000,1.000,0.000,-0.999,0.000,-0.033),s="Running",v=Vector3.new(-58.446,0.010,1.988)},
        {t=0.594,cf=CFrame.new(5132.952,1096.108,3629.620,-0.033,0.000,0.999,0.000,1.000,0.000,-0.999,0.000,-0.033),s="Running",v=Vector3.new(-58.460,0.010,1.989)},
        {t=0.597,cf=CFrame.new(5132.709,1096.108,3629.628,-0.033,0.000,0.999,0.000,1.000,0.000,-0.999,0.000,-0.033),s="Running",v=Vector3.new(-58.464,0.010,1.989)},
        {t=0.601,cf=CFrame.new(5132.462,1096.108,3629.636,-0.033,0.000,0.999,0.000,1.000,0.000,-0.999,0.000,-0.033),s="Running",v=Vector3.new(-58.465,0.010,1.989)},
        {t=0.606,cf=CFrame.new(5132.204,1096.108,3629.645,-0.033,0.000,0.999,0.000,1.000,0.000,-0.999,0.000,-0.033),s="Running",v=Vector3.new(-58.465,0.010,1.989)},
        {t=0.610,cf=CFrame.new(5131.961,1096.108,3629.653,-0.033,0.000,0.999,0.000,1.000,0.000,-0.999,0.000,-0.033),s="Running",v=Vector3.new(-58.465,0.010,1.989)},
        {t=0.614,cf=CFrame.new(5131.705,1096.108,3629.662,-0.033,0.000,0.999,0.000,1.000,0.000,-0.999,0.000,-0.033),s="Running",v=Vector3.new(-58.463,0.010,2.036)},
        {t=0.621,cf=CFrame.new(5131.436,1096.108,3629.671,-0.033,0.000,0.999,0.000,1.000,0.000,-0.999,0.000,-0.033),s="Running",v=Vector3.new(-58.462,0.010,2.071)},
        {t=0.624,cf=CFrame.new(5131.191,1096.108,3629.680,-0.033,0.000,0.999,0.000,1.000,0.000,-0.999,0.000,-0.033),s="Running",v=Vector3.new(-58.462,0.010,2.083)},
        {t=0.627,cf=CFrame.new(5130.949,1096.108,3629.689,-0.033,0.000,0.999,0.000,1.000,0.000,-0.999,0.000,-0.033),s="Running",v=Vector3.new(-58.462,0.010,2.087)},
        {t=0.631,cf=CFrame.new(5130.702,1096.108,3629.698,-0.033,0.000,0.999,0.000,1.000,0.000,-0.999,0.000,-0.033),s="Running",v=Vector3.new(-58.461,0.010,2.089)},
        {t=0.636,cf=CFrame.new(5130.448,1096.108,3629.707,-0.034,0.000,0.999,0.000,1.000,0.000,-0.999,0.000,-0.034),s="Running",v=Vector3.new(-58.461,0.010,2.090)},
        {t=0.639,cf=CFrame.new(5130.207,1096.108,3629.715,-0.034,0.000,0.999,0.000,1.000,0.000,-0.999,0.000,-0.034),s="Running",v=Vector3.new(-58.461,0.010,2.091)},
        {t=0.643,cf=CFrame.new(5129.960,1096.108,3629.724,-0.034,0.000,0.999,0.000,1.000,0.000,-0.999,0.000,-0.034),s="Running",v=Vector3.new(-58.461,0.010,2.091)},
        {t=0.647,cf=CFrame.new(5129.716,1096.108,3629.733,-0.034,0.000,0.999,0.000,1.000,0.000,-0.999,0.000,-0.034),s="Running",v=Vector3.new(-58.460,0.010,2.122)},
        {t=0.654,cf=CFrame.new(5129.454,1096.108,3629.742,-0.034,0.000,0.999,0.000,1.000,0.000,-0.999,0.000,-0.034),s="Running",v=Vector3.new(-58.459,0.010,2.166)},
        {t=0.656,cf=CFrame.new(5129.217,1096.108,3629.751,-0.034,0.000,0.999,0.000,1.000,0.000,-0.999,0.000,-0.034),s="Running",v=Vector3.new(-58.458,0.010,2.181)},
        {t=0.660,cf=CFrame.new(5128.972,1096.108,3629.760,-0.034,0.000,0.999,0.000,1.000,0.000,-0.999,0.000,-0.034),s="Running",v=Vector3.new(-58.458,0.010,2.188)},
        {t=0.664,cf=CFrame.new(5128.726,1096.108,3629.769,-0.035,0.000,0.999,0.000,1.000,0.000,-0.999,0.000,-0.035),s="Running",v=Vector3.new(-58.456,0.010,2.230)},
        {t=0.668,cf=CFrame.new(5128.481,1096.108,3629.778,-0.035,0.000,0.999,0.000,1.000,0.000,-0.999,0.000,-0.035),s="Running",v=Vector3.new(-58.455,0.010,2.263)},
        {t=0.672,cf=CFrame.new(5128.233,1096.108,3629.788,-0.035,0.000,0.999,0.000,1.000,0.000,-0.999,0.000,-0.035),s="Running",v=Vector3.new(-58.454,0.010,2.282)},
        {t=0.677,cf=CFrame.new(5127.985,1096.108,3629.798,-0.035,0.000,0.999,0.000,1.000,0.000,-0.999,0.000,-0.035),s="Running",v=Vector3.new(-58.454,0.010,2.290)},
        {t=0.681,cf=CFrame.new(5127.726,1096.108,3629.808,-0.035,0.000,0.999,0.000,1.000,0.000,-0.999,0.000,-0.035),s="Running",v=Vector3.new(-58.454,0.010,2.294)},
        {t=0.686,cf=CFrame.new(5127.475,1096.108,3629.818,-0.035,0.000,0.999,0.000,1.000,0.000,-0.999,0.000,-0.035),s="Running",v=Vector3.new(-58.454,0.010,2.295)},
        {t=0.690,cf=CFrame.new(5127.226,1096.108,3629.828,-0.036,0.000,0.999,0.000,1.000,0.000,-0.999,0.000,-0.036),s="Running",v=Vector3.new(-58.454,0.010,2.295)},
        {t=0.695,cf=CFrame.new(5126.972,1096.108,3629.838,-0.036,0.000,0.999,0.000,1.000,0.000,-0.999,0.000,-0.036),s="Running",v=Vector3.new(-58.454,0.010,2.295)},
        {t=0.697,cf=CFrame.new(5126.731,1096.108,3629.847,-0.036,0.000,0.999,0.000,1.000,0.000,-0.999,0.000,-0.036),s="Running",v=Vector3.new(-58.454,0.010,2.295)},
        {t=0.702,cf=CFrame.new(5126.475,1096.108,3629.857,-0.036,0.000,0.999,0.000,1.000,0.000,-0.999,0.000,-0.036),s="Running",v=Vector3.new(-58.454,0.010,2.295)},
        {t=0.706,cf=CFrame.new(5126.234,1096.108,3629.866,-0.036,0.000,0.999,0.000,1.000,0.000,-0.999,0.000,-0.036),s="Running",v=Vector3.new(-58.454,0.010,2.295)},
        {t=0.711,cf=CFrame.new(5125.974,1096.108,3629.876,-0.036,0.000,0.999,0.000,1.000,0.000,-0.999,0.000,-0.036),s="Running",v=Vector3.new(-58.454,0.010,2.295)},
        {t=0.716,cf=CFrame.new(5125.709,1096.108,3629.887,-0.036,0.000,0.999,0.000,1.000,0.000,-0.999,0.000,-0.036),s="Running",v=Vector3.new(-58.454,0.010,2.295)},
        {t=0.718,cf=CFrame.new(5125.470,1096.108,3629.896,-0.037,0.000,0.999,0.000,1.000,0.000,-0.999,0.000,-0.037),s="Running",v=Vector3.new(-58.454,0.010,2.295)},
        {t=0.722,cf=CFrame.new(5125.227,1096.108,3629.906,-0.037,0.000,0.999,0.000,1.000,0.000,-0.999,0.000,-0.037),s="Running",v=Vector3.new(-58.454,0.010,2.295)},
        {t=0.726,cf=CFrame.new(5124.976,1096.108,3629.915,-0.037,0.000,0.999,0.000,1.000,0.000,-0.999,0.000,-0.037),s="Running",v=Vector3.new(-58.454,0.010,2.295)},
        {t=0.730,cf=CFrame.new(5124.723,1096.108,3629.925,-0.037,0.000,0.999,0.000,1.000,0.000,-0.999,0.000,-0.037),s="Running",v=Vector3.new(-58.454,0.010,2.295)},
        {t=0.735,cf=CFrame.new(5124.461,1096.108,3629.935,-0.037,0.000,0.999,0.000,1.000,0.000,-0.999,0.000,-0.037),s="Running",v=Vector3.new(-58.452,0.010,2.328)},
        {t=0.739,cf=CFrame.new(5124.204,1096.108,3629.946,-0.037,0.000,0.999,0.000,1.000,0.000,-0.999,0.000,-0.037),s="Running",v=Vector3.new(-58.451,0.010,2.366)},
        {t=0.743,cf=CFrame.new(5123.952,1096.108,3629.956,-0.037,0.000,0.999,0.000,1.000,0.000,-0.999,0.000,-0.037),s="Running",v=Vector3.new(-58.450,0.010,2.383)},
        {t=0.748,cf=CFrame.new(5123.699,1096.108,3629.966,-0.038,0.000,0.999,0.000,1.000,0.000,-0.999,0.000,-0.038),s="Running",v=Vector3.new(-58.450,0.010,2.391)},
        {t=0.752,cf=CFrame.new(5123.441,1096.108,3629.977,-0.038,0.000,0.999,0.000,1.000,0.000,-0.999,0.000,-0.038),s="Running",v=Vector3.new(-58.450,0.010,2.395)},
        {t=0.755,cf=CFrame.new(5123.201,1096.108,3629.986,-0.038,0.000,0.999,0.000,1.000,0.000,-0.999,0.000,-0.038),s="Running",v=Vector3.new(-58.450,0.010,2.396)},
        {t=0.760,cf=CFrame.new(5122.940,1096.108,3629.997,-0.038,0.000,0.999,0.000,1.000,0.000,-0.999,0.000,-0.038),s="Running",v=Vector3.new(-58.450,0.010,2.397)},
        {t=0.764,cf=CFrame.new(5122.692,1096.108,3630.007,-0.038,0.000,0.999,0.000,1.000,0.000,-0.999,0.000,-0.038),s="Running",v=Vector3.new(-58.450,0.010,2.397)},
        {t=0.770,cf=CFrame.new(5122.433,1096.108,3630.018,-0.038,0.000,0.999,0.000,1.000,0.000,-0.999,0.000,-0.038),s="Running",v=Vector3.new(-58.450,0.010,2.397)},
        {t=0.772,cf=CFrame.new(5122.191,1096.108,3630.028,-0.038,0.000,0.999,0.000,1.000,0.000,-0.999,0.000,-0.038),s="Running",v=Vector3.new(-58.450,0.010,2.397)},
        {t=0.777,cf=CFrame.new(5121.943,1096.108,3630.038,-0.038,0.000,0.999,0.000,1.000,0.000,-0.999,0.000,-0.038),s="Running",v=Vector3.new(-58.450,0.010,2.397)},
        {t=0.781,cf=CFrame.new(5121.692,1096.108,3630.048,-0.039,0.000,0.999,0.000,1.000,0.000,-0.999,0.000,-0.039),s="Running",v=Vector3.new(-58.450,0.010,2.397)},
        {t=0.785,cf=CFrame.new(5121.447,1096.108,3630.058,-0.039,0.000,0.999,0.000,1.000,0.000,-0.999,0.000,-0.039),s="Running",v=Vector3.new(-58.450,0.010,2.397)},
        {t=0.789,cf=CFrame.new(5121.202,1096.108,3630.068,-0.039,0.000,0.999,0.000,1.000,0.000,-0.999,0.000,-0.039),s="Running",v=Vector3.new(-58.450,0.010,2.397)},
        {t=0.793,cf=CFrame.new(5120.956,1096.108,3630.078,-0.039,0.000,0.999,0.000,1.000,0.000,-0.999,0.000,-0.039),s="Running",v=Vector3.new(-58.450,0.010,2.397)},
        {t=0.797,cf=CFrame.new(5120.711,1096.108,3630.088,-0.039,0.000,0.999,0.000,1.000,0.000,-0.999,0.000,-0.039),s="Running",v=Vector3.new(-58.450,0.010,2.397)},
        {t=0.801,cf=CFrame.new(5120.461,1096.108,3630.099,-0.039,0.000,0.999,0.000,1.000,0.000,-0.999,0.000,-0.039),s="Running",v=Vector3.new(-58.450,0.010,2.397)},
        {t=0.806,cf=CFrame.new(5120.201,1096.108,3630.109,-0.039,0.000,0.999,0.000,1.000,0.000,-0.999,0.000,-0.039),s="Running",v=Vector3.new(-58.450,0.010,2.397)},
        {t=0.810,cf=CFrame.new(5119.947,1096.108,3630.120,-0.039,0.000,0.999,0.000,1.000,0.000,-0.999,0.000,-0.039),s="Running",v=Vector3.new(-58.450,0.010,2.397)},
        {t=0.815,cf=CFrame.new(5119.689,1096.108,3630.130,-0.039,0.000,0.999,0.000,1.000,0.000,-0.999,0.000,-0.039),s="Running",v=Vector3.new(-58.450,0.010,2.397)},
        {t=0.818,cf=CFrame.new(5119.445,1096.108,3630.140,-0.039,0.000,0.999,0.000,1.000,0.000,-0.999,0.000,-0.039),s="Running",v=Vector3.new(-58.450,0.010,2.397)},
        {t=0.823,cf=CFrame.new(5119.192,1096.108,3630.151,-0.039,0.000,0.999,0.000,1.000,0.000,-0.999,0.000,-0.039),s="Running",v=Vector3.new(-58.450,0.010,2.397)},
        {t=0.828,cf=CFrame.new(5118.936,1096.108,3630.161,-0.039,0.000,0.999,0.000,1.000,0.000,-0.999,0.000,-0.039),s="Running",v=Vector3.new(-58.450,0.010,2.397)},
        {t=0.831,cf=CFrame.new(5118.692,1096.108,3630.171,-0.039,0.000,0.999,0.000,1.000,0.000,-0.999,0.000,-0.039),s="Running",v=Vector3.new(-58.450,0.010,2.397)},
        {t=0.836,cf=CFrame.new(5118.444,1096.108,3630.182,-0.040,0.000,0.999,0.000,1.000,0.000,-0.999,0.000,-0.040),s="Running",v=Vector3.new(-58.450,0.010,2.397)},
        {t=0.838,cf=CFrame.new(5118.207,1096.108,3630.191,-0.040,0.000,0.999,0.000,1.000,0.000,-0.999,0.000,-0.040),s="Running",v=Vector3.new(-58.450,0.010,2.397)},
        {t=0.843,cf=CFrame.new(5117.957,1096.108,3630.202,-0.040,0.000,0.999,0.000,1.000,0.000,-0.999,0.000,-0.040),s="Running",v=Vector3.new(-58.450,0.010,2.397)},
        {t=0.847,cf=CFrame.new(5117.713,1096.108,3630.212,-0.040,0.000,0.999,0.000,1.000,0.000,-0.999,0.000,-0.040),s="Running",v=Vector3.new(-58.450,0.010,2.397)},
        {t=0.851,cf=CFrame.new(5117.466,1096.108,3630.222,-0.040,0.000,0.999,0.000,1.000,0.000,-0.999,0.000,-0.040),s="Running",v=Vector3.new(-58.450,0.010,2.397)},
        {t=0.858,cf=CFrame.new(5117.190,1096.108,3630.233,-0.040,0.000,0.999,0.000,1.000,0.000,-0.999,0.000,-0.040),s="Running",v=Vector3.new(-58.450,0.010,2.397)},
        {t=0.861,cf=CFrame.new(5116.946,1096.108,3630.243,-0.040,0.000,0.999,0.000,1.000,0.000,-0.999,0.000,-0.040),s="Running",v=Vector3.new(-58.450,0.010,2.397)},
        {t=0.864,cf=CFrame.new(5116.707,1096.108,3630.253,-0.040,0.000,0.999,0.000,1.000,0.000,-0.999,0.000,-0.040),s="Running",v=Vector3.new(-58.450,0.010,2.397)},
        {t=0.869,cf=CFrame.new(5116.453,1096.108,3630.263,-0.040,0.000,0.999,0.000,1.000,0.000,-0.999,0.000,-0.040),s="Running",v=Vector3.new(-58.450,0.010,2.397)},
        {t=0.873,cf=CFrame.new(5116.199,1096.108,3630.274,-0.040,0.000,0.999,0.000,1.000,0.000,-0.999,0.000,-0.040),s="Running",v=Vector3.new(-58.450,0.010,2.397)},
        {t=0.876,cf=CFrame.new(5115.959,1096.108,3630.284,-0.040,0.000,0.999,0.000,1.000,0.000,-0.999,0.000,-0.040),s="Running",v=Vector3.new(-58.450,0.010,2.397)},
        {t=0.881,cf=CFrame.new(5115.711,1096.108,3630.294,-0.040,0.000,0.999,0.000,1.000,0.000,-0.999,0.000,-0.040),s="Running",v=Vector3.new(-58.450,0.010,2.397)},
        {t=0.884,cf=CFrame.new(5115.463,1096.108,3630.304,-0.040,0.000,0.999,0.000,1.000,0.000,-0.999,0.000,-0.040),s="Running",v=Vector3.new(-58.450,0.010,2.397)},
        {t=0.889,cf=CFrame.new(5115.207,1096.108,3630.315,-0.040,0.000,0.999,0.000,1.000,0.000,-0.999,0.000,-0.040),s="Running",v=Vector3.new(-58.450,0.010,2.397)},
        {t=0.893,cf=CFrame.new(5114.949,1096.108,3630.325,-0.040,0.000,0.999,0.000,1.000,0.000,-0.999,0.000,-0.040),s="Running",v=Vector3.new(-58.450,0.010,2.397)},
        {t=0.898,cf=CFrame.new(5114.688,1096.108,3630.336,-0.040,0.000,0.999,0.000,1.000,0.000,-0.999,0.000,-0.040),s="Running",v=Vector3.new(-58.450,0.010,2.397)},
        {t=0.901,cf=CFrame.new(5114.445,1096.108,3630.346,-0.040,0.000,0.999,0.000,1.000,0.000,-0.999,0.000,-0.040),s="Running",v=Vector3.new(-58.450,0.010,2.397)},
        {t=0.905,cf=CFrame.new(5114.194,1096.108,3630.356,-0.040,0.000,0.999,0.000,1.000,0.000,-0.999,0.000,-0.040),s="Running",v=Vector3.new(-58.450,0.010,2.397)},
        {t=0.910,cf=CFrame.new(5113.943,1096.108,3630.366,-0.040,0.000,0.999,0.000,1.000,0.000,-0.999,0.000,-0.040),s="Running",v=Vector3.new(-58.450,0.010,2.397)},
        {t=0.917,cf=CFrame.new(5113.674,1096.108,3630.377,-0.040,0.000,0.999,0.000,1.000,0.000,-0.999,0.000,-0.040),s="Running",v=Vector3.new(-58.450,0.010,2.397)},
        {t=0.921,cf=CFrame.new(5113.414,1096.108,3630.388,-0.040,0.000,0.999,0.000,1.000,0.000,-0.999,0.000,-0.040),s="Running",v=Vector3.new(-58.450,0.010,2.397)},
        {t=0.925,cf=CFrame.new(5113.160,1096.108,3630.399,-0.040,0.000,0.999,0.000,1.000,0.000,-0.999,0.000,-0.040),s="Running",v=Vector3.new(-58.450,0.010,2.397)},
        {t=0.931,cf=CFrame.new(5112.703,1096.108,3630.417,-0.040,0.000,0.999,0.000,1.000,0.000,-0.999,0.000,-0.040),s="Running",v=Vector3.new(-57.325,0.011,2.351)},
        {t=0.936,cf=CFrame.new(5112.445,1096.108,3630.428,-0.040,0.000,0.999,0.000,1.000,0.000,-0.999,0.000,-0.040),s="Running",v=Vector3.new(-58.168,0.010,2.386)},
        {t=0.946,cf=CFrame.new(5111.936,1096.108,3630.449,-0.041,0.000,0.999,0.000,1.000,0.000,-0.999,0.000,-0.041),s="Running",v=Vector3.new(-57.254,0.011,2.348)},
        {t=0.949,cf=CFrame.new(5111.694,1096.108,3630.458,-0.041,0.000,0.999,0.000,1.000,0.000,-0.999,0.000,-0.041),s="Running",v=Vector3.new(-58.151,0.010,2.385)},
        {t=0.960,cf=CFrame.new(5111.003,1096.108,3630.487,-0.041,0.000,0.999,0.000,1.000,0.000,-0.999,0.000,-0.041),s="Running",v=Vector3.new(-56.125,0.011,2.302)},
        {t=0.965,cf=CFrame.new(5110.751,1096.108,3630.497,-0.041,0.000,0.999,0.000,1.000,0.000,-0.999,0.000,-0.041),s="Running",v=Vector3.new(-57.868,0.010,2.373)},
        {t=0.972,cf=CFrame.new(5110.287,1096.108,3630.516,-0.041,0.000,0.999,0.000,1.000,0.000,-0.999,0.000,-0.041),s="Running",v=Vector3.new(-57.179,0.011,2.345)},
        {t=0.975,cf=CFrame.new(5110.268,1096.108,3630.516,-0.041,0.000,0.999,0.000,1.000,0.000,-0.999,0.000,-0.041),s="Running",v=Vector3.new(-59.257,0.010,2.430)},
        {t=0.978,cf=CFrame.new(5110.019,1096.108,3630.526,-0.041,0.000,0.999,0.000,1.000,0.000,-0.999,0.000,-0.041),s="Running",v=Vector3.new(-58.651,0.010,2.406)},
        {t=0.982,cf=CFrame.new(5109.768,1096.108,3630.537,-0.041,0.000,0.999,0.000,1.000,0.000,-0.999,0.000,-0.041),s="Running",v=Vector3.new(-58.500,0.010,2.399)},
        {t=0.984,cf=CFrame.new(5109.529,1096.108,3630.546,-0.041,0.000,0.999,0.000,1.000,0.000,-0.999,0.000,-0.041),s="Running",v=Vector3.new(-58.462,0.010,2.398)},
        {t=0.989,cf=CFrame.new(5109.269,1096.108,3630.557,-0.041,0.000,0.999,0.000,1.000,0.000,-0.999,0.000,-0.041),s="Running",v=Vector3.new(-58.453,0.010,2.397)},
        {t=0.994,cf=CFrame.new(5109.013,1096.108,3630.568,-0.041,0.000,0.999,0.000,1.000,0.000,-0.999,0.000,-0.041),s="Running",v=Vector3.new(-58.450,0.010,2.397)},
        {t=0.998,cf=CFrame.new(5108.759,1096.108,3630.578,-0.041,0.000,0.999,0.000,1.000,0.000,-0.999,0.000,-0.041),s="Running",v=Vector3.new(-58.450,0.010,2.397)},
        {t=1.003,cf=CFrame.new(5108.499,1096.108,3630.589,-0.041,0.000,0.999,0.000,1.000,0.000,-0.999,0.000,-0.041),s="Running",v=Vector3.new(-58.450,0.010,2.397)},
        {t=1.006,cf=CFrame.new(5108.254,1096.108,3630.599,-0.041,0.000,0.999,0.000,1.000,0.000,-0.999,0.000,-0.041),s="Running",v=Vector3.new(-58.450,0.010,2.397)},
        {t=1.010,cf=CFrame.new(5108.003,1096.108,3630.609,-0.041,0.000,0.999,0.000,1.000,0.000,-0.999,0.000,-0.041),s="Running",v=Vector3.new(-58.450,0.010,2.397)},
        {t=1.015,cf=CFrame.new(5107.749,1096.108,3630.620,-0.041,0.000,0.999,0.000,1.000,0.000,-0.999,0.000,-0.041),s="Running",v=Vector3.new(-58.450,0.010,2.397)},
        {t=1.020,cf=CFrame.new(5107.488,1096.108,3630.630,-0.041,0.000,0.999,0.000,1.000,0.000,-0.999,0.000,-0.041),s="Running",v=Vector3.new(-58.450,0.010,2.397)},
        {t=1.023,cf=CFrame.new(5107.243,1096.108,3630.640,-0.041,0.000,0.999,0.000,1.000,0.000,-0.999,0.000,-0.041),s="Running",v=Vector3.new(-58.450,0.010,2.397)},
        {t=1.027,cf=CFrame.new(5106.992,1096.108,3630.651,-0.041,0.000,0.999,0.000,1.000,0.000,-0.999,0.000,-0.041),s="Running",v=Vector3.new(-58.450,0.010,2.397)},
        {t=1.030,cf=CFrame.new(5106.747,1096.108,3630.661,-0.041,0.000,0.999,0.000,1.000,0.000,-0.999,0.000,-0.041),s="Running",v=Vector3.new(-58.450,0.010,2.397)},
        {t=1.036,cf=CFrame.new(5106.486,1096.108,3630.671,-0.041,0.000,0.999,0.000,1.000,0.000,-0.999,0.000,-0.041),s="Running",v=Vector3.new(-58.450,0.010,2.397)},
        {t=1.039,cf=CFrame.new(5106.241,1096.108,3630.681,-0.041,0.000,0.999,0.000,1.000,0.000,-0.999,0.000,-0.041),s="Running",v=Vector3.new(-58.450,0.010,2.397)},
        {t=1.044,cf=CFrame.new(5105.973,1096.108,3630.692,-0.041,0.000,0.999,0.000,1.000,0.000,-0.999,0.000,-0.041),s="Running",v=Vector3.new(-58.450,0.010,2.397)},
        {t=1.049,cf=CFrame.new(5105.716,1096.108,3630.703,-0.041,0.000,0.999,0.000,1.000,0.000,-0.999,0.000,-0.041),s="Running",v=Vector3.new(-58.450,0.010,2.397)},
        {t=1.052,cf=CFrame.new(5105.475,1096.108,3630.713,-0.041,0.000,0.999,0.000,1.000,0.000,-0.999,0.000,-0.041),s="Running",v=Vector3.new(-58.450,0.010,2.397)},
        {t=1.056,cf=CFrame.new(5105.222,1096.108,3630.723,-0.041,0.000,0.999,0.000,1.000,0.000,-0.999,0.000,-0.041),s="Running",v=Vector3.new(-58.450,0.010,2.397)},
        {t=1.061,cf=CFrame.new(5104.973,1096.108,3630.734,-0.041,0.000,0.999,0.000,1.000,0.000,-0.999,0.000,-0.041),s="Running",v=Vector3.new(-58.450,0.010,2.397)},
        {t=1.065,cf=CFrame.new(5104.720,1096.108,3630.744,-0.041,0.000,0.999,0.000,1.000,0.000,-0.999,0.000,-0.041),s="Running",v=Vector3.new(-58.448,0.010,2.447)},
        {t=1.073,cf=CFrame.new(5104.482,1096.108,3630.754,-0.041,0.000,0.999,0.000,1.000,0.000,-0.999,0.000,-0.041),s="Running",v=Vector3.new(-58.447,0.010,2.468)},
        {t=1.077,cf=CFrame.new(5103.989,1096.108,3630.775,-0.041,0.000,0.999,0.000,1.000,0.000,-0.999,0.000,-0.041),s="Running",v=Vector3.new(-57.321,0.011,2.443)},
        {t=1.081,cf=CFrame.new(5103.739,1096.108,3630.785,-0.041,0.000,0.999,0.000,1.000,0.000,-0.999,0.000,-0.041),s="Running",v=Vector3.new(-58.164,0.010,2.485)},
        {t=1.086,cf=CFrame.new(5103.479,1096.108,3630.796,-0.041,0.000,0.999,0.000,1.000,0.000,-0.999,0.000,-0.041),s="Running",v=Vector3.new(-58.375,0.010,2.496)},
        {t=1.089,cf=CFrame.new(5103.237,1096.108,3630.807,-0.041,0.000,0.999,0.000,1.000,0.000,-0.999,0.000,-0.041),s="Running",v=Vector3.new(-58.428,0.010,2.504)},
        {t=1.094,cf=CFrame.new(5102.979,1096.108,3630.818,-0.042,0.000,0.999,0.000,1.000,0.000,-0.999,0.000,-0.042),s="Running",v=Vector3.new(-58.439,0.010,2.554)},
        {t=1.097,cf=CFrame.new(5102.731,1096.108,3630.828,-0.042,0.000,0.999,0.000,1.000,0.000,-0.999,0.000,-0.042),s="Running",v=Vector3.new(-58.441,0.010,2.580)},
        {t=1.102,cf=CFrame.new(5102.478,1096.108,3630.840,-0.042,0.000,0.999,0.000,1.000,0.000,-0.999,0.000,-0.042),s="Running",v=Vector3.new(-58.441,0.010,2.593)},
        {t=1.106,cf=CFrame.new(5102.231,1096.108,3630.851,-0.042,0.000,0.999,0.000,1.000,0.000,-0.999,0.000,-0.042),s="Running",v=Vector3.new(-58.441,0.010,2.598)},
        {t=1.110,cf=CFrame.new(5101.978,1096.108,3630.862,-0.042,0.000,0.999,0.000,1.000,0.000,-0.999,0.000,-0.042),s="Running",v=Vector3.new(-58.441,0.010,2.600)},
        {t=1.115,cf=CFrame.new(5101.729,1096.108,3630.873,-0.042,0.000,0.999,0.000,1.000,0.000,-0.999,0.000,-0.042),s="Running",v=Vector3.new(-58.441,0.010,2.601)},
        {t=1.119,cf=CFrame.new(5101.483,1096.108,3630.884,-0.042,0.000,0.999,0.000,1.000,0.000,-0.999,0.000,-0.042),s="Running",v=Vector3.new(-58.441,0.010,2.601)},
        {t=1.123,cf=CFrame.new(5101.224,1096.108,3630.895,-0.042,0.000,0.999,0.000,1.000,0.000,-0.999,0.000,-0.042),s="Running",v=Vector3.new(-58.441,0.010,2.601)},
        {t=1.127,cf=CFrame.new(5100.978,1096.108,3630.906,-0.042,0.000,0.999,0.000,1.000,0.000,-0.999,0.000,-0.042),s="Running",v=Vector3.new(-58.441,0.010,2.601)},
        {t=1.131,cf=CFrame.new(5100.723,1096.108,3630.917,-0.042,0.000,0.999,0.000,1.000,0.000,-0.999,0.000,-0.042),s="Running",v=Vector3.new(-58.441,0.010,2.601)},
