-- CFrame Auto Walk Recording
-- Total Frames: 6324
-- Recorded HipHeight: 5.058475494384766

return {
    hipHeight = 5.058475494384766,
    frames = {
        {t=0.005,cf=CFrame.new(7721.768,1096.108,-361.347,-0.972,0.000,-0.234,0.000,1.000,0.000,0.234,0.000,-0.972),s="Running",v=Vector3.new(0.000,0.010,0.000)},
        {t=0.008,cf=CFrame.new(7721.768,1096.108,-361.347,-0.972,0.000,-0.234,0.000,1.000,0.000,0.234,0.000,-0.972),s="Running",v=Vector3.new(0.000,0.010,0.000)},
        {t=0.013,cf=CFrame.new(7721.768,1096.108,-361.347,-0.972,0.000,-0.234,0.000,1.000,0.000,0.234,0.000,-0.972),s="Running",v=Vector3.new(0.000,0.010,0.000)},
        {t=0.017,cf=CFrame.new(7721.768,1096.108,-361.347,-0.972,0.000,-0.234,0.000,1.000,0.000,0.234,0.000,-0.972),s="Running",v=Vector3.new(0.000,0.010,0.000)},
        {t=0.021,cf=CFrame.new(7721.768,1096.108,-361.347,-0.972,0.000,-0.234,0.000,1.000,0.000,0.234,0.000,-0.972),s="Running",v=Vector3.new(0.000,0.010,0.000)},
        {t=0.025,cf=CFrame.new(7721.768,1096.108,-361.347,-0.972,0.000,-0.234,0.000,1.000,0.000,0.234,0.000,-0.972),s="Running",v=Vector3.new(0.000,0.010,0.000)},
        {t=0.028,cf=CFrame.new(7721.768,1096.108,-361.347,-0.972,0.000,-0.234,0.000,1.000,0.000,0.234,0.000,-0.972),s="Running",v=Vector3.new(0.000,0.010,0.000)},
        {t=0.032,cf=CFrame.new(7721.768,1096.108,-361.347,-0.972,0.000,-0.234,0.000,1.000,0.000,0.234,0.000,-0.972),s="Running",v=Vector3.new(0.000,0.010,0.000)},
        {t=0.036,cf=CFrame.new(7721.768,1096.108,-361.347,-0.972,0.000,-0.234,0.000,1.000,0.000,0.234,0.000,-0.972),s="Running",v=Vector3.new(0.000,0.010,0.000)},
        {t=0.040,cf=CFrame.new(7721.768,1096.108,-361.347,-0.972,0.000,-0.234,0.000,1.000,0.000,0.234,0.000,-0.972),s="Running",v=Vector3.new(0.000,0.010,0.000)},
        {t=0.045,cf=CFrame.new(7721.768,1096.108,-361.347,-0.972,0.000,-0.234,0.000,1.000,0.000,0.234,0.000,-0.972),s="Running",v=Vector3.new(0.000,0.010,0.000)},
        {t=0.050,cf=CFrame.new(7721.768,1096.108,-361.347,-0.972,0.000,-0.234,0.000,1.000,0.000,0.234,0.000,-0.972),s="Running",v=Vector3.new(0.000,0.010,0.000)},
        {t=0.055,cf=CFrame.new(7721.768,1096.108,-361.347,-0.972,0.000,-0.234,0.000,1.000,0.000,0.234,0.000,-0.972),s="Running",v=Vector3.new(0.000,0.010,0.000)},
        {t=0.060,cf=CFrame.new(7721.768,1096.108,-361.347,-0.972,0.000,-0.234,0.000,1.000,0.000,0.234,0.000,-0.972),s="Running",v=Vector3.new(0.000,0.010,0.000)},
        {t=0.065,cf=CFrame.new(7721.768,1096.108,-361.347,-0.972,0.000,-0.234,0.000,1.000,0.000,0.234,0.000,-0.972),s="Running",v=Vector3.new(0.000,0.010,0.000)},
        {t=0.069,cf=CFrame.new(7721.768,1096.108,-361.347,-0.972,0.000,-0.234,0.000,1.000,0.000,0.234,0.000,-0.972),s="Running",v=Vector3.new(0.000,0.010,0.000)},
        {t=0.073,cf=CFrame.new(7721.768,1096.108,-361.347,-0.972,0.000,-0.234,0.000,1.000,0.000,0.234,0.000,-0.972),s="Running",v=Vector3.new(0.000,0.010,0.000)},
        {t=0.078,cf=CFrame.new(7721.768,1096.108,-361.347,-0.972,0.000,-0.234,0.000,1.000,0.000,0.234,0.000,-0.972),s="Running",v=Vector3.new(0.000,0.010,0.000)},
        {t=0.082,cf=CFrame.new(7721.768,1096.108,-361.347,-0.972,0.000,-0.234,0.000,1.000,0.000,0.234,0.000,-0.972),s="Running",v=Vector3.new(0.000,0.010,0.000)},
        {t=0.086,cf=CFrame.new(7721.768,1096.108,-361.347,-0.972,0.000,-0.234,0.000,1.000,0.000,0.234,0.000,-0.972),s="Running",v=Vector3.new(0.000,0.010,0.000)},
        {t=0.090,cf=CFrame.new(7721.768,1096.108,-361.347,-0.972,0.000,-0.234,0.000,1.000,0.000,0.234,0.000,-0.972),s="Running",v=Vector3.new(0.000,0.010,0.000)},
        {t=0.094,cf=CFrame.new(7721.768,1096.108,-361.347,-0.972,0.000,-0.234,0.000,1.000,0.000,0.234,0.000,-0.972),s="Running",v=Vector3.new(0.000,0.010,0.000)},
        {t=0.098,cf=CFrame.new(7721.768,1096.108,-361.347,-0.972,0.000,-0.234,0.000,1.000,0.000,0.234,0.000,-0.972),s="Running",v=Vector3.new(0.000,0.010,0.000)},
        {t=0.103,cf=CFrame.new(7721.768,1096.108,-361.347,-0.972,0.000,-0.234,0.000,1.000,0.000,0.234,0.000,-0.972),s="Running",v=Vector3.new(0.000,0.010,0.000)},
        {t=0.106,cf=CFrame.new(7721.768,1096.108,-361.347,-0.972,0.000,-0.234,0.000,1.000,0.000,0.234,0.000,-0.972),s="Running",v=Vector3.new(0.000,0.010,0.000)},
        {t=0.111,cf=CFrame.new(7721.768,1096.108,-361.347,-0.972,0.000,-0.234,0.000,1.000,0.000,0.234,0.000,-0.972),s="Running",v=Vector3.new(0.000,0.010,0.000)},
        {t=0.115,cf=CFrame.new(7721.768,1096.108,-361.347,-0.972,0.000,-0.234,0.000,1.000,0.000,0.234,0.000,-0.972),s="Running",v=Vector3.new(0.000,0.010,0.000)},
        {t=0.119,cf=CFrame.new(7721.768,1096.108,-361.347,-0.972,0.000,-0.234,0.000,1.000,0.000,0.234,0.000,-0.972),s="Running",v=Vector3.new(0.000,0.010,0.000)},
        {t=0.124,cf=CFrame.new(7721.768,1096.108,-361.347,-0.972,0.000,-0.234,0.000,1.000,0.000,0.234,0.000,-0.972),s="Running",v=Vector3.new(0.000,0.010,0.000)},
        {t=0.129,cf=CFrame.new(7721.768,1096.108,-361.347,-0.972,0.000,-0.234,0.000,1.000,0.000,0.234,0.000,-0.972),s="Running",v=Vector3.new(0.000,0.010,0.000)},
        {t=0.133,cf=CFrame.new(7721.768,1096.108,-361.347,-0.972,0.000,-0.234,0.000,1.000,0.000,0.234,0.000,-0.972),s="Running",v=Vector3.new(0.000,0.010,0.000)},
        {t=0.137,cf=CFrame.new(7721.768,1096.108,-361.347,-0.972,0.000,-0.234,0.000,1.000,0.000,0.234,0.000,-0.972),s="Running",v=Vector3.new(0.000,0.010,0.000)},
        {t=0.140,cf=CFrame.new(7721.768,1096.108,-361.347,-0.972,0.000,-0.234,0.000,1.000,0.000,0.234,0.000,-0.972),s="Running",v=Vector3.new(0.000,0.010,0.000)},
        {t=0.145,cf=CFrame.new(7721.768,1096.108,-361.347,-0.972,0.000,-0.234,0.000,1.000,0.000,0.234,0.000,-0.972),s="Running",v=Vector3.new(0.000,0.010,0.000)},
        {t=0.149,cf=CFrame.new(7721.768,1096.108,-361.347,-0.972,0.000,-0.234,0.000,1.000,0.000,0.234,0.000,-0.972),s="Running",v=Vector3.new(0.000,0.010,0.000)},
        {t=0.153,cf=CFrame.new(7721.768,1096.108,-361.347,-0.972,0.000,-0.234,0.000,1.000,0.000,0.234,0.000,-0.972),s="Running",v=Vector3.new(0.000,0.010,0.000)},
        {t=0.157,cf=CFrame.new(7721.768,1096.108,-361.347,-0.972,0.000,-0.234,0.000,1.000,0.000,0.234,0.000,-0.972),s="Running",v=Vector3.new(-0.000,0.010,-0.000)},
        {t=0.162,cf=CFrame.new(7721.768,1096.108,-361.347,-0.972,0.000,-0.234,0.000,1.000,0.000,0.234,0.000,-0.972),s="Running",v=Vector3.new(-0.000,0.010,-0.000)},
        {t=0.166,cf=CFrame.new(7721.768,1096.108,-361.347,-0.972,0.000,-0.234,0.000,1.000,0.000,0.234,0.000,-0.972),s="Running",v=Vector3.new(-0.000,0.010,-0.000)},
        {t=0.171,cf=CFrame.new(7721.768,1096.108,-361.347,-0.972,0.000,-0.234,0.000,1.000,0.000,0.234,0.000,-0.972),s="Running",v=Vector3.new(-0.000,0.010,-0.000)},
        {t=0.176,cf=CFrame.new(7721.768,1096.108,-361.347,-0.972,0.000,-0.234,0.000,1.000,0.000,0.234,0.000,-0.972),s="Running",v=Vector3.new(0.353,0.010,1.468)},
        {t=0.181,cf=CFrame.new(7721.769,1096.108,-361.341,-0.972,0.000,-0.234,0.000,1.000,0.000,0.234,0.000,-0.972),s="Running",v=Vector3.new(1.614,0.010,6.707)},
        {t=0.186,cf=CFrame.new(7721.772,1096.108,-361.325,-0.972,0.000,-0.234,0.000,1.000,0.000,0.234,0.000,-0.972),s="Running",v=Vector3.new(2.898,0.010,12.045)},
        {t=0.191,cf=CFrame.new(7721.781,1096.108,-361.288,-0.972,0.000,-0.234,0.000,1.000,0.000,0.234,0.000,-0.972),s="Running",v=Vector3.new(4.186,0.010,17.397)},
        {t=0.196,cf=CFrame.new(7721.796,1096.108,-361.225,-0.972,0.000,-0.234,0.000,1.000,0.000,0.234,0.000,-0.972),s="Running",v=Vector3.new(5.646,0.010,23.466)},
        {t=0.201,cf=CFrame.new(7721.831,1096.108,-361.082,-0.972,0.000,-0.234,0.000,1.000,0.000,0.234,0.000,-0.972),s="Running",v=Vector3.new(6.814,0.010,28.317)},
        {t=0.206,cf=CFrame.new(7721.858,1096.108,-360.968,-0.972,0.000,-0.234,0.000,1.000,0.000,0.234,0.000,-0.972),s="Running",v=Vector3.new(8.586,0.010,35.683)},
        {t=0.212,cf=CFrame.new(7721.896,1096.108,-360.812,-0.972,0.000,-0.234,0.000,1.000,0.000,0.234,0.000,-0.972),s="Running",v=Vector3.new(10.512,0.010,43.686)},
        {t=0.216,cf=CFrame.new(7721.940,1096.108,-360.629,-0.972,0.000,-0.234,0.000,1.000,0.000,0.234,0.000,-0.972),s="Running",v=Vector3.new(12.177,0.010,50.603)},
        {t=0.221,cf=CFrame.new(7721.992,1096.108,-360.413,-0.972,0.000,-0.234,0.000,1.000,0.000,0.234,0.000,-0.972),s="Running",v=Vector3.new(12.913,0.010,53.665)},
        {t=0.226,cf=CFrame.new(7722.089,1096.108,-360.011,-0.972,0.000,-0.234,0.000,1.000,0.000,0.234,0.000,-0.972),s="Running",v=Vector3.new(13.004,0.010,54.042)},
        {t=0.231,cf=CFrame.new(7722.145,1096.108,-359.779,-0.972,0.000,-0.234,0.000,1.000,0.000,0.234,0.000,-0.972),s="Running",v=Vector3.new(13.433,0.010,55.824)},
        {t=0.235,cf=CFrame.new(7722.202,1096.108,-359.540,-0.972,0.000,-0.234,0.000,1.000,0.000,0.234,0.000,-0.972),s="Running",v=Vector3.new(13.551,0.010,56.315)},
        {t=0.240,cf=CFrame.new(7722.260,1096.108,-359.300,-0.972,0.000,-0.234,0.000,1.000,0.000,0.234,0.000,-0.972),s="Running",v=Vector3.new(13.584,0.010,56.453)},
        {t=0.244,cf=CFrame.new(7722.318,1096.108,-359.060,-0.972,0.000,-0.234,0.000,1.000,0.000,0.234,0.000,-0.972),s="Running",v=Vector3.new(13.594,0.010,56.492)},
        {t=0.249,cf=CFrame.new(7722.376,1096.108,-358.819,-0.972,0.000,-0.234,0.000,1.000,0.000,0.234,0.000,-0.972),s="Running",v=Vector3.new(13.597,0.010,56.504)},
        {t=0.253,cf=CFrame.new(7722.433,1096.108,-358.582,-0.972,0.000,-0.234,0.000,1.000,0.000,0.234,0.000,-0.972),s="Running",v=Vector3.new(13.597,0.010,56.508)},
        {t=0.257,cf=CFrame.new(7722.490,1096.108,-358.344,-0.972,0.000,-0.234,0.000,1.000,0.000,0.234,0.000,-0.972),s="Running",v=Vector3.new(13.598,0.010,56.510)},
        {t=0.262,cf=CFrame.new(7722.549,1096.108,-358.098,-0.972,0.000,-0.234,0.000,1.000,0.000,0.234,0.000,-0.972),s="Running",v=Vector3.new(13.598,0.010,56.510)},
        {t=0.267,cf=CFrame.new(7722.652,1096.108,-357.673,-0.972,0.000,-0.234,0.000,1.000,0.000,0.234,0.000,-0.972),s="Running",v=Vector3.new(13.269,0.010,55.142)},
        {t=0.273,cf=CFrame.new(7722.708,1096.108,-357.438,-0.972,0.000,-0.234,0.000,1.000,0.000,0.234,0.000,-0.972),s="Running",v=Vector3.new(13.516,0.010,56.168)},
        {t=0.278,cf=CFrame.new(7722.768,1096.108,-357.190,-0.972,0.000,-0.234,0.000,1.000,0.000,0.234,0.000,-0.972),s="Running",v=Vector3.new(13.577,0.010,56.425)},
        {t=0.283,cf=CFrame.new(7722.827,1096.108,-356.946,-0.972,0.000,-0.234,0.000,1.000,0.000,0.234,0.000,-0.972),s="Running",v=Vector3.new(13.593,0.010,56.489)},
        {t=0.288,cf=CFrame.new(7722.932,1096.108,-356.513,-0.972,0.000,-0.234,0.000,1.000,0.000,0.234,0.000,-0.972),s="Running",v=Vector3.new(13.267,0.010,55.137)},
        {t=0.292,cf=CFrame.new(7722.989,1096.108,-356.276,-0.972,0.000,-0.234,0.000,1.000,0.000,0.234,0.000,-0.972),s="Running",v=Vector3.new(13.515,0.010,56.167)},
        {t=0.297,cf=CFrame.new(7723.048,1096.108,-356.029,-0.972,0.000,-0.234,0.000,1.000,0.000,0.234,0.000,-0.972),s="Running",v=Vector3.new(13.577,0.010,56.425)},
        {t=0.302,cf=CFrame.new(7723.106,1096.108,-355.787,-0.972,0.000,-0.234,0.000,1.000,0.000,0.234,0.000,-0.972),s="Running",v=Vector3.new(13.593,0.010,56.489)},
        {t=0.309,cf=CFrame.new(7723.216,1096.108,-355.335,-0.972,0.000,-0.234,0.000,1.000,0.000,0.234,0.000,-0.972),s="Running",v=Vector3.new(13.267,0.010,55.137)},
        {t=0.314,cf=CFrame.new(7723.273,1096.108,-355.096,-0.972,0.000,-0.234,0.000,1.000,0.000,0.234,0.000,-0.972),s="Running",v=Vector3.new(13.515,0.010,56.167)},
        {t=0.322,cf=CFrame.new(7723.340,1096.108,-354.818,-0.972,0.000,-0.234,0.000,1.000,0.000,0.234,0.000,-0.972),s="Running",v=Vector3.new(13.577,0.010,56.425)},
        {t=0.327,cf=CFrame.new(7723.447,1096.108,-354.374,-0.972,0.000,-0.234,0.000,1.000,0.000,0.234,0.000,-0.972),s="Running",v=Vector3.new(13.264,0.010,55.121)},
        {t=0.332,cf=CFrame.new(7723.507,1096.108,-354.124,-0.972,0.000,-0.234,0.000,1.000,0.000,0.234,0.000,-0.972),s="Running",v=Vector3.new(13.514,0.010,56.163)},
        {t=0.337,cf=CFrame.new(7723.566,1096.108,-353.879,-0.972,0.000,-0.234,0.000,1.000,0.000,0.234,0.000,-0.972),s="Running",v=Vector3.new(13.577,0.010,56.424)},
        {t=0.341,cf=CFrame.new(7723.625,1096.108,-353.634,-0.972,0.000,-0.234,0.000,1.000,0.000,0.234,0.000,-0.972),s="Running",v=Vector3.new(13.593,0.010,56.489)},
        {t=0.346,cf=CFrame.new(7723.687,1096.108,-353.378,-0.972,0.000,-0.234,0.000,1.000,0.000,0.234,0.000,-0.972),s="Running",v=Vector3.new(13.597,0.010,56.505)},
        {t=0.352,cf=CFrame.new(7723.792,1096.108,-352.941,-0.972,0.000,-0.234,0.000,1.000,0.000,0.234,0.000,-0.972),s="Running",v=Vector3.new(13.268,0.010,55.141)},
        {t=0.356,cf=CFrame.new(7723.849,1096.108,-352.705,-0.972,0.000,-0.234,0.000,1.000,0.000,0.234,0.000,-0.972),s="Running",v=Vector3.new(13.516,0.010,56.168)},
        {t=0.360,cf=CFrame.new(7723.908,1096.108,-352.461,-0.972,0.000,-0.234,0.000,1.000,0.000,0.234,0.000,-0.972),s="Running",v=Vector3.new(13.577,0.010,56.425)},
        {t=0.365,cf=CFrame.new(7723.968,1096.108,-352.212,-0.972,0.000,-0.234,0.000,1.000,0.000,0.234,0.000,-0.972),s="Running",v=Vector3.new(13.593,0.010,56.489)},
        {t=0.369,cf=CFrame.new(7724.028,1096.108,-351.964,-0.972,0.000,-0.234,0.000,1.000,0.000,0.234,0.000,-0.972),s="Running",v=Vector3.new(13.597,0.010,56.505)},
        {t=0.373,cf=CFrame.new(7724.088,1096.108,-351.715,-0.972,0.000,-0.234,0.000,1.000,0.000,0.234,0.000,-0.972),s="Running",v=Vector3.new(13.598,0.010,56.509)},
        {t=0.378,cf=CFrame.new(7724.148,1096.108,-351.466,-0.972,0.000,-0.234,0.000,1.000,0.000,0.234,0.000,-0.972),s="Running",v=Vector3.new(13.598,0.010,56.510)},
        {t=0.383,cf=CFrame.new(7724.208,1096.108,-351.219,-0.972,0.000,-0.234,0.000,1.000,0.000,0.234,0.000,-0.972),s="Running",v=Vector3.new(13.598,0.010,56.510)},
        {t=0.387,cf=CFrame.new(7724.268,1096.108,-350.969,-0.972,0.000,-0.234,0.000,1.000,0.000,0.234,0.000,-0.972),s="Running",v=Vector3.new(13.598,0.010,56.510)},
        {t=0.391,cf=CFrame.new(7724.329,1096.108,-350.716,-0.972,0.000,-0.234,0.000,1.000,0.000,0.234,0.000,-0.972),s="Running",v=Vector3.new(13.598,0.010,56.510)},
        {t=0.396,cf=CFrame.new(7724.435,1096.108,-350.277,-0.972,0.000,-0.234,0.000,1.000,0.000,0.234,0.000,-0.972),s="Running",v=Vector3.new(13.269,0.010,55.142)},
        {t=0.401,cf=CFrame.new(7724.493,1096.108,-350.033,-0.972,0.000,-0.234,0.000,1.000,0.000,0.234,0.000,-0.972),s="Running",v=Vector3.new(13.516,0.010,56.168)},
        {t=0.405,cf=CFrame.new(7724.552,1096.108,-349.790,-0.972,0.000,-0.234,0.000,1.000,0.000,0.234,0.000,-0.972),s="Running",v=Vector3.new(13.577,0.010,56.425)},
        {t=0.409,cf=CFrame.new(7724.610,1096.108,-349.547,-0.972,0.000,-0.234,0.000,1.000,0.000,0.234,0.000,-0.972),s="Running",v=Vector3.new(13.593,0.010,56.489)},
        {t=0.414,cf=CFrame.new(7724.671,1096.108,-349.296,-0.972,0.000,-0.234,0.000,1.000,0.000,0.234,0.000,-0.972),s="Running",v=Vector3.new(13.597,0.010,56.505)},
        {t=0.418,cf=CFrame.new(7724.730,1096.108,-349.052,-0.972,0.000,-0.234,0.000,1.000,0.000,0.234,0.000,-0.972),s="Running",v=Vector3.new(13.598,0.010,56.509)},
        {t=0.423,cf=CFrame.new(7724.790,1096.108,-348.805,-0.972,0.000,-0.234,0.000,1.000,0.000,0.234,0.000,-0.972),s="Running",v=Vector3.new(13.598,0.010,56.510)},
        {t=0.427,cf=CFrame.new(7724.849,1096.108,-348.558,-0.972,0.000,-0.234,0.000,1.000,0.000,0.234,0.000,-0.972),s="Running",v=Vector3.new(13.598,0.010,56.510)},
        {t=0.432,cf=CFrame.new(7724.910,1096.108,-348.307,-0.972,0.000,-0.234,0.000,1.000,0.000,0.234,0.000,-0.972),s="Running",v=Vector3.new(13.598,0.010,56.510)},
        {t=0.437,cf=CFrame.new(7724.970,1096.108,-348.058,-0.972,0.000,-0.234,0.000,1.000,0.000,0.234,0.000,-0.972),s="Running",v=Vector3.new(13.598,0.010,56.510)},
        {t=0.441,cf=CFrame.new(7725.030,1096.108,-347.809,-0.972,0.000,-0.234,0.000,1.000,0.000,0.234,0.000,-0.972),s="Running",v=Vector3.new(13.598,0.010,56.510)},
        {t=0.446,cf=CFrame.new(7725.134,1096.108,-347.378,-0.972,0.000,-0.234,0.000,1.000,0.000,0.234,0.000,-0.972),s="Running",v=Vector3.new(13.269,0.010,55.142)},
        {t=0.450,cf=CFrame.new(7725.190,1096.108,-347.145,-0.972,0.000,-0.234,0.000,1.000,0.000,0.234,0.000,-0.972),s="Running",v=Vector3.new(13.516,0.010,56.168)},
        {t=0.455,cf=CFrame.new(7725.248,1096.108,-346.904,-0.972,0.000,-0.234,0.000,1.000,0.000,0.234,0.000,-0.972),s="Running",v=Vector3.new(13.577,0.010,56.425)},
        {t=0.459,cf=CFrame.new(7725.305,1096.108,-346.669,-0.972,0.000,-0.234,0.000,1.000,0.000,0.234,0.000,-0.972),s="Running",v=Vector3.new(13.593,0.010,56.489)},
        {t=0.463,cf=CFrame.new(7725.362,1096.108,-346.430,-0.972,0.000,-0.234,0.000,1.000,0.000,0.234,0.000,-0.972),s="Running",v=Vector3.new(13.597,0.010,56.505)},
        {t=0.467,cf=CFrame.new(7725.420,1096.108,-346.189,-0.972,0.000,-0.234,0.000,1.000,0.000,0.234,0.000,-0.972),s="Running",v=Vector3.new(13.598,0.010,56.509)},
        {t=0.471,cf=CFrame.new(7725.479,1096.108,-345.947,-0.972,0.000,-0.234,0.000,1.000,0.000,0.234,0.000,-0.972),s="Running",v=Vector3.new(13.598,0.010,56.510)},
        {t=0.475,cf=CFrame.new(7725.537,1096.108,-345.704,-0.972,0.000,-0.234,0.000,1.000,0.000,0.234,0.000,-0.972),s="Running",v=Vector3.new(13.598,0.010,56.510)},
        {t=0.479,cf=CFrame.new(7725.596,1096.108,-345.460,-0.972,0.000,-0.234,0.000,1.000,0.000,0.234,0.000,-0.972),s="Running",v=Vector3.new(13.598,0.010,56.510)},
        {t=0.482,cf=CFrame.new(7725.602,1096.108,-345.435,-0.972,0.000,-0.234,0.000,1.000,0.000,0.234,0.000,-0.972),s="Running",v=Vector3.new(13.927,0.010,57.879)},
        {t=0.486,cf=CFrame.new(7725.664,1096.108,-345.180,-0.972,0.000,-0.234,0.000,1.000,0.000,0.234,0.000,-0.972),s="Running",v=Vector3.new(13.680,0.010,56.853)},
        {t=0.490,cf=CFrame.new(7725.722,1096.108,-344.936,-0.972,0.000,-0.234,0.000,1.000,0.000,0.234,0.000,-0.972),s="Running",v=Vector3.new(13.619,0.010,56.596)},
        {t=0.494,cf=CFrame.new(7725.781,1096.108,-344.691,-0.972,0.000,-0.234,0.000,1.000,0.000,0.234,0.000,-0.972),s="Running",v=Vector3.new(13.603,0.010,56.532)},
        {t=0.498,cf=CFrame.new(7725.840,1096.108,-344.445,-0.972,0.000,-0.234,0.000,1.000,0.000,0.234,0.000,-0.972),s="Running",v=Vector3.new(13.599,0.010,56.516)},
        {t=0.503,cf=CFrame.new(7725.899,1096.108,-344.199,-0.972,0.000,-0.234,0.000,1.000,0.000,0.234,0.000,-0.972),s="Running",v=Vector3.new(13.598,0.010,56.512)},
        {t=0.516,cf=CFrame.new(7726.065,1096.108,-343.513,-0.972,0.000,-0.234,0.000,1.000,0.000,0.234,0.000,-0.972),s="Running",v=Vector3.new(12.940,0.010,53.774)},
        {t=0.521,cf=CFrame.new(7726.125,1096.108,-343.266,-0.972,0.000,-0.234,0.000,1.000,0.000,0.234,0.000,-0.972),s="Running",v=Vector3.new(13.433,0.010,55.826)},
        {t=0.525,cf=CFrame.new(7726.230,1096.108,-342.827,-0.972,0.000,-0.234,0.000,1.000,0.000,0.234,0.000,-0.972),s="Running",v=Vector3.new(13.228,0.010,54.971)},
        {t=0.531,cf=CFrame.new(7726.292,1096.108,-342.568,-0.972,0.000,-0.234,0.000,1.000,0.000,0.234,0.000,-0.972),s="Running",v=Vector3.new(13.505,0.010,56.126)},
        {t=0.535,cf=CFrame.new(7726.354,1096.108,-342.311,-0.972,0.000,-0.234,0.000,1.000,0.000,0.234,0.000,-0.972),s="Running",v=Vector3.new(13.575,0.010,56.414)},
        {t=0.541,cf=CFrame.new(7726.417,1096.108,-342.052,-0.972,0.000,-0.234,0.000,1.000,0.000,0.234,0.000,-0.972),s="Running",v=Vector3.new(13.592,0.010,56.486)},
        {t=0.546,cf=CFrame.new(7726.480,1096.108,-341.787,-0.972,0.000,-0.234,0.000,1.000,0.000,0.234,0.000,-0.972),s="Running",v=Vector3.new(13.597,0.010,56.504)},
        {t=0.551,cf=CFrame.new(7726.588,1096.108,-341.339,-0.972,0.000,-0.234,0.000,1.000,0.000,0.234,0.000,-0.972),s="Running",v=Vector3.new(13.229,0.010,55.150)},
        {t=0.556,cf=CFrame.new(7726.648,1096.108,-341.090,-0.972,0.000,-0.234,0.000,1.000,0.000,0.234,0.000,-0.972),s="Running",v=Vector3.new(13.392,0.010,56.198)},
        {t=0.561,cf=CFrame.new(7726.710,1096.108,-340.832,-0.972,0.000,-0.233,0.000,1.000,0.000,0.233,0.000,-0.972),s="Running",v=Vector3.new(13.398,0.010,56.468)},
        {t=0.565,cf=CFrame.new(7726.771,1096.108,-340.576,-0.973,0.000,-0.233,0.000,1.000,0.000,0.233,0.000,-0.973),s="Running",v=Vector3.new(13.294,0.010,56.560)},
        {t=0.569,cf=CFrame.new(7726.830,1096.108,-340.325,-0.973,0.000,-0.232,0.000,1.000,0.000,0.232,0.000,-0.973),s="Running",v=Vector3.new(13.173,0.010,56.605)},
        {t=0.574,cf=CFrame.new(7726.889,1096.108,-340.071,-0.973,0.000,-0.231,0.000,1.000,0.000,0.231,0.000,-0.973),s="Running",v=Vector3.new(12.892,0.010,56.673)},
        {t=0.579,cf=CFrame.new(7726.948,1096.108,-339.813,-0.973,0.000,-0.230,0.000,1.000,0.000,0.230,0.000,-0.973),s="Running",v=Vector3.new(12.493,0.010,56.763)},
        {t=0.582,cf=CFrame.new(7727.003,1096.108,-339.564,-0.973,0.000,-0.229,0.000,1.000,0.000,0.229,0.000,-0.973),s="Running",v=Vector3.new(12.170,0.010,56.834)},
        {t=0.587,cf=CFrame.new(7727.058,1096.108,-339.309,-0.974,0.000,-0.227,0.000,1.000,0.000,0.227,0.000,-0.974),s="Running",v=Vector3.new(11.887,0.010,56.894)},
        {t=0.592,cf=CFrame.new(7727.113,1096.108,-339.051,-0.974,0.000,-0.226,0.000,1.000,0.000,0.226,0.000,-0.974),s="Running",v=Vector3.new(11.591,0.010,56.955)},
        {t=0.596,cf=CFrame.new(7727.166,1096.108,-338.795,-0.975,0.000,-0.224,0.000,1.000,0.000,0.224,0.000,-0.975),s="Running",v=Vector3.new(11.307,0.010,57.012)},
        {t=0.600,cf=CFrame.new(7727.216,1096.108,-338.545,-0.975,0.000,-0.223,0.000,1.000,0.000,0.223,0.000,-0.975),s="Running",v=Vector3.new(11.086,0.010,57.056)},
        {t=0.604,cf=CFrame.new(7727.301,1096.108,-338.111,-0.975,0.000,-0.221,0.000,1.000,0.000,0.221,0.000,-0.975),s="Running",v=Vector3.new(10.675,0.010,55.702)},
        {t=0.609,cf=CFrame.new(7727.348,1096.108,-337.873,-0.976,0.000,-0.220,0.000,1.000,0.000,0.220,0.000,-0.976),s="Running",v=Vector3.new(10.805,0.010,56.752)},
        {t=0.614,cf=CFrame.new(7727.396,1096.108,-337.623,-0.976,0.000,-0.218,0.000,1.000,0.000,0.218,0.000,-0.976),s="Running",v=Vector3.new(10.822,0.010,57.017)},
        {t=0.618,cf=CFrame.new(7727.443,1096.108,-337.381,-0.976,0.000,-0.217,0.000,1.000,0.000,0.217,0.000,-0.976),s="Running",v=Vector3.new(10.823,0.010,57.085)},
        {t=0.622,cf=CFrame.new(7727.490,1096.108,-337.137,-0.977,0.000,-0.216,0.000,1.000,0.000,0.216,0.000,-0.977),s="Running",v=Vector3.new(10.821,0.010,57.102)},
        {t=0.625,cf=CFrame.new(7727.536,1096.108,-336.899,-0.977,0.000,-0.214,0.000,1.000,0.000,0.214,0.000,-0.977),s="Running",v=Vector3.new(10.820,0.010,57.106)},
        {t=0.630,cf=CFrame.new(7727.582,1096.108,-336.659,-0.977,0.000,-0.213,0.000,1.000,0.000,0.213,0.000,-0.977),s="Running",v=Vector3.new(10.819,0.010,57.107)},
        {t=0.635,cf=CFrame.new(7727.630,1096.108,-336.407,-0.977,0.000,-0.212,0.000,1.000,0.000,0.212,0.000,-0.977),s="Running",v=Vector3.new(10.764,0.010,57.118)},
        {t=0.640,cf=CFrame.new(7727.681,1096.108,-336.145,-0.978,0.000,-0.210,0.000,1.000,0.000,0.210,0.000,-0.978),s="Running",v=Vector3.new(10.656,0.010,57.138)},
        {t=0.644,cf=CFrame.new(7727.729,1096.108,-335.889,-0.978,0.000,-0.209,0.000,1.000,0.000,0.209,0.000,-0.978),s="Running",v=Vector3.new(10.585,0.010,57.151)},
        {t=0.649,cf=CFrame.new(7727.777,1096.108,-335.634,-0.978,0.000,-0.207,0.000,1.000,0.000,0.207,0.000,-0.978),s="Running",v=Vector3.new(10.438,0.010,57.178)},
        {t=0.654,cf=CFrame.new(7727.825,1096.108,-335.377,-0.979,0.000,-0.205,0.000,1.000,0.000,0.205,0.000,-0.979),s="Running",v=Vector3.new(10.196,0.010,57.222)},
        {t=0.658,cf=CFrame.new(7727.871,1096.108,-335.125,-0.979,0.000,-0.204,0.000,1.000,0.000,0.204,0.000,-0.979),s="Running",v=Vector3.new(10.023,0.010,57.252)},
        {t=0.662,cf=CFrame.new(7727.917,1096.108,-334.867,-0.979,0.000,-0.202,0.000,1.000,0.000,0.202,0.000,-0.979),s="Running",v=Vector3.new(9.797,0.010,57.291)},
        {t=0.666,cf=CFrame.new(7727.961,1096.108,-334.612,-0.980,0.000,-0.200,0.000,1.000,0.000,0.200,0.000,-0.980),s="Running",v=Vector3.new(9.516,0.010,57.338)},
        {t=0.671,cf=CFrame.new(7728.005,1096.108,-334.356,-0.980,0.000,-0.198,0.000,1.000,0.000,0.198,0.000,-0.980),s="Running",v=Vector3.new(9.261,0.010,57.380)},
        {t=0.675,cf=CFrame.new(7728.045,1096.108,-334.109,-0.981,0.000,-0.196,0.000,1.000,0.000,0.196,0.000,-0.981),s="Running",v=Vector3.new(9.031,0.010,57.417)},
        {t=0.679,cf=CFrame.new(7728.086,1096.108,-333.857,-0.981,0.000,-0.194,0.000,1.000,0.000,0.194,0.000,-0.981),s="Running",v=Vector3.new(8.743,0.010,57.461)},
        {t=0.682,cf=CFrame.new(7728.125,1096.108,-333.611,-0.981,0.000,-0.192,0.000,1.000,0.000,0.192,0.000,-0.981),s="Running",v=Vector3.new(8.489,0.010,57.499)},
        {t=0.686,cf=CFrame.new(7728.163,1096.108,-333.363,-0.982,0.000,-0.189,0.000,1.000,0.000,0.189,0.000,-0.982),s="Running",v=Vector3.new(8.270,0.010,57.531)},
        {t=0.690,cf=CFrame.new(7728.199,1096.108,-333.119,-0.982,0.000,-0.187,0.000,1.000,0.000,0.187,0.000,-0.982),s="Running",v=Vector3.new(8.053,0.010,57.562)},
        {t=0.694,cf=CFrame.new(7728.235,1096.108,-332.873,-0.983,0.000,-0.185,0.000,1.000,0.000,0.185,0.000,-0.983),s="Running",v=Vector3.new(7.802,0.010,57.596)},
        {t=0.698,cf=CFrame.new(7728.270,1096.108,-332.624,-0.983,0.000,-0.183,0.000,1.000,0.000,0.183,0.000,-0.983),s="Running",v=Vector3.new(7.541,0.010,57.632)},
        {t=0.703,cf=CFrame.new(7728.305,1096.108,-332.366,-0.984,0.000,-0.180,0.000,1.000,0.000,0.180,0.000,-0.984),s="Running",v=Vector3.new(7.410,0.010,57.649)},
        {t=0.707,cf=CFrame.new(7728.338,1096.108,-332.116,-0.984,0.000,-0.178,0.000,1.000,0.000,0.178,0.000,-0.984),s="Running",v=Vector3.new(7.283,0.010,57.665)},
        {t=0.711,cf=CFrame.new(7728.371,1096.108,-331.862,-0.985,0.000,-0.175,0.000,1.000,0.000,0.175,0.000,-0.985),s="Running",v=Vector3.new(7.128,0.010,57.684)},
        {t=0.716,cf=CFrame.new(7728.404,1096.108,-331.606,-0.985,0.000,-0.173,0.000,1.000,0.000,0.173,0.000,-0.985),s="Running",v=Vector3.new(7.004,0.010,57.700)},
        {t=0.720,cf=CFrame.new(7728.437,1096.108,-331.352,-0.985,0.000,-0.170,0.000,1.000,0.000,0.170,0.000,-0.985),s="Running",v=Vector3.new(6.933,0.010,57.708)},
        {t=0.724,cf=CFrame.new(7728.467,1096.108,-331.105,-0.986,0.000,-0.168,0.000,1.000,0.000,0.168,0.000,-0.986),s="Running",v=Vector3.new(6.870,0.010,57.716)},
        {t=0.727,cf=CFrame.new(7728.498,1096.108,-330.858,-0.986,0.000,-0.167,0.000,1.000,0.000,0.167,0.000,-0.986),s="Running",v=Vector3.new(6.834,0.010,57.720)},
        {t=0.732,cf=CFrame.new(7728.530,1096.108,-330.598,-0.986,0.000,-0.164,0.000,1.000,0.000,0.164,0.000,-0.986),s="Running",v=Vector3.new(6.810,0.010,57.723)},
        {t=0.736,cf=CFrame.new(7728.560,1096.108,-330.353,-0.987,0.000,-0.162,0.000,1.000,0.000,0.162,0.000,-0.987),s="Running",v=Vector3.new(6.760,0.010,57.729)},
        {t=0.741,cf=CFrame.new(7728.591,1096.108,-330.098,-0.987,0.000,-0.160,0.000,1.000,0.000,0.160,0.000,-0.987),s="Running",v=Vector3.new(6.729,0.010,57.733)},
        {t=0.745,cf=CFrame.new(7728.622,1096.108,-329.848,-0.987,0.000,-0.158,0.000,1.000,0.000,0.158,0.000,-0.987),s="Running",v=Vector3.new(6.710,0.010,57.735)},
        {t=0.749,cf=CFrame.new(7728.652,1096.108,-329.599,-0.988,0.000,-0.157,0.000,1.000,0.000,0.157,0.000,-0.988),s="Running",v=Vector3.new(6.659,0.010,57.741)},
        {t=0.753,cf=CFrame.new(7728.681,1096.108,-329.353,-0.988,0.000,-0.155,0.000,1.000,0.000,0.155,0.000,-0.988),s="Running",v=Vector3.new(6.631,0.010,57.744)},
        {t=0.756,cf=CFrame.new(7728.710,1096.108,-329.111,-0.988,0.000,-0.153,0.000,1.000,0.000,0.153,0.000,-0.988),s="Running",v=Vector3.new(6.617,0.010,57.746)},
        {t=0.762,cf=CFrame.new(7728.741,1096.108,-328.852,-0.989,0.000,-0.151,0.000,1.000,0.000,0.151,0.000,-0.989),s="Running",v=Vector3.new(6.565,0.010,57.751)},
        {t=0.765,cf=CFrame.new(7728.769,1096.108,-328.609,-0.989,0.000,-0.150,0.000,1.000,0.000,0.150,0.000,-0.989),s="Running",v=Vector3.new(6.534,0.010,57.755)},
        {t=0.769,cf=CFrame.new(7728.798,1096.108,-328.362,-0.989,0.000,-0.148,0.000,1.000,0.000,0.148,0.000,-0.989),s="Running",v=Vector3.new(6.516,0.010,57.757)},
        {t=0.774,cf=CFrame.new(7728.827,1096.108,-328.110,-0.989,0.000,-0.147,0.000,1.000,0.000,0.147,0.000,-0.989),s="Running",v=Vector3.new(6.508,0.010,57.758)},
        {t=0.778,cf=CFrame.new(7728.855,1096.108,-327.864,-0.989,0.000,-0.145,0.000,1.000,0.000,0.145,0.000,-0.989),s="Running",v=Vector3.new(6.474,0.010,57.762)},
        {t=0.782,cf=CFrame.new(7728.884,1096.108,-327.619,-0.990,0.000,-0.144,0.000,1.000,0.000,0.144,0.000,-0.990),s="Running",v=Vector3.new(6.441,0.010,57.766)},
        {t=0.786,cf=CFrame.new(7728.912,1096.108,-327.374,-0.990,0.000,-0.143,0.000,1.000,0.000,0.143,0.000,-0.990),s="Running",v=Vector3.new(6.418,0.010,57.768)},
        {t=0.789,cf=CFrame.new(7728.940,1096.108,-327.126,-0.990,0.000,-0.141,0.000,1.000,0.000,0.141,0.000,-0.990),s="Running",v=Vector3.new(6.408,0.010,57.769)},
        {t=0.795,cf=CFrame.new(7728.969,1096.108,-326.867,-0.990,0.000,-0.140,0.000,1.000,0.000,0.140,0.000,-0.990),s="Running",v=Vector3.new(6.352,0.010,57.775)},
        {t=0.798,cf=CFrame.new(7728.997,1096.108,-326.618,-0.990,0.000,-0.138,0.000,1.000,0.000,0.138,0.000,-0.990),s="Running",v=Vector3.new(6.317,0.010,57.779)},
        {t=0.802,cf=CFrame.new(7729.025,1096.108,-326.371,-0.991,0.000,-0.137,0.000,1.000,0.000,0.137,0.000,-0.991),s="Running",v=Vector3.new(6.265,0.010,57.785)},
        {t=0.808,cf=CFrame.new(7729.054,1096.108,-326.113,-0.991,0.000,-0.136,0.000,1.000,0.000,0.136,0.000,-0.991),s="Running",v=Vector3.new(6.229,0.010,57.789)},
        {t=0.812,cf=CFrame.new(7729.082,1096.108,-325.862,-0.991,0.000,-0.134,0.000,1.000,0.000,0.134,0.000,-0.991),s="Running",v=Vector3.new(6.161,0.010,57.796)},
        {t=0.816,cf=CFrame.new(7729.108,1096.108,-325.617,-0.991,0.000,-0.133,0.000,1.000,0.000,0.133,0.000,-0.991),s="Running",v=Vector3.new(6.129,0.010,57.799)},
        {t=0.821,cf=CFrame.new(7729.155,1096.108,-325.176,-0.991,0.000,-0.132,0.000,1.000,0.000,0.132,0.000,-0.991),s="Running",v=Vector3.new(5.917,0.010,56.407)},
        {t=0.824,cf=CFrame.new(7729.158,1096.108,-325.152,-0.991,0.000,-0.131,0.000,1.000,0.000,0.131,0.000,-0.991),s="Running",v=Vector3.new(6.103,0.010,58.863)},
        {t=0.828,cf=CFrame.new(7729.186,1096.108,-324.894,-0.992,0.000,-0.130,0.000,1.000,0.000,0.130,0.000,-0.992),s="Running",v=Vector3.new(5.958,0.010,58.083)},
        {t=0.832,cf=CFrame.new(7729.212,1096.108,-324.636,-0.992,0.000,-0.128,0.000,1.000,0.000,0.128,0.000,-0.992),s="Running",v=Vector3.new(5.897,0.010,57.890)},
        {t=0.836,cf=CFrame.new(7729.238,1096.108,-324.388,-0.992,0.000,-0.127,0.000,1.000,0.000,0.127,0.000,-0.992),s="Running",v=Vector3.new(5.848,0.010,57.845)},
        {t=0.842,cf=CFrame.new(7729.266,1096.108,-324.118,-0.992,0.000,-0.126,0.000,1.000,0.000,0.126,0.000,-0.992),s="Running",v=Vector3.new(5.797,0.010,57.838)},
        {t=0.846,cf=CFrame.new(7729.292,1096.108,-323.865,-0.992,0.000,-0.124,0.000,1.000,0.000,0.124,0.000,-0.992),s="Running",v=Vector3.new(5.744,0.010,57.840)},
        {t=0.850,cf=CFrame.new(7729.318,1096.108,-323.615,-0.992,0.000,-0.123,0.000,1.000,0.000,0.123,0.000,-0.992),s="Running",v=Vector3.new(5.702,0.010,57.843)},
        {t=0.854,cf=CFrame.new(7729.343,1096.108,-323.365,-0.992,0.000,-0.122,0.000,1.000,0.000,0.122,0.000,-0.992),s="Running",v=Vector3.new(5.651,0.010,57.848)},
        {t=0.858,cf=CFrame.new(7729.368,1096.108,-323.118,-0.993,0.000,-0.121,0.000,1.000,0.000,0.121,0.000,-0.993),s="Running",v=Vector3.new(5.620,0.010,57.851)},
        {t=0.862,cf=CFrame.new(7729.393,1096.108,-322.870,-0.993,0.000,-0.120,0.000,1.000,0.000,0.120,0.000,-0.993),s="Running",v=Vector3.new(5.606,0.010,57.853)},
        {t=0.866,cf=CFrame.new(7729.417,1096.108,-322.624,-0.993,0.000,-0.119,0.000,1.000,0.000,0.119,0.000,-0.993),s="Running",v=Vector3.new(5.561,0.010,57.857)},
        {t=0.869,cf=CFrame.new(7729.441,1096.108,-322.383,-0.993,0.000,-0.118,0.000,1.000,0.000,0.118,0.000,-0.993),s="Running",v=Vector3.new(5.530,0.010,57.860)},
        {t=0.873,cf=CFrame.new(7729.465,1096.108,-322.135,-0.993,0.000,-0.117,0.000,1.000,0.000,0.117,0.000,-0.993),s="Running",v=Vector3.new(5.509,0.010,57.862)},
        {t=0.878,cf=CFrame.new(7729.490,1096.108,-321.882,-0.993,0.000,-0.116,0.000,1.000,0.000,0.116,0.000,-0.993),s="Running",v=Vector3.new(5.481,0.010,57.864)},
        {t=0.881,cf=CFrame.new(7729.514,1096.108,-321.631,-0.993,0.000,-0.115,0.000,1.000,0.000,0.115,0.000,-0.993),s="Running",v=Vector3.new(5.437,0.010,57.869)},
        {t=0.887,cf=CFrame.new(7729.540,1096.108,-321.365,-0.993,0.000,-0.114,0.000,1.000,0.000,0.114,0.000,-0.993),s="Running",v=Vector3.new(5.410,0.010,57.871)},
        {t=0.891,cf=CFrame.new(7729.564,1096.108,-321.116,-0.994,0.000,-0.113,0.000,1.000,0.000,0.113,0.000,-0.994),s="Running",v=Vector3.new(5.387,0.010,57.873)},
        {t=0.895,cf=CFrame.new(7729.588,1096.108,-320.868,-0.994,0.000,-0.112,0.000,1.000,0.000,0.112,0.000,-0.994),s="Running",v=Vector3.new(5.342,0.010,57.877)},
        {t=0.898,cf=CFrame.new(7729.611,1096.108,-320.624,-0.994,0.000,-0.112,0.000,1.000,0.000,0.112,0.000,-0.994),s="Running",v=Vector3.new(5.319,0.010,57.880)},
        {t=0.902,cf=CFrame.new(7729.634,1096.108,-320.381,-0.994,0.000,-0.111,0.000,1.000,0.000,0.111,0.000,-0.994),s="Running",v=Vector3.new(5.305,0.010,57.881)},
        {t=0.907,cf=CFrame.new(7729.657,1096.108,-320.131,-0.994,0.000,-0.110,0.000,1.000,0.000,0.110,0.000,-0.994),s="Running",v=Vector3.new(5.297,0.010,57.882)},
        {t=0.912,cf=CFrame.new(7729.680,1096.108,-319.884,-0.994,0.000,-0.109,0.000,1.000,0.000,0.109,0.000,-0.994),s="Running",v=Vector3.new(5.264,0.010,57.885)},
        {t=0.916,cf=CFrame.new(7729.704,1096.108,-319.631,-0.994,0.000,-0.108,0.000,1.000,0.000,0.108,0.000,-0.994),s="Running",v=Vector3.new(5.224,0.010,57.888)},
        {t=0.921,cf=CFrame.new(7729.727,1096.108,-319.373,-0.994,0.000,-0.107,0.000,1.000,0.000,0.107,0.000,-0.994),s="Running",v=Vector3.new(5.201,0.010,57.890)},
        {t=0.925,cf=CFrame.new(7729.767,1096.108,-318.937,-0.994,0.000,-0.107,0.000,1.000,0.000,0.107,0.000,-0.994),s="Running",v=Vector3.new(5.068,0.010,56.489)},
        {t=0.929,cf=CFrame.new(7729.788,1096.108,-318.700,-0.994,0.000,-0.106,0.000,1.000,0.000,0.106,0.000,-0.994),s="Running",v=Vector3.new(5.160,0.010,57.541)},
        {t=0.935,cf=CFrame.new(7729.812,1096.108,-318.447,-0.994,0.000,-0.105,0.000,1.000,0.000,0.105,0.000,-0.994),s="Running",v=Vector3.new(5.183,0.010,57.804)},
        {t=0.939,cf=CFrame.new(7729.834,1096.108,-318.196,-0.995,0.000,-0.104,0.000,1.000,0.000,0.104,0.000,-0.995),s="Running",v=Vector3.new(5.188,0.010,57.869)},
        {t=0.943,cf=CFrame.new(7729.857,1096.108,-317.942,-0.995,0.000,-0.104,0.000,1.000,0.000,0.104,0.000,-0.995),s="Running",v=Vector3.new(5.145,0.010,57.890)},
        {t=0.950,cf=CFrame.new(7729.883,1096.108,-317.663,-0.995,0.000,-0.102,0.000,1.000,0.000,0.102,0.000,-0.995),s="Running",v=Vector3.new(5.110,0.010,57.897)},
        {t=0.957,cf=CFrame.new(7729.924,1096.108,-317.195,-0.995,0.000,-0.101,0.000,1.000,0.000,0.101,0.000,-0.995),s="Running",v=Vector3.new(4.972,0.010,56.497)},
        {t=0.961,cf=CFrame.new(7729.946,1096.108,-316.947,-0.995,0.000,-0.101,0.000,1.000,0.000,0.101,0.000,-0.995),s="Running",v=Vector3.new(5.010,0.010,57.554)},
        {t=0.965,cf=CFrame.new(7729.968,1096.108,-316.700,-0.995,0.000,-0.100,0.000,1.000,0.000,0.100,0.000,-0.995),s="Running",v=Vector3.new(5.006,0.010,57.819)},
        {t=0.969,cf=CFrame.new(7729.990,1096.108,-316.451,-0.995,0.000,-0.100,0.000,1.000,0.000,0.100,0.000,-0.995),s="Running",v=Vector3.new(4.997,0.010,57.886)},
        {t=0.973,cf=CFrame.new(7730.012,1096.108,-316.202,-0.995,0.000,-0.099,0.000,1.000,0.000,0.099,0.000,-0.995),s="Running",v=Vector3.new(4.959,0.010,57.906)},
        {t=0.977,cf=CFrame.new(7730.033,1096.108,-315.957,-0.995,0.000,-0.098,0.000,1.000,0.000,0.098,0.000,-0.995),s="Running",v=Vector3.new(4.923,0.010,57.913)},
        {t=0.982,cf=CFrame.new(7730.055,1096.108,-315.705,-0.995,0.000,-0.098,0.000,1.000,0.000,0.098,0.000,-0.995),s="Running",v=Vector3.new(4.873,0.010,57.918)},
        {t=0.986,cf=CFrame.new(7730.077,1096.108,-315.459,-0.995,0.000,-0.097,0.000,1.000,0.000,0.097,0.000,-0.995),s="Running",v=Vector3.new(4.828,0.010,57.922)},
        {t=0.990,cf=CFrame.new(7730.097,1096.108,-315.213,-0.995,0.000,-0.096,0.000,1.000,0.000,0.096,0.000,-0.995),s="Running",v=Vector3.new(4.783,0.010,57.926)},
        {t=0.994,cf=CFrame.new(7730.118,1096.108,-314.966,-0.995,0.000,-0.096,0.000,1.000,0.000,0.096,0.000,-0.995),s="Running",v=Vector3.new(4.732,0.010,57.930)},
        {t=0.998,cf=CFrame.new(7730.138,1096.108,-314.724,-0.995,0.000,-0.095,0.000,1.000,0.000,0.095,0.000,-0.995),s="Running",v=Vector3.new(4.694,0.010,57.934)},
        {t=1.003,cf=CFrame.new(7730.158,1096.108,-314.475,-0.996,0.000,-0.094,0.000,1.000,0.000,0.094,0.000,-0.996),s="Running",v=Vector3.new(4.637,0.010,57.938)},
        {t=1.007,cf=CFrame.new(7730.179,1096.108,-314.226,-0.996,0.000,-0.093,0.000,1.000,0.000,0.093,0.000,-0.996),s="Running",v=Vector3.new(4.587,0.010,57.942)},
        {t=1.012,cf=CFrame.new(7730.199,1096.108,-313.970,-0.996,0.000,-0.093,0.000,1.000,0.000,0.093,0.000,-0.996),s="Running",v=Vector3.new(4.504,0.010,57.949)},
        {t=1.016,cf=CFrame.new(7730.219,1096.108,-313.715,-0.996,0.000,-0.092,0.000,1.000,0.000,0.092,0.000,-0.996),s="Running",v=Vector3.new(4.433,0.010,57.954)},
        {t=1.020,cf=CFrame.new(7730.238,1096.108,-313.467,-0.996,0.000,-0.091,0.000,1.000,0.000,0.091,0.000,-0.996),s="Running",v=Vector3.new(4.375,0.010,57.959)},
        {t=1.025,cf=CFrame.new(7730.259,1096.108,-313.202,-0.996,0.000,-0.090,0.000,1.000,0.000,0.090,0.000,-0.996),s="Running",v=Vector3.new(4.266,0.010,57.967)},
        {t=1.029,cf=CFrame.new(7730.278,1096.108,-312.950,-0.996,0.000,-0.089,0.000,1.000,0.000,0.089,0.000,-0.996),s="Running",v=Vector3.new(4.205,0.010,57.971)},
        {t=1.033,cf=CFrame.new(7730.296,1096.108,-312.700,-0.996,0.000,-0.089,0.000,1.000,0.000,0.089,0.000,-0.996),s="Running",v=Vector3.new(4.141,0.010,57.976)},
        {t=1.037,cf=CFrame.new(7730.314,1096.108,-312.452,-0.996,0.000,-0.088,0.000,1.000,0.000,0.088,0.000,-0.996),s="Running",v=Vector3.new(4.110,0.010,57.978)},
        {t=1.042,cf=CFrame.new(7730.332,1096.108,-312.202,-0.996,0.000,-0.087,0.000,1.000,0.000,0.087,0.000,-0.996),s="Running",v=Vector3.new(4.091,0.010,57.979)},
        {t=1.046,cf=CFrame.new(7730.363,1096.108,-311.765,-0.996,0.000,-0.086,0.000,1.000,0.000,0.086,0.000,-0.996),s="Running",v=Vector3.new(3.984,0.010,56.576)},
        {t=1.049,cf=CFrame.new(7730.365,1096.108,-311.743,-0.996,0.000,-0.086,0.000,1.000,0.000,0.086,0.000,-0.996),s="Running",v=Vector3.new(4.154,0.010,59.033)},
        {t=1.054,cf=CFrame.new(7730.384,1096.108,-311.481,-0.996,0.000,-0.085,0.000,1.000,0.000,0.085,0.000,-0.996),s="Running",v=Vector3.new(4.034,0.010,58.248)},
        {t=1.058,cf=CFrame.new(7730.402,1096.108,-311.225,-0.996,0.000,-0.084,0.000,1.000,0.000,0.084,0.000,-0.996),s="Running",v=Vector3.new(3.893,0.010,58.059)},
        {t=1.063,cf=CFrame.new(7730.420,1096.108,-310.964,-0.997,0.000,-0.083,0.000,1.000,0.000,0.083,0.000,-0.997),s="Running",v=Vector3.new(3.717,0.010,58.021)},
        {t=1.067,cf=CFrame.new(7730.437,1096.108,-310.709,-0.997,0.000,-0.082,0.000,1.000,0.000,0.082,0.000,-0.997),s="Running",v=Vector3.new(3.543,0.010,58.019)},
        {t=1.071,cf=CFrame.new(7730.464,1096.108,-310.270,-0.997,0.000,-0.081,0.000,1.000,0.000,0.081,0.000,-0.997),s="Running",v=Vector3.new(3.364,0.010,56.617)},
        {t=1.075,cf=CFrame.new(7730.479,1096.108,-310.033,-0.997,0.000,-0.080,0.000,1.000,0.000,0.080,0.000,-0.997),s="Running",v=Vector3.new(3.383,0.010,57.673)},
        {t=1.079,cf=CFrame.new(7730.493,1096.108,-309.792,-0.997,0.000,-0.079,0.000,1.000,0.000,0.079,0.000,-0.997),s="Running",v=Vector3.new(3.378,0.010,57.937)},
