-- CFrame Auto Walk Recording
-- Total Frames: 3800
-- Recorded HipHeight: 5.058475494384766

return {
    hipHeight = 5.058475494384766,
    frames = {
        {t=0.005,cf=CFrame.new(6649.999,1188.608,-2576.572,0.937,0.000,0.348,0.000,1.000,0.000,-0.348,0.000,0.937),s="Running",v=Vector3.new(0.000,0.010,0.000)},
        {t=0.009,cf=CFrame.new(6649.999,1188.608,-2576.572,0.937,0.000,0.348,0.000,1.000,0.000,-0.348,0.000,0.937),s="Running",v=Vector3.new(0.000,0.010,0.000)},
        {t=0.013,cf=CFrame.new(6649.999,1188.608,-2576.572,0.937,0.000,0.348,0.000,1.000,0.000,-0.348,0.000,0.937),s="Running",v=Vector3.new(0.000,0.010,0.000)},
        {t=0.017,cf=CFrame.new(6649.999,1188.608,-2576.572,0.937,0.000,0.348,0.000,1.000,0.000,-0.348,0.000,0.937),s="Running",v=Vector3.new(0.000,0.010,0.000)},
        {t=0.020,cf=CFrame.new(6649.999,1188.608,-2576.572,0.937,0.000,0.348,0.000,1.000,0.000,-0.348,0.000,0.937),s="Running",v=Vector3.new(0.000,0.010,0.000)},
        {t=0.024,cf=CFrame.new(6649.999,1188.608,-2576.572,0.937,0.000,0.348,0.000,1.000,0.000,-0.348,0.000,0.937),s="Running",v=Vector3.new(0.000,0.010,0.000)},
        {t=0.029,cf=CFrame.new(6649.999,1188.608,-2576.572,0.937,0.000,0.348,0.000,1.000,0.000,-0.348,0.000,0.937),s="Running",v=Vector3.new(0.000,0.010,0.000)},
        {t=0.031,cf=CFrame.new(6649.999,1188.608,-2576.572,0.937,0.000,0.348,0.000,1.000,0.000,-0.348,0.000,0.937),s="Running",v=Vector3.new(0.000,0.010,0.000)},
        {t=0.037,cf=CFrame.new(6649.999,1188.608,-2576.572,0.937,0.000,0.348,0.000,1.000,0.000,-0.348,0.000,0.937),s="Running",v=Vector3.new(0.000,0.010,0.000)},
        {t=0.039,cf=CFrame.new(6649.999,1188.608,-2576.572,0.937,0.000,0.348,0.000,1.000,0.000,-0.348,0.000,0.937),s="Running",v=Vector3.new(0.000,0.010,0.000)},
        {t=0.046,cf=CFrame.new(6649.999,1188.608,-2576.572,0.937,0.000,0.348,0.000,1.000,0.000,-0.348,0.000,0.937),s="Running",v=Vector3.new(0.000,0.010,0.000)},
        {t=0.049,cf=CFrame.new(6649.999,1188.608,-2576.572,0.937,0.000,0.348,0.000,1.000,0.000,-0.348,0.000,0.937),s="Running",v=Vector3.new(0.000,0.010,0.000)},
        {t=0.053,cf=CFrame.new(6649.999,1188.608,-2576.572,0.937,0.000,0.348,0.000,1.000,0.000,-0.348,0.000,0.937),s="Running",v=Vector3.new(0.000,0.010,0.000)},
        {t=0.058,cf=CFrame.new(6649.999,1188.608,-2576.572,0.937,0.000,0.348,0.000,1.000,0.000,-0.348,0.000,0.937),s="Running",v=Vector3.new(0.000,0.010,0.000)},
        {t=0.062,cf=CFrame.new(6649.999,1188.608,-2576.572,0.937,0.000,0.348,0.000,1.000,0.000,-0.348,0.000,0.937),s="Running",v=Vector3.new(0.000,0.010,0.000)},
        {t=0.065,cf=CFrame.new(6649.999,1188.608,-2576.572,0.937,0.000,0.348,0.000,1.000,0.000,-0.348,0.000,0.937),s="Running",v=Vector3.new(0.000,0.010,0.000)},
        {t=0.070,cf=CFrame.new(6649.999,1188.608,-2576.572,0.937,0.000,0.348,0.000,1.000,0.000,-0.348,0.000,0.937),s="Running",v=Vector3.new(0.000,0.010,0.000)},
        {t=0.073,cf=CFrame.new(6649.999,1188.608,-2576.572,0.937,0.000,0.348,0.000,1.000,0.000,-0.348,0.000,0.937),s="Running",v=Vector3.new(0.000,0.010,0.000)},
        {t=0.079,cf=CFrame.new(6649.999,1188.608,-2576.572,0.937,0.000,0.348,0.000,1.000,0.000,-0.348,0.000,0.937),s="Running",v=Vector3.new(0.000,0.010,0.000)},
        {t=0.082,cf=CFrame.new(6649.999,1188.608,-2576.572,0.937,0.000,0.348,0.000,1.000,0.000,-0.348,0.000,0.937),s="Running",v=Vector3.new(0.000,0.010,0.000)},
        {t=0.087,cf=CFrame.new(6649.999,1188.608,-2576.572,0.937,0.000,0.348,0.000,1.000,0.000,-0.348,0.000,0.937),s="Running",v=Vector3.new(0.000,0.010,0.000)},
        {t=0.090,cf=CFrame.new(6649.999,1188.608,-2576.572,0.937,0.000,0.348,0.000,1.000,0.000,-0.348,0.000,0.937),s="Running",v=Vector3.new(0.000,0.010,0.000)},
        {t=0.095,cf=CFrame.new(6649.999,1188.608,-2576.572,0.937,0.000,0.348,0.000,1.000,0.000,-0.348,0.000,0.937),s="Running",v=Vector3.new(0.000,0.010,0.000)},
        {t=0.098,cf=CFrame.new(6649.999,1188.608,-2576.572,0.937,0.000,0.348,0.000,1.000,0.000,-0.348,0.000,0.937),s="Running",v=Vector3.new(0.000,0.010,0.000)},
        {t=0.104,cf=CFrame.new(6649.999,1188.608,-2576.572,0.937,0.000,0.348,0.000,1.000,0.000,-0.348,0.000,0.937),s="Running",v=Vector3.new(0.000,0.010,0.000)},
        {t=0.107,cf=CFrame.new(6649.999,1188.608,-2576.572,0.937,0.000,0.348,0.000,1.000,0.000,-0.348,0.000,0.937),s="Running",v=Vector3.new(0.000,0.010,0.000)},
        {t=0.112,cf=CFrame.new(6649.999,1188.608,-2576.572,0.937,0.000,0.348,0.000,1.000,0.000,-0.348,0.000,0.937),s="Running",v=Vector3.new(0.000,0.010,0.000)},
        {t=0.116,cf=CFrame.new(6649.999,1188.608,-2576.572,0.937,0.000,0.348,0.000,1.000,0.000,-0.348,0.000,0.937),s="Running",v=Vector3.new(0.000,0.010,0.000)},
        {t=0.119,cf=CFrame.new(6649.999,1188.608,-2576.572,0.937,0.000,0.348,0.000,1.000,0.000,-0.348,0.000,0.937),s="Running",v=Vector3.new(0.000,0.010,0.000)},
        {t=0.125,cf=CFrame.new(6649.999,1188.608,-2576.572,0.937,0.000,0.348,0.000,1.000,0.000,-0.348,0.000,0.937),s="Running",v=Vector3.new(0.000,0.010,0.000)},
        {t=0.129,cf=CFrame.new(6649.999,1188.608,-2576.572,0.937,0.000,0.348,0.000,1.000,0.000,-0.348,0.000,0.937),s="Running",v=Vector3.new(0.000,0.010,0.000)},
        {t=0.132,cf=CFrame.new(6649.999,1188.608,-2576.572,0.937,0.000,0.348,0.000,1.000,0.000,-0.348,0.000,0.937),s="Running",v=Vector3.new(0.000,0.010,0.000)},
        {t=0.137,cf=CFrame.new(6649.999,1188.608,-2576.572,0.937,0.000,0.348,0.000,1.000,0.000,-0.348,0.000,0.937),s="Running",v=Vector3.new(-0.000,0.010,-0.000)},
        {t=0.142,cf=CFrame.new(6649.999,1188.608,-2576.572,0.937,0.000,0.348,0.000,1.000,0.000,-0.348,0.000,0.937),s="Running",v=Vector3.new(-0.000,0.010,-0.000)},
        {t=0.146,cf=CFrame.new(6649.999,1188.608,-2576.572,0.938,0.000,0.348,0.000,1.000,0.000,-0.348,0.000,0.938),s="Running",v=Vector3.new(-0.000,0.010,-0.000)},
        {t=0.151,cf=CFrame.new(6649.999,1188.608,-2576.572,0.938,0.000,0.347,0.000,1.000,0.000,-0.347,0.000,0.938),s="Running",v=Vector3.new(-0.000,0.010,-0.000)},
        {t=0.155,cf=CFrame.new(6649.999,1188.608,-2576.572,0.938,0.000,0.346,0.000,1.000,0.000,-0.346,0.000,0.938),s="Running",v=Vector3.new(-0.000,0.010,-0.000)},
        {t=0.159,cf=CFrame.new(6649.999,1188.608,-2576.572,0.939,0.000,0.344,0.000,1.000,0.000,-0.344,0.000,0.939),s="Running",v=Vector3.new(-0.000,0.010,-0.000)},
        {t=0.163,cf=CFrame.new(6649.999,1188.608,-2576.572,0.940,0.000,0.342,0.000,1.000,0.000,-0.342,0.000,0.940),s="Running",v=Vector3.new(-0.412,0.010,-1.277)},
        {t=0.168,cf=CFrame.new(6649.998,1188.608,-2576.576,0.941,0.000,0.339,0.000,1.000,0.000,-0.339,0.000,0.941),s="Running",v=Vector3.new(-1.812,0.010,-5.880)},
        {t=0.172,cf=CFrame.new(6649.994,1188.608,-2576.589,0.942,0.000,0.336,0.000,1.000,0.000,-0.336,0.000,0.942),s="Running",v=Vector3.new(-2.812,0.010,-9.481)},
        {t=0.177,cf=CFrame.new(6649.986,1188.608,-2576.616,0.943,0.000,0.332,0.000,1.000,0.000,-0.332,0.000,0.943),s="Running",v=Vector3.new(-4.065,0.010,-14.162)},
        {t=0.181,cf=CFrame.new(6649.973,1188.608,-2576.663,0.945,0.000,0.328,0.000,1.000,0.000,-0.328,0.000,0.945),s="Running",v=Vector3.new(-4.941,0.010,-17.797)},
        {t=0.185,cf=CFrame.new(6649.954,1188.608,-2576.729,0.947,0.000,0.322,0.000,1.000,0.000,-0.322,0.000,0.947),s="Running",v=Vector3.new(-6.023,0.010,-22.777)},
        {t=0.189,cf=CFrame.new(6649.931,1188.608,-2576.816,0.949,0.000,0.316,0.000,1.000,0.000,-0.316,0.000,0.949),s="Running",v=Vector3.new(-6.747,0.010,-27.149)},
        {t=0.193,cf=CFrame.new(6649.904,1188.608,-2576.923,0.951,0.000,0.310,0.000,1.000,0.000,-0.310,0.000,0.951),s="Running",v=Vector3.new(-7.325,0.010,-31.237)},
        {t=0.198,cf=CFrame.new(6649.874,1188.608,-2577.052,0.954,0.000,0.301,0.000,1.000,0.000,-0.301,0.000,0.954),s="Running",v=Vector3.new(-7.696,0.010,-36.889)},
        {t=0.203,cf=CFrame.new(6649.842,1188.608,-2577.206,0.956,0.000,0.293,0.000,1.000,0.000,-0.293,0.000,0.956),s="Running",v=Vector3.new(-7.630,0.010,-41.722)},
        {t=0.208,cf=CFrame.new(6649.786,1188.608,-2577.514,0.959,0.000,0.282,0.000,1.000,0.000,-0.282,0.000,0.959),s="Running",v=Vector3.new(-7.023,0.010,-45.302)},
        {t=0.213,cf=CFrame.new(6649.756,1188.608,-2577.705,0.963,0.000,0.270,0.000,1.000,0.000,-0.270,0.000,0.963),s="Running",v=Vector3.new(-5.484,0.010,-51.208)},
        {t=0.218,cf=CFrame.new(6649.732,1188.608,-2577.922,0.966,0.000,0.257,0.000,1.000,0.000,-0.257,0.000,0.966),s="Running",v=Vector3.new(-3.689,0.010,-54.984)},
        {t=0.222,cf=CFrame.new(6649.717,1188.608,-2578.153,0.969,0.000,0.245,0.000,1.000,0.000,-0.245,0.000,0.969),s="Running",v=Vector3.new(-1.495,0.010,-57.045)},
        {t=0.226,cf=CFrame.new(6649.709,1188.608,-2578.396,0.973,0.000,0.233,0.000,1.000,0.000,-0.233,0.000,0.973),s="Running",v=Vector3.new(0.547,-0.783,-57.950)},
        {t=0.231,cf=CFrame.new(6649.710,1188.606,-2578.639,0.975,0.000,0.220,0.000,1.000,0.000,-0.220,0.000,0.975),s="Running",v=Vector3.new(1.886,-1.424,-58.233)},
        {t=0.235,cf=CFrame.new(6649.717,1188.602,-2578.886,0.979,0.000,0.206,0.000,1.000,0.000,-0.206,0.000,0.979),s="Running",v=Vector3.new(3.420,-2.483,-58.291)},
        {t=0.239,cf=CFrame.new(6649.730,1188.587,-2579.133,0.982,0.000,0.190,0.000,1.000,0.000,-0.190,0.000,0.982),s="Running",v=Vector3.new(5.478,-4.305,-58.154)},
        {t=0.243,cf=CFrame.new(6649.752,1188.565,-2579.378,0.985,0.000,0.174,0.000,1.000,0.000,-0.174,0.000,0.985),s="Running",v=Vector3.new(7.361,-5.629,-57.970)},
        {t=0.248,cf=CFrame.new(6649.783,1188.536,-2579.631,0.988,0.000,0.155,0.000,1.000,0.000,-0.155,0.000,0.988),s="Running",v=Vector3.new(10.349,-7.151,-57.494)},
        {t=0.253,cf=CFrame.new(6649.860,1188.466,-2580.073,0.991,0.000,0.136,0.000,1.000,0.000,-0.136,0.000,0.991),s="Running",v=Vector3.new(11.882,-8.882,-56.077)},
        {t=0.257,cf=CFrame.new(6649.908,1188.426,-2580.308,0.993,0.000,0.117,0.000,1.000,0.000,-0.117,0.000,0.993),s="Running",v=Vector3.new(14.108,-9.843,-56.424)},
        {t=0.262,cf=CFrame.new(6649.966,1188.380,-2580.550,0.996,0.000,0.092,0.000,1.000,0.000,-0.092,0.000,0.996),s="Running",v=Vector3.new(16.534,-2.665,-55.970)},
        {t=0.266,cf=CFrame.new(6650.034,1188.358,-2580.791,0.998,0.000,0.067,0.000,1.000,0.000,-0.067,0.000,0.998),s="Running",v=Vector3.new(18.537,-1.211,-55.397)},
        {t=0.271,cf=CFrame.new(6650.110,1188.339,-2581.027,0.999,0.000,0.043,0.000,1.000,0.000,-0.043,0.000,0.999),s="Running",v=Vector3.new(20.427,-0.944,-54.749)},
        {t=0.275,cf=CFrame.new(6650.195,1188.319,-2581.262,1.000,0.000,0.018,0.000,1.000,0.000,-0.018,0.000,1.000),s="Running",v=Vector3.new(22.245,-0.847,-54.040)},
        {t=0.279,cf=CFrame.new(6650.287,1188.299,-2581.490,1.000,-0.000,-0.003,0.000,1.000,-0.000,0.003,0.000,1.000),s="Running",v=Vector3.new(24.094,-11.370,-53.247)},
        {t=0.284,cf=CFrame.new(6650.387,1188.241,-2581.718,1.000,-0.000,-0.027,0.000,1.000,-0.000,0.027,0.000,1.000),s="Running",v=Vector3.new(25.536,-14.259,-52.582)},
        {t=0.289,cf=CFrame.new(6650.494,1188.171,-2581.944,0.999,-0.000,-0.051,0.000,1.000,-0.000,0.051,0.000,0.999),s="Running",v=Vector3.new(27.952,-10.515,-51.301)},
        {t=0.293,cf=CFrame.new(6650.611,1188.119,-2582.167,0.997,-0.000,-0.077,0.000,1.000,-0.000,0.077,0.000,0.997),s="Running",v=Vector3.new(29.835,-5.169,-50.246)},
        {t=0.299,cf=CFrame.new(6650.740,1188.090,-2582.390,0.994,-0.000,-0.105,0.000,1.000,-0.000,0.105,0.000,0.994),s="Running",v=Vector3.new(31.858,-1.376,-48.996)},
        {t=0.303,cf=CFrame.new(6650.874,1188.085,-2582.602,0.992,-0.000,-0.128,0.000,1.000,-0.000,0.128,0.000,0.992),s="Running",v=Vector3.new(33.636,0.733,-47.789)},
        {t=0.307,cf=CFrame.new(6651.017,1188.085,-2582.812,0.988,-0.000,-0.153,0.000,1.000,-0.000,0.153,0.000,0.988),s="Running",v=Vector3.new(35.162,1.546,-46.690)},
        {t=0.312,cf=CFrame.new(6651.167,1188.088,-2583.018,0.984,-0.000,-0.178,0.000,1.000,-0.000,0.178,0.000,0.984),s="Running",v=Vector3.new(36.784,1.783,-45.422)},
        {t=0.317,cf=CFrame.new(6651.450,1188.094,-2583.374,0.979,-0.000,-0.205,0.000,1.000,-0.000,0.205,0.000,0.979),s="Running",v=Vector3.new(37.605,1.688,-43.262)},
        {t=0.321,cf=CFrame.new(6651.606,1188.096,-2583.560,0.973,-0.000,-0.230,0.000,1.000,-0.000,0.230,0.000,0.973),s="Running",v=Vector3.new(39.473,1.653,-42.732)},
        {t=0.325,cf=CFrame.new(6651.770,1188.099,-2583.744,0.967,-0.000,-0.255,0.000,1.000,-0.000,0.255,0.000,0.967),s="Running",v=Vector3.new(40.686,1.523,-41.881)},
        {t=0.332,cf=CFrame.new(6651.951,1188.101,-2583.940,0.956,-0.000,-0.294,0.000,1.000,-0.000,0.294,0.000,0.956),s="Running",v=Vector3.new(42.597,1.286,-39.996)},
        {t=0.339,cf=CFrame.new(6652.290,1188.104,-2584.267,0.943,-0.000,-0.334,0.000,1.000,-0.000,0.334,0.000,0.943),s="Running",v=Vector3.new(43.436,0.977,-37.408)},
        {t=0.343,cf=CFrame.new(6652.471,1188.106,-2584.429,0.934,-0.000,-0.357,0.000,1.000,-0.000,0.357,0.000,0.934),s="Running",v=Vector3.new(44.936,0.899,-36.966)},
        {t=0.348,cf=CFrame.new(6652.662,1188.107,-2584.591,0.925,-0.000,-0.381,0.000,1.000,-0.000,0.381,0.000,0.925),s="Running",v=Vector3.new(46.318,0.762,-35.549)},
        {t=0.352,cf=CFrame.new(6652.860,1188.108,-2584.750,0.914,-0.000,-0.405,0.000,1.000,-0.000,0.405,0.000,0.914),s="Running",v=Vector3.new(47.299,0.638,-34.344)},
        {t=0.357,cf=CFrame.new(6653.064,1188.109,-2584.903,0.904,-0.000,-0.428,0.000,1.000,-0.000,0.428,0.000,0.904),s="Running",v=Vector3.new(48.147,0.533,-33.177)},
        {t=0.361,cf=CFrame.new(6653.432,1188.106,-2585.162,0.893,-0.000,-0.450,0.000,1.000,-0.000,0.450,0.000,0.893),s="Running",v=Vector3.new(47.848,0.355,-31.623)},
        {t=0.366,cf=CFrame.new(6653.633,1188.107,-2585.301,0.880,-0.000,-0.475,0.000,1.000,-0.000,0.475,0.000,0.880),s="Running",v=Vector3.new(49.339,0.379,-30.856)},
        {t=0.370,cf=CFrame.new(6653.839,1188.107,-2585.435,0.868,-0.000,-0.496,0.000,1.000,-0.000,0.496,0.000,0.868),s="Running",v=Vector3.new(50.335,0.334,-29.613)},
        {t=0.375,cf=CFrame.new(6654.049,1188.108,-2585.564,0.856,-0.000,-0.518,0.000,1.000,-0.000,0.518,0.000,0.856),s="Running",v=Vector3.new(50.961,0.290,-28.644)},
        {t=0.379,cf=CFrame.new(6654.262,1188.108,-2585.689,0.843,-0.000,-0.538,0.000,1.000,-0.000,0.538,0.000,0.843),s="Running",v=Vector3.new(51.464,0.247,-27.765)},
        {t=0.384,cf=CFrame.new(6654.478,1188.109,-2585.811,0.829,-0.000,-0.559,0.000,1.000,-0.000,0.559,0.000,0.829),s="Running",v=Vector3.new(51.998,0.212,-26.761)},
        {t=0.388,cf=CFrame.new(6654.698,1188.106,-2585.929,0.816,-0.000,-0.578,0.000,1.000,-0.000,0.578,0.000,0.816),s="Running",v=Vector3.new(52.556,-0.003,-25.645)},
        {t=0.392,cf=CFrame.new(6654.917,1188.106,-2586.041,0.804,-0.000,-0.595,0.000,1.000,-0.000,0.595,0.000,0.804),s="Running",v=Vector3.new(52.991,0.137,-24.743)},
        {t=0.396,cf=CFrame.new(6655.141,1188.106,-2586.150,0.790,-0.000,-0.613,0.000,1.000,-0.000,0.613,0.000,0.790),s="Running",v=Vector3.new(53.311,0.139,-24.057)},
        {t=0.400,cf=CFrame.new(6655.367,1188.107,-2586.257,0.776,-0.000,-0.631,0.000,1.000,-0.000,0.631,0.000,0.776),s="Running",v=Vector3.new(53.742,0.121,-23.071)},
        {t=0.405,cf=CFrame.new(6655.596,1188.107,-2586.360,0.761,-0.000,-0.649,0.000,1.000,-0.000,0.649,0.000,0.761),s="Running",v=Vector3.new(54.132,0.104,-22.142)},
        {t=0.409,cf=CFrame.new(6655.823,1188.107,-2586.458,0.747,-0.000,-0.664,0.000,1.000,-0.000,0.664,0.000,0.747),s="Running",v=Vector3.new(54.392,0.090,-21.507)},
        {t=0.414,cf=CFrame.new(6656.056,1188.108,-2586.555,0.731,-0.000,-0.682,0.000,1.000,-0.000,0.682,0.000,0.731),s="Running",v=Vector3.new(54.722,0.076,-20.647)},
        {t=0.418,cf=CFrame.new(6656.477,1188.108,-2586.719,0.716,-0.000,-0.698,0.000,1.000,-0.000,0.698,0.000,0.716),s="Running",v=Vector3.new(54.097,0.057,-19.069)},
        {t=0.422,cf=CFrame.new(6656.495,1188.108,-2586.729,0.705,-0.000,-0.710,0.000,1.000,-0.000,0.710,0.000,0.705),s="Running",v=Vector3.new(56.152,0.058,-19.168)},
        {t=0.426,cf=CFrame.new(6656.734,1188.108,-2586.815,0.690,-0.000,-0.724,0.000,1.000,-0.000,0.724,0.000,0.690),s="Running",v=Vector3.new(55.750,0.046,-18.384)},
        {t=0.430,cf=CFrame.new(6656.972,1188.108,-2586.897,0.675,-0.000,-0.737,0.000,1.000,-0.000,0.737,0.000,0.675),s="Running",v=Vector3.new(55.828,0.039,-17.622)},
        {t=0.435,cf=CFrame.new(6657.215,1188.108,-2586.979,0.660,-0.000,-0.752,0.000,1.000,-0.000,0.752,0.000,0.660),s="Running",v=Vector3.new(56.007,0.031,-16.916)},
        {t=0.439,cf=CFrame.new(6657.455,1188.109,-2587.055,0.645,-0.000,-0.764,0.000,1.000,-0.000,0.764,0.000,0.645),s="Running",v=Vector3.new(56.195,0.027,-16.243)},
        {t=0.443,cf=CFrame.new(6657.692,1188.109,-2587.127,0.633,-0.000,-0.774,0.000,1.000,-0.000,0.774,0.000,0.633),s="Running",v=Vector3.new(56.315,0.023,-15.821)},
        {t=0.448,cf=CFrame.new(6657.938,1188.109,-2587.201,0.617,-0.000,-0.787,0.000,1.000,-0.000,0.787,0.000,0.617),s="Running",v=Vector3.new(56.477,0.019,-15.231)},
        {t=0.452,cf=CFrame.new(6658.179,1188.109,-2587.270,0.603,-0.000,-0.798,0.000,1.000,-0.000,0.798,0.000,0.603),s="Running",v=Vector3.new(56.606,0.016,-14.744)},
        {t=0.456,cf=CFrame.new(6658.419,1188.109,-2587.336,0.590,-0.000,-0.807,0.000,1.000,-0.000,0.807,0.000,0.590),s="Running",v=Vector3.new(56.704,0.013,-14.368)},
        {t=0.459,cf=CFrame.new(6658.659,1188.109,-2587.400,0.578,-0.000,-0.816,0.000,1.000,-0.000,0.816,0.000,0.578),s="Running",v=Vector3.new(56.787,0.011,-14.040)},
        {t=0.463,cf=CFrame.new(6658.901,1188.109,-2587.464,0.566,-0.000,-0.825,0.000,1.000,-0.000,0.825,0.000,0.566),s="Running",v=Vector3.new(56.864,0.010,-13.727)},
        {t=0.467,cf=CFrame.new(6659.142,1188.109,-2587.525,0.554,-0.000,-0.833,0.000,1.000,-0.000,0.833,0.000,0.554),s="Running",v=Vector3.new(56.912,0.010,-13.526)},
        {t=0.471,cf=CFrame.new(6659.379,1188.109,-2587.585,0.543,-0.000,-0.840,0.000,1.000,-0.000,0.840,0.000,0.543),s="Running",v=Vector3.new(56.945,0.009,-13.391)},
        {t=0.475,cf=CFrame.new(6659.619,1188.109,-2587.645,0.532,-0.000,-0.847,0.000,1.000,-0.000,0.847,0.000,0.532),s="Running",v=Vector3.new(56.963,0.009,-13.316)},
        {t=0.479,cf=CFrame.new(6659.858,1188.109,-2587.704,0.520,-0.000,-0.854,0.000,1.000,-0.000,0.854,0.000,0.520),s="Running",v=Vector3.new(56.970,0.009,-13.284)},
        {t=0.483,cf=CFrame.new(6660.098,1188.109,-2587.763,0.509,-0.000,-0.861,0.000,1.000,-0.000,0.861,0.000,0.509),s="Running",v=Vector3.new(56.967,0.009,-13.297)},
        {t=0.487,cf=CFrame.new(6660.336,1188.109,-2587.822,0.499,-0.000,-0.866,0.000,1.000,-0.000,0.866,0.000,0.499),s="Running",v=Vector3.new(56.949,0.009,-13.377)},
        {t=0.491,cf=CFrame.new(6660.576,1188.109,-2587.881,0.490,-0.000,-0.872,0.000,1.000,-0.000,0.872,0.000,0.490),s="Running",v=Vector3.new(56.937,0.009,-13.426)},
        {t=0.495,cf=CFrame.new(6660.818,1188.109,-2587.941,0.479,-0.000,-0.878,0.000,1.000,-0.000,0.878,0.000,0.479),s="Running",v=Vector3.new(56.933,0.009,-13.446)},
        {t=0.500,cf=CFrame.new(6661.061,1188.109,-2588.002,0.468,-0.000,-0.883,0.000,1.000,-0.000,0.883,0.000,0.468),s="Running",v=Vector3.new(56.931,0.009,-13.454)},
        {t=0.504,cf=CFrame.new(6661.298,1188.109,-2588.060,0.460,-0.000,-0.888,0.000,1.000,-0.000,0.888,0.000,0.460),s="Running",v=Vector3.new(56.930,0.009,-13.457)},
        {t=0.508,cf=CFrame.new(6661.540,1188.109,-2588.120,0.451,-0.000,-0.892,0.000,1.000,-0.000,0.892,0.000,0.451),s="Running",v=Vector3.new(56.930,0.009,-13.459)},
        {t=0.512,cf=CFrame.new(6661.781,1188.109,-2588.179,0.443,-0.000,-0.897,0.000,1.000,-0.000,0.897,0.000,0.443),s="Running",v=Vector3.new(56.929,0.009,-13.459)},
        {t=0.516,cf=CFrame.new(6662.023,1188.109,-2588.239,0.434,-0.000,-0.901,0.000,1.000,-0.000,0.901,0.000,0.434),s="Running",v=Vector3.new(56.929,0.009,-13.459)},
        {t=0.520,cf=CFrame.new(6662.261,1188.109,-2588.298,0.427,-0.000,-0.904,0.000,1.000,-0.000,0.904,0.000,0.427),s="Running",v=Vector3.new(56.929,0.009,-13.459)},
        {t=0.524,cf=CFrame.new(6662.497,1188.109,-2588.355,0.420,-0.000,-0.907,0.000,1.000,-0.000,0.907,0.000,0.420),s="Running",v=Vector3.new(56.929,0.009,-13.459)},
        {t=0.529,cf=CFrame.new(6662.742,1188.109,-2588.416,0.411,-0.000,-0.912,0.000,1.000,-0.000,0.912,0.000,0.411),s="Running",v=Vector3.new(56.929,0.009,-13.459)},
        {t=0.533,cf=CFrame.new(6662.980,1188.109,-2588.474,0.404,-0.000,-0.915,0.000,1.000,-0.000,0.915,0.000,0.404),s="Running",v=Vector3.new(56.929,0.009,-13.459)},
        {t=0.537,cf=CFrame.new(6663.219,1188.109,-2588.533,0.398,-0.000,-0.917,0.000,1.000,-0.000,0.917,0.000,0.398),s="Running",v=Vector3.new(56.929,0.009,-13.459)},
        {t=0.540,cf=CFrame.new(6663.456,1188.109,-2588.590,0.392,-0.000,-0.920,0.000,1.000,-0.000,0.920,0.000,0.392),s="Running",v=Vector3.new(56.929,0.009,-13.459)},
        {t=0.546,cf=CFrame.new(6663.705,1188.109,-2588.652,0.384,-0.000,-0.923,0.000,1.000,-0.000,0.923,0.000,0.384),s="Running",v=Vector3.new(56.929,0.009,-13.459)},
        {t=0.550,cf=CFrame.new(6663.950,1188.109,-2588.711,0.377,-0.000,-0.926,0.000,1.000,-0.000,0.926,0.000,0.377),s="Running",v=Vector3.new(56.929,0.009,-13.459)},
        {t=0.555,cf=CFrame.new(6664.193,1188.109,-2588.771,0.371,-0.000,-0.928,0.000,1.000,-0.000,0.928,0.000,0.371),s="Running",v=Vector3.new(56.929,0.009,-13.459)},
        {t=0.560,cf=CFrame.new(6664.447,1188.109,-2588.833,0.364,-0.000,-0.931,0.000,1.000,-0.000,0.931,0.000,0.364),s="Running",v=Vector3.new(56.929,0.009,-13.459)},
        {t=0.566,cf=CFrame.new(6664.707,1188.109,-2588.896,0.356,-0.000,-0.934,0.000,1.000,-0.000,0.934,0.000,0.356),s="Running",v=Vector3.new(56.929,0.009,-13.459)},
        {t=0.570,cf=CFrame.new(6665.148,1188.109,-2589.002,0.352,-0.000,-0.936,0.000,1.000,-0.000,0.936,0.000,0.352),s="Running",v=Vector3.new(55.834,0.008,-13.200)},
        {t=0.574,cf=CFrame.new(6665.383,1188.109,-2589.059,0.347,-0.000,-0.938,0.000,1.000,-0.000,0.938,0.000,0.347),s="Running",v=Vector3.new(56.655,0.009,-13.395)},
        {t=0.579,cf=CFrame.new(6665.628,1188.109,-2589.119,0.341,-0.000,-0.940,0.000,1.000,-0.000,0.940,0.000,0.341),s="Running",v=Vector3.new(56.861,0.009,-13.443)},
        {t=0.583,cf=CFrame.new(6665.867,1188.109,-2589.176,0.337,-0.000,-0.941,0.000,1.000,-0.000,0.941,0.000,0.337),s="Running",v=Vector3.new(56.912,0.009,-13.455)},
        {t=0.586,cf=CFrame.new(6666.105,1188.109,-2589.234,0.334,-0.000,-0.943,0.000,1.000,-0.000,0.943,0.000,0.334),s="Running",v=Vector3.new(56.925,0.009,-13.458)},
        {t=0.592,cf=CFrame.new(6666.357,1188.109,-2589.295,0.328,-0.000,-0.945,0.000,1.000,-0.000,0.945,0.000,0.328),s="Running",v=Vector3.new(56.928,0.009,-13.459)},
        {t=0.596,cf=CFrame.new(6666.601,1188.109,-2589.354,0.324,-0.000,-0.946,0.000,1.000,-0.000,0.946,0.000,0.324),s="Running",v=Vector3.new(56.929,0.009,-13.459)},
        {t=0.600,cf=CFrame.new(6666.845,1188.109,-2589.413,0.320,-0.000,-0.947,0.000,1.000,-0.000,0.947,0.000,0.320),s="Running",v=Vector3.new(56.929,0.009,-13.459)},
        {t=0.605,cf=CFrame.new(6667.090,1188.109,-2589.472,0.316,-0.000,-0.949,0.000,1.000,-0.000,0.949,0.000,0.316),s="Running",v=Vector3.new(56.929,0.009,-13.459)},
        {t=0.610,cf=CFrame.new(6667.344,1188.109,-2589.533,0.312,-0.000,-0.950,0.000,1.000,-0.000,0.950,0.000,0.312),s="Running",v=Vector3.new(56.929,0.009,-13.459)},
        {t=0.614,cf=CFrame.new(6667.589,1188.109,-2589.592,0.309,-0.000,-0.951,0.000,1.000,-0.000,0.951,0.000,0.309),s="Running",v=Vector3.new(56.929,0.009,-13.459)},
        {t=0.618,cf=CFrame.new(6667.833,1188.109,-2589.650,0.306,-0.000,-0.952,0.000,1.000,-0.000,0.952,0.000,0.306),s="Running",v=Vector3.new(56.929,0.009,-13.459)},
        {t=0.622,cf=CFrame.new(6668.073,1188.109,-2589.708,0.303,-0.000,-0.953,0.000,1.000,-0.000,0.953,0.000,0.303),s="Running",v=Vector3.new(56.929,0.009,-13.459)},
        {t=0.625,cf=CFrame.new(6668.315,1188.109,-2589.766,0.300,-0.000,-0.954,0.000,1.000,-0.000,0.954,0.000,0.300),s="Running",v=Vector3.new(56.929,0.009,-13.459)},
        {t=0.629,cf=CFrame.new(6668.557,1188.109,-2589.824,0.298,-0.000,-0.955,0.000,1.000,-0.000,0.955,0.000,0.298),s="Running",v=Vector3.new(56.929,0.009,-13.459)},
        {t=0.633,cf=CFrame.new(6668.795,1188.109,-2589.881,0.295,-0.000,-0.955,0.000,1.000,-0.000,0.955,0.000,0.295),s="Running",v=Vector3.new(56.929,0.009,-13.459)},
        {t=0.637,cf=CFrame.new(6669.032,1188.109,-2589.938,0.293,-0.000,-0.956,0.000,1.000,-0.000,0.956,0.000,0.293),s="Running",v=Vector3.new(56.929,0.009,-13.459)},
        {t=0.641,cf=CFrame.new(6669.273,1188.109,-2589.995,0.291,-0.000,-0.957,0.000,1.000,-0.000,0.957,0.000,0.291),s="Running",v=Vector3.new(56.929,0.009,-13.459)},
        {t=0.645,cf=CFrame.new(6669.514,1188.109,-2590.053,0.288,-0.000,-0.958,0.000,1.000,-0.000,0.958,0.000,0.288),s="Running",v=Vector3.new(56.929,0.009,-13.459)},
        {t=0.649,cf=CFrame.new(6669.754,1188.109,-2590.111,0.286,-0.000,-0.958,0.000,1.000,-0.000,0.958,0.000,0.286),s="Running",v=Vector3.new(56.929,0.009,-13.459)},
        {t=0.654,cf=CFrame.new(6669.999,1188.109,-2590.169,0.283,-0.000,-0.959,0.000,1.000,-0.000,0.959,0.000,0.283),s="Running",v=Vector3.new(56.929,0.009,-13.459)},
        {t=0.657,cf=CFrame.new(6670.020,1188.109,-2590.175,0.282,-0.000,-0.960,0.000,1.000,-0.000,0.960,0.000,0.282),s="Running",v=Vector3.new(58.025,0.010,-13.719)},
        {t=0.663,cf=CFrame.new(6670.484,1188.109,-2590.285,0.279,-0.000,-0.960,0.000,1.000,-0.000,0.960,0.000,0.279),s="Running",v=Vector3.new(56.108,0.008,-13.265)},
        {t=0.667,cf=CFrame.new(6670.723,1188.109,-2590.342,0.277,-0.000,-0.961,0.000,1.000,-0.000,0.961,0.000,0.277),s="Running",v=Vector3.new(56.724,0.009,-13.411)},
        {t=0.670,cf=CFrame.new(6670.961,1188.109,-2590.399,0.275,-0.000,-0.961,0.000,1.000,-0.000,0.961,0.000,0.275),s="Running",v=Vector3.new(56.889,0.009,-13.401)},
        {t=0.675,cf=CFrame.new(6671.204,1188.109,-2590.457,0.273,-0.000,-0.962,0.000,1.000,-0.000,0.962,0.000,0.273),s="Running",v=Vector3.new(56.958,0.009,-13.278)},
        {t=0.679,cf=CFrame.new(6671.448,1188.109,-2590.514,0.270,-0.000,-0.963,0.000,1.000,-0.000,0.963,0.000,0.270),s="Running",v=Vector3.new(57.020,0.009,-13.052)},
        {t=0.683,cf=CFrame.new(6671.689,1188.109,-2590.570,0.268,-0.000,-0.963,0.000,1.000,-0.000,0.963,0.000,0.268),s="Running",v=Vector3.new(57.088,0.009,-12.759)},
        {t=0.687,cf=CFrame.new(6671.931,1188.109,-2590.625,0.265,-0.000,-0.964,0.000,1.000,-0.000,0.964,0.000,0.265),s="Running",v=Vector3.new(57.154,0.009,-12.464)},
        {t=0.691,cf=CFrame.new(6672.172,1188.109,-2590.678,0.263,-0.000,-0.965,0.000,1.000,-0.000,0.965,0.000,0.263),s="Running",v=Vector3.new(57.234,0.009,-12.090)},
        {t=0.696,cf=CFrame.new(6672.421,1188.109,-2590.731,0.259,-0.000,-0.966,0.000,1.000,-0.000,0.966,0.000,0.259),s="Running",v=Vector3.new(57.321,0.009,-11.669)},
        {t=0.700,cf=CFrame.new(6672.664,1188.109,-2590.781,0.256,-0.000,-0.967,0.000,1.000,-0.000,0.967,0.000,0.256),s="Running",v=Vector3.new(57.406,0.009,-11.243)},
        {t=0.703,cf=CFrame.new(6672.906,1188.109,-2590.829,0.253,-0.000,-0.968,0.000,1.000,-0.000,0.968,0.000,0.253),s="Running",v=Vector3.new(57.488,0.009,-10.812)},
        {t=0.708,cf=CFrame.new(6673.155,1188.109,-2590.877,0.249,-0.000,-0.969,0.000,1.000,-0.000,0.969,0.000,0.249),s="Running",v=Vector3.new(57.562,0.009,-10.415)},
        {t=0.712,cf=CFrame.new(6673.400,1188.109,-2590.922,0.245,-0.000,-0.969,0.000,1.000,-0.000,0.969,0.000,0.245),s="Running",v=Vector3.new(57.618,0.009,-10.103)},
        {t=0.717,cf=CFrame.new(6673.654,1188.109,-2590.968,0.241,-0.000,-0.971,0.000,1.000,-0.000,0.971,0.000,0.241),s="Running",v=Vector3.new(57.693,0.009,-9.662)},
        {t=0.721,cf=CFrame.new(6673.900,1188.109,-2591.010,0.237,-0.000,-0.971,0.000,1.000,-0.000,0.971,0.000,0.237),s="Running",v=Vector3.new(57.746,0.009,-9.343)},
        {t=0.725,cf=CFrame.new(6674.151,1188.109,-2591.051,0.233,-0.000,-0.972,0.000,1.000,-0.000,0.972,0.000,0.233),s="Running",v=Vector3.new(57.803,0.009,-8.987)},
        {t=0.730,cf=CFrame.new(6674.399,1188.109,-2591.091,0.230,-0.000,-0.973,0.000,1.000,-0.000,0.973,0.000,0.230),s="Running",v=Vector3.new(57.843,0.009,-8.727)},
        {t=0.734,cf=CFrame.new(6674.650,1188.109,-2591.130,0.226,-0.000,-0.974,0.000,1.000,-0.000,0.974,0.000,0.226),s="Running",v=Vector3.new(57.870,0.009,-8.548)},
        {t=0.739,cf=CFrame.new(6674.901,1188.109,-2591.168,0.222,-0.000,-0.975,0.000,1.000,-0.000,0.975,0.000,0.222),s="Running",v=Vector3.new(57.900,0.009,-8.340)},
        {t=0.742,cf=CFrame.new(6675.148,1188.109,-2591.204,0.219,-0.000,-0.976,0.000,1.000,-0.000,0.976,0.000,0.219),s="Running",v=Vector3.new(57.931,0.009,-8.126)},
        {t=0.748,cf=CFrame.new(6675.410,1188.109,-2591.242,0.214,-0.000,-0.977,0.000,1.000,-0.000,0.977,0.000,0.214),s="Running",v=Vector3.new(57.958,0.009,-7.935)},
        {t=0.752,cf=CFrame.new(6675.664,1188.109,-2591.278,0.210,-0.000,-0.978,0.000,1.000,-0.000,0.978,0.000,0.210),s="Running",v=Vector3.new(57.984,0.009,-7.742)},
        {t=0.757,cf=CFrame.new(6675.921,1188.109,-2591.313,0.207,-0.000,-0.978,0.000,1.000,-0.000,0.978,0.000,0.207),s="Running",v=Vector3.new(58.004,0.009,-7.593)},
        {t=0.761,cf=CFrame.new(6676.176,1188.109,-2591.348,0.203,-0.000,-0.979,0.000,1.000,-0.000,0.979,0.000,0.203),s="Running",v=Vector3.new(58.022,0.009,-7.452)},
        {t=0.766,cf=CFrame.new(6676.432,1188.109,-2591.382,0.199,-0.000,-0.980,0.000,1.000,-0.000,0.980,0.000,0.199),s="Running",v=Vector3.new(58.037,0.009,-7.331)},
        {t=0.770,cf=CFrame.new(6676.883,1188.109,-2591.440,0.196,-0.000,-0.981,0.000,1.000,-0.000,0.981,0.000,0.196),s="Running",v=Vector3.new(56.938,0.008,-7.045)},
        {t=0.774,cf=CFrame.new(6677.126,1188.109,-2591.471,0.193,-0.000,-0.981,0.000,1.000,-0.000,0.981,0.000,0.193),s="Running",v=Vector3.new(57.793,0.009,-7.013)},
        {t=0.779,cf=CFrame.new(6677.376,1188.109,-2591.502,0.189,-0.000,-0.982,0.000,1.000,-0.000,0.982,0.000,0.189),s="Running",v=Vector3.new(58.014,0.009,-6.943)},
        {t=0.784,cf=CFrame.new(6677.627,1188.109,-2591.533,0.186,-0.000,-0.983,0.000,1.000,-0.000,0.983,0.000,0.186),s="Running",v=Vector3.new(58.075,0.009,-6.878)},
        {t=0.788,cf=CFrame.new(6677.877,1188.109,-2591.564,0.183,-0.000,-0.983,0.000,1.000,-0.000,0.983,0.000,0.183),s="Running",v=Vector3.new(58.098,0.009,-6.797)},
        {t=0.792,cf=CFrame.new(6678.128,1188.109,-2591.594,0.180,-0.000,-0.984,0.000,1.000,-0.000,0.984,0.000,0.180),s="Running",v=Vector3.new(58.112,0.009,-6.703)},
        {t=0.798,cf=CFrame.new(6678.386,1188.109,-2591.625,0.177,-0.000,-0.984,0.000,1.000,-0.000,0.984,0.000,0.177),s="Running",v=Vector3.new(58.119,0.009,-6.650)},
        {t=0.802,cf=CFrame.new(6678.638,1188.109,-2591.655,0.174,-0.000,-0.985,0.000,1.000,-0.000,0.985,0.000,0.174),s="Running",v=Vector3.new(58.122,0.009,-6.631)},
        {t=0.806,cf=CFrame.new(6678.891,1188.109,-2591.684,0.171,-0.000,-0.985,0.000,1.000,-0.000,0.985,0.000,0.171),s="Running",v=Vector3.new(58.123,0.009,-6.623)},
        {t=0.811,cf=CFrame.new(6679.149,1188.109,-2591.715,0.169,-0.000,-0.986,0.000,1.000,-0.000,0.986,0.000,0.169),s="Running",v=Vector3.new(58.123,0.009,-6.620)},
        {t=0.816,cf=CFrame.new(6679.418,1188.109,-2591.746,0.166,-0.000,-0.986,0.000,1.000,-0.000,0.986,0.000,0.166),s="Running",v=Vector3.new(58.123,0.009,-6.619)},
        {t=0.821,cf=CFrame.new(6679.871,1188.109,-2591.799,0.164,-0.000,-0.987,0.000,1.000,-0.000,0.987,0.000,0.164),s="Running",v=Vector3.new(57.004,0.008,-6.491)},
        {t=0.824,cf=CFrame.new(6679.897,1188.109,-2591.802,0.162,-0.000,-0.987,0.000,1.000,-0.000,0.987,0.000,0.162),s="Running",v=Vector3.new(58.962,0.010,-6.714)},
        {t=0.828,cf=CFrame.new(6680.160,1188.109,-2591.833,0.160,-0.000,-0.987,0.000,1.000,-0.000,0.987,0.000,0.160),s="Running",v=Vector3.new(58.333,0.009,-6.642)},
        {t=0.833,cf=CFrame.new(6680.422,1188.109,-2591.864,0.158,-0.000,-0.988,0.000,1.000,-0.000,0.988,0.000,0.158),s="Running",v=Vector3.new(58.176,0.009,-6.625)},
        {t=0.838,cf=CFrame.new(6680.876,1188.109,-2591.916,0.156,-0.000,-0.988,0.000,1.000,-0.000,0.988,0.000,0.156),s="Running",v=Vector3.new(57.018,0.008,-6.493)},
        {t=0.842,cf=CFrame.new(6681.125,1188.109,-2591.945,0.154,-0.000,-0.988,0.000,1.000,-0.000,0.988,0.000,0.154),s="Running",v=Vector3.new(57.847,0.009,-6.587)},
        {t=0.847,cf=CFrame.new(6681.378,1188.109,-2591.975,0.152,-0.000,-0.988,0.000,1.000,-0.000,0.988,0.000,0.152),s="Running",v=Vector3.new(58.054,0.009,-6.611)},
        {t=0.852,cf=CFrame.new(6681.631,1188.109,-2592.004,0.150,-0.000,-0.989,0.000,1.000,-0.000,0.989,0.000,0.150),s="Running",v=Vector3.new(58.106,0.009,-6.617)},
        {t=0.856,cf=CFrame.new(6681.886,1188.109,-2592.033,0.149,-0.000,-0.989,0.000,1.000,-0.000,0.989,0.000,0.149),s="Running",v=Vector3.new(58.119,0.009,-6.618)},
        {t=0.861,cf=CFrame.new(6682.138,1188.109,-2592.062,0.147,-0.000,-0.989,0.000,1.000,-0.000,0.989,0.000,0.147),s="Running",v=Vector3.new(58.122,0.009,-6.618)},
        {t=0.866,cf=CFrame.new(6682.593,1188.109,-2592.115,0.145,-0.000,-0.989,0.000,1.000,-0.000,0.989,0.000,0.145),s="Running",v=Vector3.new(57.004,0.008,-6.491)},
        {t=0.870,cf=CFrame.new(6682.837,1188.109,-2592.143,0.144,-0.000,-0.990,0.000,1.000,-0.000,0.990,0.000,0.144),s="Running",v=Vector3.new(57.843,0.009,-6.587)},
        {t=0.875,cf=CFrame.new(6683.089,1188.109,-2592.172,0.143,-0.000,-0.990,0.000,1.000,-0.000,0.990,0.000,0.143),s="Running",v=Vector3.new(58.053,0.009,-6.611)},
        {t=0.879,cf=CFrame.new(6683.341,1188.109,-2592.201,0.141,-0.000,-0.990,0.000,1.000,-0.000,0.990,0.000,0.141),s="Running",v=Vector3.new(58.106,0.009,-6.617)},
        {t=0.884,cf=CFrame.new(6683.591,1188.109,-2592.230,0.140,-0.000,-0.990,0.000,1.000,-0.000,0.990,0.000,0.140),s="Running",v=Vector3.new(58.119,0.009,-6.618)},
        {t=0.888,cf=CFrame.new(6683.842,1188.109,-2592.259,0.139,-0.000,-0.990,0.000,1.000,-0.000,0.990,0.000,0.139),s="Running",v=Vector3.new(58.122,0.009,-6.618)},
        {t=0.892,cf=CFrame.new(6684.089,1188.109,-2592.287,0.138,-0.000,-0.990,0.000,1.000,-0.000,0.990,0.000,0.138),s="Running",v=Vector3.new(58.123,0.009,-6.619)},
        {t=0.897,cf=CFrame.new(6684.347,1188.109,-2592.317,0.137,-0.000,-0.991,0.000,1.000,-0.000,0.991,0.000,0.137),s="Running",v=Vector3.new(58.123,0.009,-6.619)},
        {t=0.901,cf=CFrame.new(6684.596,1188.109,-2592.346,0.136,-0.000,-0.991,0.000,1.000,-0.000,0.991,0.000,0.136),s="Running",v=Vector3.new(58.123,0.009,-6.619)},
        {t=0.905,cf=CFrame.new(6684.848,1188.109,-2592.375,0.135,-0.000,-0.991,0.000,1.000,-0.000,0.991,0.000,0.135),s="Running",v=Vector3.new(58.123,0.009,-6.619)},
        {t=0.909,cf=CFrame.new(6685.093,1188.109,-2592.403,0.134,-0.000,-0.991,0.000,1.000,-0.000,0.991,0.000,0.134),s="Running",v=Vector3.new(58.123,0.009,-6.619)},
        {t=0.913,cf=CFrame.new(6685.340,1188.109,-2592.431,0.133,-0.000,-0.991,0.000,1.000,-0.000,0.991,0.000,0.133),s="Running",v=Vector3.new(58.123,0.009,-6.619)},
        {t=0.918,cf=CFrame.new(6685.597,1188.109,-2592.461,0.132,-0.000,-0.991,0.000,1.000,-0.000,0.991,0.000,0.132),s="Running",v=Vector3.new(58.119,0.009,-6.652)},
        {t=0.922,cf=CFrame.new(6685.848,1188.109,-2592.490,0.132,-0.000,-0.991,0.000,1.000,-0.000,0.991,0.000,0.132),s="Running",v=Vector3.new(58.115,0.009,-6.689)},
        {t=0.926,cf=CFrame.new(6686.099,1188.109,-2592.519,0.131,-0.000,-0.991,0.000,1.000,-0.000,0.991,0.000,0.131),s="Running",v=Vector3.new(58.109,0.009,-6.739)},
        {t=0.931,cf=CFrame.new(6686.547,1188.109,-2592.571,0.131,-0.000,-0.991,0.000,1.000,-0.000,0.991,0.000,0.131),s="Running",v=Vector3.new(56.986,0.008,-6.656)},
        {t=0.936,cf=CFrame.new(6686.794,1188.109,-2592.600,0.130,-0.000,-0.992,0.000,1.000,-0.000,0.992,0.000,0.130),s="Running",v=Vector3.new(57.815,0.009,-6.828)},
        {t=0.940,cf=CFrame.new(6687.038,1188.109,-2592.629,0.130,-0.000,-0.992,0.000,1.000,-0.000,0.992,0.000,0.130),s="Running",v=Vector3.new(58.021,0.009,-6.887)},
        {t=0.943,cf=CFrame.new(6687.058,1188.109,-2592.632,0.129,-0.000,-0.992,0.000,1.000,-0.000,0.992,0.000,0.129),s="Running",v=Vector3.new(59.186,0.010,-7.076)},
        {t=0.947,cf=CFrame.new(6687.312,1188.109,-2592.662,0.129,-0.000,-0.992,0.000,1.000,-0.000,0.992,0.000,0.129),s="Running",v=Vector3.new(58.355,0.009,-7.018)},
        {t=0.951,cf=CFrame.new(6687.564,1188.109,-2592.693,0.129,-0.000,-0.992,0.000,1.000,-0.000,0.992,0.000,0.129),s="Running",v=Vector3.new(58.142,0.009,-7.048)},
        {t=0.956,cf=CFrame.new(6687.818,1188.109,-2592.724,0.128,-0.000,-0.992,0.000,1.000,-0.000,0.992,0.000,0.128),s="Running",v=Vector3.new(58.085,0.009,-7.089)},
        {t=0.960,cf=CFrame.new(6688.067,1188.109,-2592.754,0.128,-0.000,-0.992,0.000,1.000,-0.000,0.992,0.000,0.128),s="Running",v=Vector3.new(58.069,0.009,-7.110)},
        {t=0.964,cf=CFrame.new(6688.319,1188.109,-2592.785,0.128,-0.000,-0.992,0.000,1.000,-0.000,0.992,0.000,0.128),s="Running",v=Vector3.new(58.060,0.009,-7.156)},
        {t=0.969,cf=CFrame.new(6688.574,1188.109,-2592.817,0.128,-0.000,-0.992,0.000,1.000,-0.000,0.992,0.000,0.128),s="Running",v=Vector3.new(58.055,0.009,-7.197)},
        {t=0.973,cf=CFrame.new(6688.829,1188.109,-2592.848,0.128,-0.000,-0.992,0.000,1.000,-0.000,0.992,0.000,0.128),s="Running",v=Vector3.new(58.046,0.009,-7.265)},
        {t=0.976,cf=CFrame.new(6689.075,1188.109,-2592.879,0.128,-0.000,-0.992,0.000,1.000,-0.000,0.992,0.000,0.128),s="Running",v=Vector3.new(58.042,0.009,-7.298)},
        {t=0.981,cf=CFrame.new(6689.327,1188.109,-2592.911,0.128,-0.000,-0.992,0.000,1.000,-0.000,0.992,0.000,0.128),s="Running",v=Vector3.new(58.035,0.009,-7.351)},
        {t=0.985,cf=CFrame.new(6689.578,1188.109,-2592.943,0.128,-0.000,-0.992,0.000,1.000,-0.000,0.992,0.000,0.128),s="Running",v=Vector3.new(58.024,0.009,-7.437)},
        {t=0.989,cf=CFrame.new(6689.827,1188.109,-2592.975,0.128,-0.000,-0.992,0.000,1.000,-0.000,0.992,0.000,0.128),s="Running",v=Vector3.new(58.018,0.009,-7.488)},
        {t=0.993,cf=CFrame.new(6690.076,1188.109,-2593.007,0.128,-0.000,-0.992,0.000,1.000,-0.000,0.992,0.000,0.128),s="Running",v=Vector3.new(58.010,0.009,-7.545)},
        {t=0.998,cf=CFrame.new(6690.331,1188.109,-2593.040,0.128,-0.000,-0.992,0.000,1.000,-0.000,0.992,0.000,0.128),s="Running",v=Vector3.new(57.998,0.009,-7.639)},
        {t=1.002,cf=CFrame.new(6690.585,1188.109,-2593.074,0.129,-0.000,-0.992,0.000,1.000,-0.000,0.992,0.000,0.129),s="Running",v=Vector3.new(57.984,0.009,-7.744)},
        {t=1.006,cf=CFrame.new(6690.835,1188.109,-2593.107,0.129,-0.000,-0.992,0.000,1.000,-0.000,0.992,0.000,0.129),s="Running",v=Vector3.new(57.972,0.009,-7.831)},
        {t=1.011,cf=CFrame.new(6691.088,1188.109,-2593.141,0.129,-0.000,-0.992,0.000,1.000,-0.000,0.992,0.000,0.129),s="Running",v=Vector3.new(57.959,0.009,-7.931)},
        {t=1.016,cf=CFrame.new(6691.345,1188.109,-2593.176,0.130,-0.000,-0.991,0.000,1.000,-0.000,0.991,0.000,0.130),s="Running",v=Vector3.new(57.936,0.009,-8.094)},
        {t=1.020,cf=CFrame.new(6691.594,1188.109,-2593.211,0.131,-0.000,-0.991,0.000,1.000,-0.000,0.991,0.000,0.131),s="Running",v=Vector3.new(57.911,0.009,-8.270)},
        {t=1.025,cf=CFrame.new(6691.847,1188.109,-2593.247,0.132,-0.000,-0.991,0.000,1.000,-0.000,0.991,0.000,0.132),s="Running",v=Vector3.new(57.892,0.009,-8.401)},
        {t=1.029,cf=CFrame.new(6692.294,1188.109,-2593.312,0.132,-0.000,-0.991,0.000,1.000,-0.000,0.991,0.000,0.132),s="Running",v=Vector3.new(56.757,0.008,-8.382)},
        {t=1.033,cf=CFrame.new(6692.538,1188.109,-2593.347,0.133,-0.000,-0.991,0.000,1.000,-0.000,0.991,0.000,0.133),s="Running",v=Vector3.new(57.567,0.009,-8.677)},
        {t=1.038,cf=CFrame.new(6692.791,1188.109,-2593.385,0.134,-0.000,-0.991,0.000,1.000,-0.000,0.991,0.000,0.134),s="Running",v=Vector3.new(57.758,0.009,-8.826)},
        {t=1.044,cf=CFrame.new(6693.048,1188.109,-2593.425,0.135,-0.000,-0.991,0.000,1.000,-0.000,0.991,0.000,0.135),s="Running",v=Vector3.new(57.794,0.009,-8.937)},
