-- CFrame Auto Walk Recording
-- Total Frames: 4954
-- Recorded HipHeight: 5.058475494384766

return {
    hipHeight = 5.058475494384766,
    frames = {
        {t=0.006,cf=CFrame.new(7734.863,1160.608,2395.375,0.073,0.000,-0.997,0.000,1.000,0.000,0.997,0.000,0.073),s="Running",v=Vector3.new(0.000,0.010,0.000)},
        {t=0.009,cf=CFrame.new(7734.863,1160.608,2395.375,0.073,0.000,-0.997,0.000,1.000,0.000,0.997,0.000,0.073),s="Running",v=Vector3.new(0.000,0.010,0.000)},
        {t=0.013,cf=CFrame.new(7734.863,1160.608,2395.375,0.073,0.000,-0.997,0.000,1.000,0.000,0.997,0.000,0.073),s="Running",v=Vector3.new(0.000,0.010,0.000)},
        {t=0.017,cf=CFrame.new(7734.863,1160.608,2395.375,0.073,0.000,-0.997,0.000,1.000,0.000,0.997,0.000,0.073),s="Running",v=Vector3.new(0.000,0.010,0.000)},
        {t=0.021,cf=CFrame.new(7734.863,1160.608,2395.375,0.073,0.000,-0.997,0.000,1.000,0.000,0.997,0.000,0.073),s="Running",v=Vector3.new(0.000,0.010,0.000)},
        {t=0.024,cf=CFrame.new(7734.863,1160.608,2395.375,0.073,0.000,-0.997,0.000,1.000,0.000,0.997,0.000,0.073),s="Running",v=Vector3.new(0.000,0.010,0.000)},
        {t=0.027,cf=CFrame.new(7734.863,1160.608,2395.375,0.073,0.000,-0.997,0.000,1.000,0.000,0.997,0.000,0.073),s="Running",v=Vector3.new(0.000,0.010,0.000)},
        {t=0.032,cf=CFrame.new(7734.863,1160.608,2395.375,0.073,0.000,-0.997,0.000,1.000,0.000,0.997,0.000,0.073),s="Running",v=Vector3.new(0.000,0.010,0.000)},
        {t=0.034,cf=CFrame.new(7734.863,1160.608,2395.375,0.073,0.000,-0.997,0.000,1.000,0.000,0.997,0.000,0.073),s="Running",v=Vector3.new(0.000,0.010,0.000)},
        {t=0.041,cf=CFrame.new(7734.863,1160.608,2395.375,0.073,0.000,-0.997,0.000,1.000,0.000,0.997,0.000,0.073),s="Running",v=Vector3.new(0.000,0.010,0.000)},
        {t=0.043,cf=CFrame.new(7734.863,1160.608,2395.375,0.073,0.000,-0.997,0.000,1.000,0.000,0.997,0.000,0.073),s="Running",v=Vector3.new(0.000,0.010,0.000)},
        {t=0.048,cf=CFrame.new(7734.863,1160.608,2395.375,0.073,0.000,-0.997,0.000,1.000,0.000,0.997,0.000,0.073),s="Running",v=Vector3.new(0.000,0.010,0.000)},
        {t=0.053,cf=CFrame.new(7734.863,1160.608,2395.375,0.073,0.000,-0.997,0.000,1.000,0.000,0.997,0.000,0.073),s="Running",v=Vector3.new(0.000,0.010,0.000)},
        {t=0.056,cf=CFrame.new(7734.863,1160.608,2395.375,0.073,0.000,-0.997,0.000,1.000,0.000,0.997,0.000,0.073),s="Running",v=Vector3.new(0.000,0.010,0.000)},
        {t=0.061,cf=CFrame.new(7734.863,1160.608,2395.375,0.073,0.000,-0.997,0.000,1.000,0.000,0.997,0.000,0.073),s="Running",v=Vector3.new(0.000,0.010,0.000)},
        {t=0.065,cf=CFrame.new(7734.863,1160.608,2395.375,0.073,0.000,-0.997,0.000,1.000,0.000,0.997,0.000,0.073),s="Running",v=Vector3.new(0.000,0.010,0.000)},
        {t=0.070,cf=CFrame.new(7734.863,1160.608,2395.375,0.073,0.000,-0.997,0.000,1.000,0.000,0.997,0.000,0.073),s="Running",v=Vector3.new(0.000,0.010,0.000)},
        {t=0.074,cf=CFrame.new(7734.863,1160.608,2395.375,0.073,0.000,-0.997,0.000,1.000,0.000,0.997,0.000,0.073),s="Running",v=Vector3.new(0.000,0.010,0.000)},
        {t=0.078,cf=CFrame.new(7734.863,1160.608,2395.375,0.073,0.000,-0.997,0.000,1.000,0.000,0.997,0.000,0.073),s="Running",v=Vector3.new(0.000,0.010,0.000)},
        {t=0.081,cf=CFrame.new(7734.863,1160.608,2395.375,0.073,0.000,-0.997,0.000,1.000,0.000,0.997,0.000,0.073),s="Running",v=Vector3.new(0.000,0.010,0.000)},
        {t=0.087,cf=CFrame.new(7734.863,1160.608,2395.375,0.073,0.000,-0.997,0.000,1.000,0.000,0.997,0.000,0.073),s="Running",v=Vector3.new(0.000,0.010,0.000)},
        {t=0.089,cf=CFrame.new(7734.863,1160.608,2395.375,0.073,0.000,-0.997,0.000,1.000,0.000,0.997,0.000,0.073),s="Running",v=Vector3.new(0.000,0.010,0.000)},
        {t=0.095,cf=CFrame.new(7734.863,1160.608,2395.375,0.073,0.000,-0.997,0.000,1.000,0.000,0.997,0.000,0.073),s="Running",v=Vector3.new(0.000,0.010,0.000)},
        {t=0.099,cf=CFrame.new(7734.863,1160.608,2395.375,0.073,0.000,-0.997,0.000,1.000,0.000,0.997,0.000,0.073),s="Running",v=Vector3.new(0.000,0.010,0.000)},
        {t=0.103,cf=CFrame.new(7734.863,1160.608,2395.375,0.073,0.000,-0.997,0.000,1.000,0.000,0.997,0.000,0.073),s="Running",v=Vector3.new(0.000,0.010,0.000)},
        {t=0.105,cf=CFrame.new(7734.863,1160.608,2395.375,0.073,0.000,-0.997,0.000,1.000,0.000,0.997,0.000,0.073),s="Running",v=Vector3.new(0.000,0.010,0.000)},
        {t=0.110,cf=CFrame.new(7734.863,1160.608,2395.375,0.073,0.000,-0.997,0.000,1.000,0.000,0.997,0.000,0.073),s="Running",v=Vector3.new(0.000,0.010,0.000)},
        {t=0.116,cf=CFrame.new(7734.863,1160.608,2395.375,0.073,0.000,-0.997,0.000,1.000,0.000,0.997,0.000,0.073),s="Running",v=Vector3.new(0.000,0.010,0.000)},
        {t=0.119,cf=CFrame.new(7734.863,1160.608,2395.375,0.073,0.000,-0.997,0.000,1.000,0.000,0.997,0.000,0.073),s="Running",v=Vector3.new(0.000,0.010,0.000)},
        {t=0.122,cf=CFrame.new(7734.863,1160.608,2395.375,0.073,0.000,-0.997,0.000,1.000,0.000,0.997,0.000,0.073),s="Running",v=Vector3.new(0.000,0.010,0.000)},
        {t=0.127,cf=CFrame.new(7734.863,1160.608,2395.375,0.073,0.000,-0.997,0.000,1.000,0.000,0.997,0.000,0.073),s="Running",v=Vector3.new(0.000,0.010,0.000)},
        {t=0.132,cf=CFrame.new(7734.863,1160.608,2395.375,0.073,0.000,-0.997,0.000,1.000,0.000,0.997,0.000,0.073),s="Running",v=Vector3.new(0.000,0.010,0.000)},
        {t=0.137,cf=CFrame.new(7734.863,1160.608,2395.375,0.073,0.000,-0.997,0.000,1.000,0.000,0.997,0.000,0.073),s="Running",v=Vector3.new(0.000,0.010,0.000)},
        {t=0.139,cf=CFrame.new(7734.863,1160.608,2395.375,0.073,0.000,-0.997,0.000,1.000,0.000,0.997,0.000,0.073),s="Running",v=Vector3.new(0.000,0.010,0.000)},
        {t=0.144,cf=CFrame.new(7734.863,1160.608,2395.375,0.073,0.000,-0.997,0.000,1.000,0.000,0.997,0.000,0.073),s="Running",v=Vector3.new(0.000,0.010,0.000)},
        {t=0.148,cf=CFrame.new(7734.863,1160.608,2395.375,0.073,0.000,-0.997,0.000,1.000,0.000,0.997,0.000,0.073),s="Running",v=Vector3.new(0.000,0.010,0.000)},
        {t=0.151,cf=CFrame.new(7734.863,1160.608,2395.375,0.073,0.000,-0.997,0.000,1.000,0.000,0.997,0.000,0.073),s="Running",v=Vector3.new(0.000,0.010,0.000)},
        {t=0.158,cf=CFrame.new(7734.863,1160.608,2395.375,0.073,-0.000,-0.997,0.000,1.000,-0.000,0.997,0.000,0.073),s="Running",v=Vector3.new(0.000,0.010,0.000)},
        {t=0.161,cf=CFrame.new(7734.863,1160.608,2395.375,0.073,-0.000,-0.997,0.000,1.000,-0.000,0.997,0.000,0.073),s="Running",v=Vector3.new(0.000,0.010,0.000)},
        {t=0.166,cf=CFrame.new(7734.863,1160.608,2395.375,0.073,-0.000,-0.997,0.000,1.000,-0.000,0.997,0.000,0.073),s="Running",v=Vector3.new(0.000,0.010,0.000)},
        {t=0.170,cf=CFrame.new(7734.863,1160.608,2395.375,0.073,-0.000,-0.997,0.000,1.000,-0.000,0.997,0.000,0.073),s="Running",v=Vector3.new(0.000,0.010,0.000)},
        {t=0.173,cf=CFrame.new(7734.863,1160.608,2395.375,0.073,-0.000,-0.997,0.000,1.000,-0.000,0.997,0.000,0.073),s="Running",v=Vector3.new(0.000,0.010,0.000)},
        {t=0.176,cf=CFrame.new(7734.863,1160.608,2395.375,0.072,-0.000,-0.997,0.000,1.000,-0.000,0.997,0.000,0.072),s="Running",v=Vector3.new(0.574,0.010,-0.037)},
        {t=0.181,cf=CFrame.new(7734.866,1160.608,2395.375,0.071,-0.000,-0.997,0.000,1.000,-0.000,0.997,0.000,0.071),s="Running",v=Vector3.new(4.223,0.010,-0.267)},
        {t=0.187,cf=CFrame.new(7734.879,1160.608,2395.375,0.070,-0.000,-0.998,0.000,1.000,-0.000,0.998,0.000,0.070),s="Running",v=Vector3.new(8.744,0.010,-0.517)},
        {t=0.191,cf=CFrame.new(7734.901,1160.608,2395.373,0.069,-0.000,-0.998,0.000,1.000,-0.000,0.998,0.000,0.069),s="Running",v=Vector3.new(13.058,0.010,-0.733)},
        {t=0.194,cf=CFrame.new(7734.907,1160.608,2395.373,0.068,-0.000,-0.998,0.000,1.000,-0.000,0.998,0.000,0.068),s="Running",v=Vector3.new(18.169,0.010,-0.967)},
        {t=0.198,cf=CFrame.new(7734.977,1160.608,2395.369,0.067,-0.000,-0.998,0.000,1.000,-0.000,0.998,0.000,0.067),s="Running",v=Vector3.new(24.135,0.010,-1.159)},
        {t=0.204,cf=CFrame.new(7735.141,1160.608,2395.362,0.065,-0.000,-0.998,0.000,1.000,-0.000,0.998,0.000,0.065),s="Running",v=Vector3.new(29.089,0.010,-1.266)},
        {t=0.208,cf=CFrame.new(7735.258,1160.608,2395.356,0.063,-0.000,-0.998,0.000,1.000,-0.000,0.998,0.000,0.063),s="Running",v=Vector3.new(34.335,0.010,-1.373)},
        {t=0.212,cf=CFrame.new(7735.396,1160.608,2395.351,0.061,-0.000,-0.998,0.000,1.000,-0.000,0.998,0.000,0.061),s="Running",v=Vector3.new(38.554,0.010,-1.357)},
        {t=0.216,cf=CFrame.new(7735.557,1160.608,2395.345,0.058,-0.000,-0.998,0.000,1.000,-0.000,0.998,0.000,0.058),s="Running",v=Vector3.new(43.301,0.010,-1.173)},
        {t=0.221,cf=CFrame.new(7735.738,1160.608,2395.341,0.056,-0.000,-0.998,0.000,1.000,-0.000,0.998,0.000,0.056),s="Running",v=Vector3.new(47.996,0.010,-0.859)},
        {t=0.225,cf=CFrame.new(7735.938,1160.608,2395.337,0.053,-0.000,-0.999,0.000,1.000,-0.000,0.999,0.000,0.053),s="Running",v=Vector3.new(52.154,0.010,-0.389)},
        {t=0.229,cf=CFrame.new(7736.155,1160.608,2395.335,0.050,-0.000,-0.999,0.000,1.000,-0.000,0.999,0.000,0.050),s="Running",v=Vector3.new(55.458,0.010,0.124)},
        {t=0.233,cf=CFrame.new(7736.390,1160.608,2395.335,0.047,-0.000,-0.999,0.000,1.000,-0.000,0.999,0.000,0.047),s="Running",v=Vector3.new(57.226,0.010,0.649)},
        {t=0.237,cf=CFrame.new(7736.631,1160.608,2395.338,0.043,-0.000,-0.999,0.000,1.000,-0.000,0.999,0.000,0.043),s="Running",v=Vector3.new(57.975,0.010,1.217)},
        {t=0.241,cf=CFrame.new(7736.875,1160.608,2395.343,0.040,-0.000,-0.999,0.000,1.000,-0.000,0.999,0.000,0.040),s="Running",v=Vector3.new(58.264,0.010,1.844)},
        {t=0.246,cf=CFrame.new(7737.120,1160.608,2395.350,0.036,-0.000,-0.999,0.000,1.000,-0.000,0.999,0.000,0.036),s="Running",v=Vector3.new(58.369,0.010,2.341)},
        {t=0.250,cf=CFrame.new(7737.369,1160.608,2395.359,0.031,-0.000,-1.000,0.000,1.000,-0.000,1.000,0.000,0.031),s="Running",v=Vector3.new(58.394,0.010,2.883)},
        {t=0.254,cf=CFrame.new(7737.614,1160.608,2395.371,0.027,-0.000,-1.000,0.000,1.000,-0.000,1.000,0.000,0.027),s="Running",v=Vector3.new(58.382,0.010,3.434)},
        {t=0.258,cf=CFrame.new(7737.860,1160.608,2395.385,0.022,-0.000,-1.000,0.000,1.000,-0.000,1.000,0.000,0.022),s="Running",v=Vector3.new(58.351,-0.208,4.021)},
        {t=0.262,cf=CFrame.new(7738.104,1160.607,2395.401,0.017,-0.000,-1.000,0.000,1.000,-0.000,1.000,0.000,0.017),s="Running",v=Vector3.new(58.301,-1.084,4.703)},
        {t=0.267,cf=CFrame.new(7738.358,1160.604,2395.421,0.010,-0.000,-1.000,0.000,1.000,-0.000,1.000,0.000,0.010),s="Running",v=Vector3.new(58.209,-2.184,5.712)},
        {t=0.271,cf=CFrame.new(7738.601,1160.591,2395.444,0.004,-0.000,-1.000,0.000,1.000,-0.000,1.000,0.000,0.004),s="Running",v=Vector3.new(58.158,-3.329,6.239)},
        {t=0.276,cf=CFrame.new(7738.840,1160.574,2395.469,-0.003,-0.000,-1.000,0.000,1.000,-0.000,1.000,0.000,-0.003),s="Running",v=Vector3.new(58.062,-4.006,7.025)},
        {t=0.280,cf=CFrame.new(7739.081,1160.553,2395.497,-0.010,-0.000,-1.000,0.000,1.000,-0.000,1.000,0.000,-0.010),s="Running",v=Vector3.new(57.918,-4.975,8.103)},
        {t=0.285,cf=CFrame.new(7739.331,1160.528,2395.531,-0.019,-0.000,-1.000,0.000,1.000,-0.000,1.000,0.000,-0.019),s="Running",v=Vector3.new(57.723,-6.796,9.396)},
        {t=0.289,cf=CFrame.new(7739.579,1160.494,2395.571,-0.026,-0.000,-1.000,0.000,1.000,-0.000,1.000,0.000,-0.026),s="Running",v=Vector3.new(57.544,-8.351,10.459)},
        {t=0.293,cf=CFrame.new(7739.825,1160.454,2395.615,-0.034,-0.000,-0.999,0.000,1.000,-0.000,0.999,0.000,-0.034),s="Running",v=Vector3.new(57.349,-9.366,11.473)},
        {t=0.297,cf=CFrame.new(7740.071,1160.411,2395.663,-0.046,-0.000,-0.999,0.000,1.000,-0.000,0.999,0.000,-0.046),s="Running",v=Vector3.new(57.235,-2.546,12.036)},
        {t=0.301,cf=CFrame.new(7740.314,1160.388,2395.712,-0.058,-0.000,-0.998,0.000,1.000,-0.000,0.998,0.000,-0.058),s="Running",v=Vector3.new(56.890,-1.290,13.511)},
        {t=0.306,cf=CFrame.new(7740.555,1160.368,2395.768,-0.069,-0.000,-0.998,0.000,1.000,-0.000,0.998,0.000,-0.069),s="Running",v=Vector3.new(56.547,-1.048,14.873)},
        {t=0.310,cf=CFrame.new(7740.805,1160.345,2395.833,-0.083,-0.000,-0.997,0.000,1.000,-0.000,0.997,0.000,-0.083),s="Running",v=Vector3.new(56.157,-0.953,16.304)},
        {t=0.314,cf=CFrame.new(7741.048,1160.324,2395.902,-0.094,-0.000,-0.996,0.000,1.000,-0.000,0.996,0.000,-0.094),s="Running",v=Vector3.new(55.789,-11.065,17.536)},
        {t=0.318,cf=CFrame.new(7741.281,1160.269,2395.973,-0.105,-0.000,-0.994,0.000,1.000,-0.000,0.994,0.000,-0.105),s="Running",v=Vector3.new(55.633,-13.323,18.043)},
        {t=0.322,cf=CFrame.new(7741.515,1160.206,2396.048,-0.115,-0.000,-0.993,0.000,1.000,-0.000,0.993,0.000,-0.115),s="Running",v=Vector3.new(55.063,-10.874,19.647)},
        {t=0.326,cf=CFrame.new(7741.750,1160.153,2396.130,-0.127,-0.000,-0.992,0.000,1.000,-0.000,0.992,0.000,-0.127),s="Running",v=Vector3.new(54.463,-7.100,21.267)},
        {t=0.331,cf=CFrame.new(7741.988,1160.116,2396.221,-0.142,-0.000,-0.990,0.000,1.000,-0.000,0.990,0.000,-0.142),s="Running",v=Vector3.new(53.862,-3.393,22.751)},
        {t=0.335,cf=CFrame.new(7742.218,1160.096,2396.317,-0.155,-0.000,-0.988,0.000,1.000,-0.000,0.988,0.000,-0.155),s="Running",v=Vector3.new(53.232,-1.171,24.179)},
        {t=0.339,cf=CFrame.new(7742.446,1160.092,2396.418,-0.169,-0.000,-0.986,0.000,1.000,-0.000,0.986,0.000,-0.169),s="Running",v=Vector3.new(52.586,0.469,25.552)},
        {t=0.343,cf=CFrame.new(7742.669,1160.092,2396.524,-0.182,-0.000,-0.983,0.000,1.000,-0.000,0.983,0.000,-0.182),s="Running",v=Vector3.new(51.972,1.050,26.781)},
        {t=0.347,cf=CFrame.new(7742.891,1160.093,2396.635,-0.198,-0.000,-0.980,0.000,1.000,-0.000,0.980,0.000,-0.198),s="Running",v=Vector3.new(51.267,1.305,28.101)},
        {t=0.351,cf=CFrame.new(7743.105,1160.095,2396.750,-0.211,-0.000,-0.977,0.000,1.000,-0.000,0.977,0.000,-0.211),s="Running",v=Vector3.new(50.585,1.388,29.313)},
        {t=0.354,cf=CFrame.new(7743.315,1160.097,2396.868,-0.225,-0.000,-0.974,0.000,1.000,-0.000,0.974,0.000,-0.225),s="Running",v=Vector3.new(49.934,1.380,30.409)},
        {t=0.358,cf=CFrame.new(7743.522,1160.100,2396.991,-0.240,-0.000,-0.971,0.000,1.000,-0.000,0.971,0.000,-0.240),s="Running",v=Vector3.new(49.236,1.325,31.526)},
        {t=0.363,cf=CFrame.new(7743.725,1160.102,2397.118,-0.256,-0.000,-0.967,0.000,1.000,-0.000,0.967,0.000,-0.256),s="Running",v=Vector3.new(48.396,1.239,32.791)},
        {t=0.367,cf=CFrame.new(7743.927,1160.104,2397.251,-0.274,-0.000,-0.962,0.000,1.000,-0.000,0.962,0.000,-0.274),s="Running",v=Vector3.new(47.215,1.114,34.451)},
        {t=0.370,cf=CFrame.new(7744.122,1160.105,2397.391,-0.290,-0.000,-0.957,0.000,1.000,-0.000,0.957,0.000,-0.290),s="Running",v=Vector3.new(45.997,0.995,36.052)},
        {t=0.375,cf=CFrame.new(7744.315,1160.107,2397.539,-0.310,-0.000,-0.951,0.000,1.000,-0.000,0.951,0.000,-0.310),s="Running",v=Vector3.new(44.704,0.871,37.645)},
        {t=0.381,cf=CFrame.new(7744.510,1160.108,2397.699,-0.335,-0.000,-0.942,0.000,1.000,-0.000,0.942,0.000,-0.335),s="Running",v=Vector3.new(43.120,0.723,39.457)},
        {t=0.385,cf=CFrame.new(7744.695,1160.109,2397.864,-0.356,-0.000,-0.935,0.000,1.000,-0.000,0.935,0.000,-0.356),s="Running",v=Vector3.new(41.759,0.625,40.900)},
        {t=0.390,cf=CFrame.new(7744.876,1160.109,2398.037,-0.378,-0.000,-0.926,0.000,1.000,-0.000,0.926,0.000,-0.378),s="Running",v=Vector3.new(40.309,0.527,42.333)},
        {t=0.395,cf=CFrame.new(7745.050,1160.107,2398.216,-0.399,-0.000,-0.917,0.000,1.000,-0.000,0.917,0.000,-0.399),s="Running",v=Vector3.new(38.958,0.308,43.583)},
        {t=0.400,cf=CFrame.new(7745.356,1160.108,2398.553,-0.425,-0.000,-0.905,0.000,1.000,-0.000,0.905,0.000,-0.425),s="Running",v=Vector3.new(36.408,0.336,44.278)},
        {t=0.405,cf=CFrame.new(7745.516,1160.108,2398.743,-0.447,-0.000,-0.894,0.000,1.000,-0.000,0.894,0.000,-0.447),s="Running",v=Vector3.new(35.286,0.293,46.249)},
        {t=0.409,cf=CFrame.new(7745.666,1160.109,2398.935,-0.464,-0.000,-0.886,0.000,1.000,-0.000,0.886,0.000,-0.464),s="Running",v=Vector3.new(34.463,0.256,47.154)},
        {t=0.414,cf=CFrame.new(7745.821,1160.106,2399.142,-0.490,-0.000,-0.872,0.000,1.000,-0.000,0.872,0.000,-0.490),s="Running",v=Vector3.new(32.897,0.038,48.299)},
        {t=0.419,cf=CFrame.new(7745.968,1160.106,2399.352,-0.511,-0.000,-0.860,0.000,1.000,-0.000,0.860,0.000,-0.511),s="Running",v=Vector3.new(31.264,0.158,49.397)},
        {t=0.424,cf=CFrame.new(7746.218,1160.107,2399.739,-0.537,0.000,-0.844,0.000,1.000,0.000,0.844,0.000,-0.537),s="Running",v=Vector3.new(29.146,0.142,49.382)},
        {t=0.428,cf=CFrame.new(7746.341,1160.107,2399.943,-0.553,0.000,-0.833,0.000,1.000,0.000,0.833,0.000,-0.553),s="Running",v=Vector3.new(28.319,0.132,50.829)},
        {t=0.432,cf=CFrame.new(7746.461,1160.108,2400.151,-0.570,0.000,-0.821,0.000,1.000,0.000,0.821,0.000,-0.570),s="Running",v=Vector3.new(27.230,0.119,51.655)},
        {t=0.436,cf=CFrame.new(7746.579,1160.108,2400.366,-0.591,0.000,-0.806,0.000,1.000,0.000,0.806,0.000,-0.591),s="Running",v=Vector3.new(25.859,0.103,52.411)},
        {t=0.440,cf=CFrame.new(7746.688,1160.108,2400.581,-0.607,0.000,-0.795,0.000,1.000,0.000,0.795,0.000,-0.607),s="Running",v=Vector3.new(24.512,0.089,53.070)},
        {t=0.443,cf=CFrame.new(7746.701,1160.108,2400.604,-0.621,0.000,-0.784,0.000,1.000,0.000,0.784,0.000,-0.621),s="Running",v=Vector3.new(23.434,0.078,54.797)},
        {t=0.449,cf=CFrame.new(7746.894,1160.108,2401.040,-0.648,0.000,-0.761,0.000,1.000,0.000,0.761,0.000,-0.648),s="Running",v=Vector3.new(21.232,0.056,53.577)},
        {t=0.452,cf=CFrame.new(7746.902,1160.108,2401.054,-0.659,0.000,-0.752,0.000,1.000,0.000,0.752,0.000,-0.659),s="Running",v=Vector3.new(21.318,0.060,55.431)},
        {t=0.457,cf=CFrame.new(7747.075,1160.108,2401.493,-0.682,0.000,-0.732,0.000,1.000,0.000,0.732,0.000,-0.682),s="Running",v=Vector3.new(18.501,0.040,54.516)},
        {t=0.462,cf=CFrame.new(7747.155,1160.109,2401.719,-0.697,0.000,-0.717,0.000,1.000,0.000,0.717,0.000,-0.697),s="Running",v=Vector3.new(17.614,0.037,55.522)},
        {t=0.466,cf=CFrame.new(7747.235,1160.109,2401.955,-0.716,0.000,-0.698,0.000,1.000,0.000,0.698,0.000,-0.716),s="Running",v=Vector3.new(16.353,0.031,56.079)},
        {t=0.471,cf=CFrame.new(7747.309,1160.105,2402.195,-0.733,0.000,-0.680,0.000,1.000,0.000,0.680,0.000,-0.733),s="Running",v=Vector3.new(14.800,-0.175,56.548)},
        {t=0.475,cf=CFrame.new(7747.377,1160.105,2402.440,-0.749,0.000,-0.663,0.000,1.000,0.000,0.663,0.000,-0.749),s="Running",v=Vector3.new(13.288,0.003,56.941)},
        {t=0.479,cf=CFrame.new(7747.438,1160.106,2402.683,-0.763,0.000,-0.646,0.000,1.000,0.000,0.646,0.000,-0.763),s="Running",v=Vector3.new(12.060,0.025,57.219)},
        {t=0.483,cf=CFrame.new(7747.494,1160.106,2402.929,-0.778,0.000,-0.629,0.000,1.000,0.000,0.629,0.000,-0.778),s="Running",v=Vector3.new(10.848,0.025,57.463)},
        {t=0.489,cf=CFrame.new(7747.550,1160.106,2403.196,-0.798,0.000,-0.602,0.000,1.000,0.000,0.602,0.000,-0.798),s="Running",v=Vector3.new(9.314,0.021,57.731)},
        {t=0.492,cf=CFrame.new(7747.592,1160.106,2403.437,-0.808,0.000,-0.589,0.000,1.000,0.000,0.589,0.000,-0.808),s="Running",v=Vector3.new(8.461,0.018,57.868)},
        {t=0.498,cf=CFrame.new(7747.635,1160.107,2403.696,-0.824,0.000,-0.567,0.000,1.000,0.000,0.567,0.000,-0.824),s="Running",v=Vector3.new(7.555,0.017,57.997)},
        {t=0.504,cf=CFrame.new(7747.676,1160.107,2403.962,-0.840,0.000,-0.543,0.000,1.000,0.000,0.543,0.000,-0.840),s="Running",v=Vector3.new(6.595,0.016,58.116)},
        {t=0.509,cf=CFrame.new(7747.734,1160.107,2404.420,-0.853,0.000,-0.522,0.000,1.000,0.000,0.522,0.000,-0.853),s="Running",v=Vector3.new(5.734,0.016,57.079)},
        {t=0.513,cf=CFrame.new(7747.762,1160.107,2404.657,-0.862,0.000,-0.508,0.000,1.000,0.000,0.508,0.000,-0.862),s="Running",v=Vector3.new(5.389,0.014,57.963)},
        {t=0.516,cf=CFrame.new(7747.788,1160.107,2404.898,-0.870,0.000,-0.493,0.000,1.000,0.000,0.493,0.000,-0.870),s="Running",v=Vector3.new(5.060,0.013,58.206)},
        {t=0.520,cf=CFrame.new(7747.812,1160.108,2405.140,-0.877,0.000,-0.480,0.000,1.000,0.000,0.480,0.000,-0.877),s="Running",v=Vector3.new(4.718,0.013,58.288)},
        {t=0.522,cf=CFrame.new(7747.816,1160.108,2405.160,-0.883,0.000,-0.470,0.000,1.000,0.000,0.470,0.000,-0.883),s="Running",v=Vector3.new(4.486,0.011,59.450)},
        {t=0.528,cf=CFrame.new(7747.856,1160.108,2405.630,-0.893,0.000,-0.450,0.000,1.000,0.000,0.450,0.000,-0.893),s="Running",v=Vector3.new(4.026,0.013,57.511)},
        {t=0.532,cf=CFrame.new(7747.877,1160.108,2405.871,-0.900,0.000,-0.435,0.000,1.000,0.000,0.435,0.000,-0.900),s="Running",v=Vector3.new(3.828,0.011,58.160)},
        {t=0.535,cf=CFrame.new(7747.881,1160.108,2405.888,-0.905,0.000,-0.426,0.000,1.000,0.000,0.426,0.000,-0.905),s="Running",v=Vector3.new(3.730,0.010,59.454)},
        {t=0.540,cf=CFrame.new(7747.914,1160.108,2406.347,-0.913,0.000,-0.407,0.000,1.000,0.000,0.407,0.000,-0.913),s="Running",v=Vector3.new(3.258,0.011,57.547)},
        {t=0.544,cf=CFrame.new(7747.919,1160.108,2406.376,-0.919,0.000,-0.394,0.000,1.000,0.000,0.394,0.000,-0.919),s="Running",v=Vector3.new(2.960,0.010,59.335)},
        {t=0.548,cf=CFrame.new(7747.936,1160.108,2406.644,-0.926,0.000,-0.377,0.000,1.000,0.000,0.377,0.000,-0.926),s="Running",v=Vector3.new(2.489,0.010,58.672)},
        {t=0.552,cf=CFrame.new(7747.950,1160.108,2406.898,-0.931,0.000,-0.366,0.000,1.000,0.000,0.366,0.000,-0.931),s="Running",v=Vector3.new(2.146,0.010,58.515)},
        {t=0.557,cf=CFrame.new(7747.971,1160.108,2407.363,-0.937,0.000,-0.348,0.000,1.000,0.000,0.348,0.000,-0.937),s="Running",v=Vector3.new(1.745,0.011,57.359)},
        {t=0.560,cf=CFrame.new(7747.974,1160.108,2407.384,-0.940,0.000,-0.340,0.000,1.000,0.000,0.340,0.000,-0.940),s="Running",v=Vector3.new(1.606,0.010,59.324)},
        {t=0.565,cf=CFrame.new(7747.991,1160.108,2407.854,-0.946,0.000,-0.324,0.000,1.000,0.000,0.324,0.000,-0.946),s="Running",v=Vector3.new(1.323,0.011,57.569)},
        {t=0.568,cf=CFrame.new(7747.994,1160.108,2407.876,-0.949,0.000,-0.315,0.000,1.000,0.000,0.315,0.000,-0.949),s="Running",v=Vector3.new(1.236,0.010,59.383)},
        {t=0.573,cf=CFrame.new(7748.003,1160.108,2408.142,-0.953,0.000,-0.302,0.000,1.000,0.000,0.302,0.000,-0.953),s="Running",v=Vector3.new(1.035,0.010,58.714)},
        {t=0.577,cf=CFrame.new(7748.011,1160.108,2408.396,-0.957,0.000,-0.291,0.000,1.000,0.000,0.291,0.000,-0.957),s="Running",v=Vector3.new(0.888,0.010,58.548)},
        {t=0.581,cf=CFrame.new(7748.018,1160.108,2408.656,-0.960,0.000,-0.279,0.000,1.000,0.000,0.279,0.000,-0.960),s="Running",v=Vector3.new(0.801,0.010,58.507)},
        {t=0.586,cf=CFrame.new(7748.028,1160.108,2409.116,-0.964,0.000,-0.266,0.000,1.000,0.000,0.266,0.000,-0.964),s="Running",v=Vector3.new(0.695,0.011,57.372)},
        {t=0.589,cf=CFrame.new(7748.030,1160.108,2409.136,-0.966,0.000,-0.260,0.000,1.000,0.000,0.260,0.000,-0.966),s="Running",v=Vector3.new(0.645,0.010,59.340)},
        {t=0.594,cf=CFrame.new(7748.038,1160.108,2409.602,-0.969,0.000,-0.248,0.000,1.000,0.000,0.248,0.000,-0.969),s="Running",v=Vector3.new(0.567,0.011,57.581)},
        {t=0.598,cf=CFrame.new(7748.042,1160.108,2409.843,-0.971,0.000,-0.239,0.000,1.000,0.000,0.239,0.000,-0.971),s="Running",v=Vector3.new(0.549,0.010,58.268)},
        {t=0.603,cf=CFrame.new(7748.048,1160.108,2410.094,-0.974,0.000,-0.227,0.000,1.000,0.000,0.227,0.000,-0.974),s="Running",v=Vector3.new(0.510,0.010,58.439)},
        {t=0.606,cf=CFrame.new(7748.050,1160.108,2410.112,-0.975,0.000,-0.221,0.000,1.000,0.000,0.221,0.000,-0.975),s="Running",v=Vector3.new(0.486,0.010,59.608)},
        {t=0.611,cf=CFrame.new(7748.057,1160.108,2410.576,-0.978,0.000,-0.211,0.000,1.000,0.000,0.211,0.000,-0.978),s="Running",v=Vector3.new(0.418,0.011,57.649)},
        {t=0.614,cf=CFrame.new(7748.058,1160.108,2410.595,-0.979,0.000,-0.205,0.000,1.000,0.000,0.205,0.000,-0.979),s="Running",v=Vector3.new(0.385,0.010,59.411)},
        {t=0.619,cf=CFrame.new(7748.064,1160.108,2411.061,-0.981,0.000,-0.195,0.000,1.000,0.000,0.195,0.000,-0.981),s="Running",v=Vector3.new(0.341,0.011,57.600)},
        {t=0.622,cf=CFrame.new(7748.065,1160.108,2411.080,-0.982,0.000,-0.190,0.000,1.000,0.000,0.190,0.000,-0.982),s="Running",v=Vector3.new(0.340,0.010,59.399)},
        {t=0.627,cf=CFrame.new(7748.070,1160.108,2411.544,-0.984,0.000,-0.181,0.000,1.000,0.000,0.181,0.000,-0.984),s="Running",v=Vector3.new(0.324,0.011,57.597)},
        {t=0.632,cf=CFrame.new(7748.074,1160.108,2411.793,-0.985,0.000,-0.172,0.000,1.000,0.000,0.172,0.000,-0.985),s="Running",v=Vector3.new(0.326,0.010,58.273)},
        {t=0.636,cf=CFrame.new(7748.076,1160.108,2411.817,-0.986,0.000,-0.167,0.000,1.000,0.000,0.167,0.000,-0.986),s="Running",v=Vector3.new(0.316,0.010,59.568)},
        {t=0.640,cf=CFrame.new(7748.080,1160.108,2412.284,-0.987,0.000,-0.159,0.000,1.000,0.000,0.159,0.000,-0.987),s="Running",v=Vector3.new(0.258,0.011,57.640)},
        {t=0.643,cf=CFrame.new(7748.081,1160.108,2412.302,-0.988,0.000,-0.155,0.000,1.000,0.000,0.155,0.000,-0.988),s="Running",v=Vector3.new(0.238,0.010,59.410)},
        {t=0.648,cf=CFrame.new(7748.085,1160.108,2412.771,-0.989,0.000,-0.147,0.000,1.000,0.000,0.147,0.000,-0.989),s="Running",v=Vector3.new(0.169,0.011,57.600)},
        {t=0.651,cf=CFrame.new(7748.086,1160.108,2412.790,-0.990,0.000,-0.143,0.000,1.000,0.000,0.143,0.000,-0.990),s="Running",v=Vector3.new(0.147,0.010,59.400)},
        {t=0.656,cf=CFrame.new(7748.089,1160.108,2413.265,-0.991,0.000,-0.136,0.000,1.000,0.000,0.136,0.000,-0.991),s="Running",v=Vector3.new(0.126,0.011,57.598)},
        {t=0.661,cf=CFrame.new(7748.091,1160.108,2413.515,-0.992,0.000,-0.130,0.000,1.000,0.000,0.130,0.000,-0.992),s="Running",v=Vector3.new(0.124,0.010,58.274)},
        {t=0.665,cf=CFrame.new(7748.093,1160.108,2413.765,-0.992,0.000,-0.125,0.000,1.000,0.000,0.125,0.000,-0.992),s="Running",v=Vector3.new(0.122,0.010,58.442)},
        {t=0.670,cf=CFrame.new(7748.095,1160.108,2414.027,-0.993,0.000,-0.119,0.000,1.000,0.000,0.119,0.000,-0.993),s="Running",v=Vector3.new(0.122,0.010,58.485)},
        {t=0.673,cf=CFrame.new(7748.097,1160.108,2414.271,-0.993,0.000,-0.116,0.000,1.000,0.000,0.116,0.000,-0.993),s="Running",v=Vector3.new(0.121,0.010,58.495)},
        {t=0.677,cf=CFrame.new(7748.098,1160.108,2414.303,-0.994,0.000,-0.112,0.000,1.000,0.000,0.112,0.000,-0.994),s="Running",v=Vector3.new(0.124,0.010,59.624)},
        {t=0.682,cf=CFrame.new(7748.101,1160.108,2414.781,-0.994,0.000,-0.106,0.000,1.000,0.000,0.106,0.000,-0.994),s="Running",v=Vector3.new(0.120,0.011,57.654)},
        {t=0.684,cf=CFrame.new(7748.101,1160.108,2414.798,-0.995,0.000,-0.103,0.000,1.000,0.000,0.103,0.000,-0.995),s="Running",v=Vector3.new(0.123,0.010,59.413)},
        {t=0.691,cf=CFrame.new(7748.104,1160.108,2415.285,-0.995,0.000,-0.097,0.000,1.000,0.000,0.097,0.000,-0.995),s="Running",v=Vector3.new(0.120,0.011,57.601)},
        {t=0.693,cf=CFrame.new(7748.104,1160.108,2415.306,-0.995,0.000,-0.095,0.000,1.000,0.000,0.095,0.000,-0.995),s="Running",v=Vector3.new(0.123,0.010,59.400)},
        {t=0.699,cf=CFrame.new(7748.106,1160.108,2415.581,-0.996,0.000,-0.090,0.000,1.000,0.000,0.090,0.000,-0.996),s="Running",v=Vector3.new(0.197,0.010,58.724)},
        {t=0.702,cf=CFrame.new(7748.108,1160.108,2415.831,-0.996,0.000,-0.088,0.000,1.000,0.000,0.088,0.000,-0.996),s="Running",v=Vector3.new(0.256,0.010,58.554)},
        {t=0.706,cf=CFrame.new(7748.110,1160.108,2416.096,-0.996,0.000,-0.084,0.000,1.000,0.000,0.084,0.000,-0.996),s="Running",v=Vector3.new(0.301,0.010,58.512)},
        {t=0.710,cf=CFrame.new(7748.112,1160.108,2416.354,-0.997,0.000,-0.081,0.000,1.000,0.000,0.081,0.000,-0.997),s="Running",v=Vector3.new(0.381,0.010,58.501)},
        {t=0.715,cf=CFrame.new(7748.115,1160.108,2416.617,-0.997,0.000,-0.078,0.000,1.000,0.000,0.078,0.000,-0.997),s="Running",v=Vector3.new(0.472,0.010,58.498)},
        {t=0.719,cf=CFrame.new(7748.118,1160.108,2416.879,-0.997,0.000,-0.075,0.000,1.000,0.000,0.075,0.000,-0.997),s="Running",v=Vector3.new(0.542,0.010,58.496)},
        {t=0.722,cf=CFrame.new(7748.120,1160.108,2417.121,-0.997,0.000,-0.073,0.000,1.000,0.000,0.073,0.000,-0.997),s="Running",v=Vector3.new(0.581,0.010,58.496)},
        {t=0.728,cf=CFrame.new(7748.124,1160.108,2417.395,-0.998,0.000,-0.070,0.000,1.000,0.000,0.070,0.000,-0.998),s="Running",v=Vector3.new(0.613,0.010,58.496)},
        {t=0.731,cf=CFrame.new(7748.127,1160.108,2417.647,-0.998,0.000,-0.068,0.000,1.000,0.000,0.068,0.000,-0.998),s="Running",v=Vector3.new(0.626,0.010,58.495)},
        {t=0.735,cf=CFrame.new(7748.131,1160.108,2417.907,-0.998,0.000,-0.066,0.000,1.000,0.000,0.066,0.000,-0.998),s="Running",v=Vector3.new(0.667,0.010,58.495)},
        {t=0.740,cf=CFrame.new(7748.134,1160.108,2418.176,-0.998,0.000,-0.063,0.000,1.000,0.000,0.063,0.000,-0.998),s="Running",v=Vector3.new(0.711,0.010,58.494)},
        {t=0.743,cf=CFrame.new(7748.138,1160.108,2418.425,-0.998,0.000,-0.062,0.000,1.000,0.000,0.062,0.000,-0.998),s="Running",v=Vector3.new(0.725,0.010,58.494)},
        {t=0.748,cf=CFrame.new(7748.142,1160.108,2418.685,-0.998,0.000,-0.059,0.000,1.000,0.000,0.059,0.000,-0.998),s="Running",v=Vector3.new(0.762,0.010,58.494)},
        {t=0.753,cf=CFrame.new(7748.148,1160.108,2419.140,-0.998,0.000,-0.057,0.000,1.000,0.000,0.057,0.000,-0.998),s="Running",v=Vector3.new(0.788,0.011,57.367)},
        {t=0.756,cf=CFrame.new(7748.149,1160.108,2419.154,-0.998,0.000,-0.056,0.000,1.000,0.000,0.056,0.000,-0.998),s="Running",v=Vector3.new(0.831,0.010,59.337)},
        {t=0.761,cf=CFrame.new(7748.156,1160.108,2419.622,-0.999,0.000,-0.054,0.000,1.000,0.000,0.054,0.000,-0.999),s="Running",v=Vector3.new(0.817,0.011,57.578)},
        {t=0.765,cf=CFrame.new(7748.157,1160.108,2419.648,-0.999,0.000,-0.052,0.000,1.000,0.000,0.052,0.000,-0.999),s="Running",v=Vector3.new(0.818,0.010,59.390)},
        {t=0.770,cf=CFrame.new(7748.161,1160.108,2419.909,-0.999,0.000,-0.050,0.000,1.000,0.000,0.050,0.000,-0.999),s="Running",v=Vector3.new(0.712,0.010,58.719)},
        {t=0.773,cf=CFrame.new(7748.164,1160.108,2420.157,-0.999,0.000,-0.049,0.000,1.000,0.000,0.049,0.000,-0.999),s="Running",v=Vector3.new(0.609,0.010,58.552)},
        {t=0.777,cf=CFrame.new(7748.167,1160.108,2420.403,-0.999,0.000,-0.047,0.000,1.000,0.000,0.047,0.000,-0.999),s="Running",v=Vector3.new(0.487,0.010,58.511)},
        {t=0.781,cf=CFrame.new(7748.169,1160.108,2420.660,-0.999,0.000,-0.045,0.000,1.000,0.000,0.045,0.000,-0.999),s="Running",v=Vector3.new(0.316,0.010,58.501)},
        {t=0.786,cf=CFrame.new(7748.172,1160.108,2421.116,-0.999,0.000,-0.043,0.000,1.000,0.000,0.043,0.000,-0.999),s="Running",v=Vector3.new(0.197,0.011,57.373)},
        {t=0.789,cf=CFrame.new(7748.172,1160.108,2421.134,-0.999,0.000,-0.042,0.000,1.000,0.000,0.042,0.000,-0.999),s="Running",v=Vector3.new(0.130,0.010,59.343)},
        {t=0.794,cf=CFrame.new(7748.174,1160.108,2421.598,-0.999,0.000,-0.039,0.000,1.000,0.000,0.039,0.000,-0.999),s="Running",v=Vector3.new(-0.016,0.011,57.584)},
        {t=0.798,cf=CFrame.new(7748.174,1160.108,2421.838,-0.999,0.000,-0.038,0.000,1.000,0.000,0.038,0.000,-0.999),s="Running",v=Vector3.new(-0.105,0.010,58.270)},
        {t=0.801,cf=CFrame.new(7748.174,1160.108,2421.854,-0.999,0.000,-0.037,0.000,1.000,0.000,0.037,0.000,-0.999),s="Running",v=Vector3.new(-0.157,0.010,59.567)},
        {t=0.807,cf=CFrame.new(7748.174,1160.108,2422.326,-0.999,0.000,-0.034,0.000,1.000,0.000,0.034,0.000,-0.999),s="Running",v=Vector3.new(-0.230,0.011,57.640)},
        {t=0.810,cf=CFrame.new(7748.174,1160.108,2422.347,-0.999,0.000,-0.033,0.000,1.000,0.000,0.033,0.000,-0.999),s="Running",v=Vector3.new(-0.287,0.010,59.409)},
        {t=0.815,cf=CFrame.new(7748.172,1160.108,2422.813,-1.000,0.000,-0.031,0.000,1.000,0.000,0.031,0.000,-1.000),s="Running",v=Vector3.new(-0.337,0.011,57.600)},
        {t=0.818,cf=CFrame.new(7748.172,1160.108,2422.829,-1.000,0.000,-0.030,0.000,1.000,0.000,0.030,0.000,-1.000),s="Running",v=Vector3.new(-0.370,0.010,59.399)},
        {t=0.823,cf=CFrame.new(7748.170,1160.108,2423.290,-1.000,0.000,-0.028,0.000,1.000,0.000,0.028,0.000,-1.000),s="Running",v=Vector3.new(-0.427,0.011,57.597)},
        {t=0.826,cf=CFrame.new(7748.170,1160.108,2423.308,-1.000,0.000,-0.027,0.000,1.000,0.000,0.027,0.000,-1.000),s="Running",v=Vector3.new(-0.513,0.010,59.397)},
        {t=0.831,cf=CFrame.new(7748.168,1160.108,2423.575,-1.000,0.000,-0.025,0.000,1.000,0.000,0.025,0.000,-1.000),s="Running",v=Vector3.new(-0.631,0.010,58.720)},
        {t=0.836,cf=CFrame.new(7748.166,1160.108,2423.840,-1.000,0.000,-0.023,0.000,1.000,0.000,0.023,0.000,-1.000),s="Running",v=Vector3.new(-0.733,0.010,58.550)},
        {t=0.840,cf=CFrame.new(7748.160,1160.108,2424.293,-1.000,0.000,-0.021,0.000,1.000,0.000,0.021,0.000,-1.000),s="Running",v=Vector3.new(-0.783,0.011,57.382)},
        {t=0.845,cf=CFrame.new(7748.157,1160.108,2424.538,-1.000,0.000,-0.019,0.000,1.000,0.000,0.019,0.000,-1.000),s="Running",v=Vector3.new(-0.875,0.010,58.214)},
        {t=0.850,cf=CFrame.new(7748.154,1160.108,2424.792,-1.000,0.000,-0.018,0.000,1.000,0.000,0.018,0.000,-1.000),s="Running",v=Vector3.new(-0.952,0.010,58.421)},
        {t=0.854,cf=CFrame.new(7748.150,1160.108,2425.042,-1.000,0.000,-0.016,0.000,1.000,0.000,0.016,0.000,-1.000),s="Running",v=Vector3.new(-1.022,0.010,58.472)},
        {t=0.858,cf=CFrame.new(7748.146,1160.108,2425.291,-1.000,0.000,-0.015,0.000,1.000,0.000,0.015,0.000,-1.000),s="Running",v=Vector3.new(-1.113,0.010,58.484)},
        {t=0.861,cf=CFrame.new(7748.142,1160.108,2425.539,-1.000,0.000,-0.013,0.000,1.000,0.000,0.013,0.000,-1.000),s="Running",v=Vector3.new(-1.161,0.010,58.486)},
        {t=0.866,cf=CFrame.new(7748.137,1160.108,2425.795,-1.000,0.000,-0.012,0.000,1.000,0.000,0.012,0.000,-1.000),s="Running",v=Vector3.new(-1.232,0.010,58.485)},
        {t=0.871,cf=CFrame.new(7748.132,1160.108,2426.049,-1.000,0.000,-0.010,0.000,1.000,0.000,0.010,0.000,-1.000),s="Running",v=Vector3.new(-1.277,0.010,58.485)},
        {t=0.875,cf=CFrame.new(7748.127,1160.108,2426.295,-1.000,0.000,-0.009,0.000,1.000,0.000,0.009,0.000,-1.000),s="Running",v=Vector3.new(-1.294,0.010,58.484)},
        {t=0.879,cf=CFrame.new(7748.122,1160.108,2426.546,-1.000,0.000,-0.008,0.000,1.000,0.000,0.008,0.000,-1.000),s="Running",v=Vector3.new(-1.303,0.010,58.484)},
        {t=0.883,cf=CFrame.new(7748.117,1160.108,2426.797,-1.000,0.000,-0.006,0.000,1.000,0.000,0.006,0.000,-1.000),s="Running",v=Vector3.new(-1.307,0.010,58.484)},
        {t=0.887,cf=CFrame.new(7748.112,1160.108,2427.046,-1.000,0.000,-0.005,0.000,1.000,0.000,0.005,0.000,-1.000),s="Running",v=Vector3.new(-1.308,0.010,58.484)},
        {t=0.892,cf=CFrame.new(7748.106,1160.108,2427.302,-1.000,0.000,-0.004,0.000,1.000,0.000,0.004,0.000,-1.000),s="Running",v=Vector3.new(-1.309,0.010,58.484)},
        {t=0.898,cf=CFrame.new(7748.101,1160.108,2427.563,-1.000,0.000,-0.003,0.000,1.000,0.000,0.003,0.000,-1.000),s="Running",v=Vector3.new(-1.309,0.010,58.484)},
        {t=0.902,cf=CFrame.new(7748.096,1160.108,2427.821,-1.000,0.000,-0.001,0.000,1.000,0.000,0.001,0.000,-1.000),s="Running",v=Vector3.new(-1.309,0.010,58.484)},
        {t=0.906,cf=CFrame.new(7748.090,1160.108,2428.076,-1.000,0.000,-0.000,0.000,1.000,0.000,0.000,0.000,-1.000),s="Running",v=Vector3.new(-1.309,0.010,58.484)},
        {t=0.910,cf=CFrame.new(7748.085,1160.108,2428.328,-1.000,0.000,0.000,0.000,1.000,0.000,-0.000,0.000,-1.000),s="Running",v=Vector3.new(-1.309,0.010,58.484)},
        {t=0.916,cf=CFrame.new(7748.075,1160.108,2428.795,-1.000,0.000,0.002,0.000,1.000,0.000,-0.002,0.000,-1.000),s="Running",v=Vector3.new(-1.284,0.011,57.359)},
        {t=0.919,cf=CFrame.new(7748.075,1160.108,2428.819,-1.000,0.000,0.002,0.000,1.000,0.000,-0.002,0.000,-1.000),s="Running",v=Vector3.new(-1.328,0.010,59.328)},
        {t=0.923,cf=CFrame.new(7748.069,1160.108,2429.075,-1.000,0.000,0.003,0.000,1.000,0.000,-0.003,0.000,-1.000),s="Running",v=Vector3.new(-1.333,0.010,58.695)},
        {t=0.927,cf=CFrame.new(7748.063,1160.108,2429.333,-1.000,0.000,0.004,0.000,1.000,0.000,-0.004,0.000,-1.000),s="Running",v=Vector3.new(-1.372,0.010,58.535)},
        {t=0.935,cf=CFrame.new(7748.058,1160.108,2429.588,-1.000,0.000,0.005,0.000,1.000,0.000,-0.005,0.000,-1.000),s="Running",v=Vector3.new(-1.414,0.010,58.495)},
        {t=0.939,cf=CFrame.new(7748.046,1160.108,2430.072,-1.000,0.000,0.007,0.000,1.000,0.000,-0.007,0.000,-1.000),s="Running",v=Vector3.new(-1.522,0.011,57.356)},
        {t=0.947,cf=CFrame.new(7748.040,1160.108,2430.319,-1.000,0.000,0.008,0.000,1.000,0.000,-0.008,0.000,-1.000),s="Running",v=Vector3.new(-1.731,0.010,58.192)},
        {t=0.950,cf=CFrame.new(7748.026,1160.108,2430.793,-1.000,0.000,0.010,0.000,1.000,0.000,-0.010,0.000,-1.000),s="Running",v=Vector3.new(-1.936,0.011,57.270)},
        {t=0.953,cf=CFrame.new(7748.019,1160.108,2431.032,-1.000,0.000,0.011,0.000,1.000,0.000,-0.011,0.000,-1.000),s="Running",v=Vector3.new(-2.111,0.010,58.161)},
        {t=0.957,cf=CFrame.new(7748.010,1160.108,2431.273,-1.000,0.000,0.012,0.000,1.000,0.000,-0.012,0.000,-1.000),s="Running",v=Vector3.new(-2.220,0.010,58.382)},
        {t=0.960,cf=CFrame.new(7748.009,1160.108,2431.295,-1.000,0.000,0.013,0.000,1.000,0.000,-0.013,0.000,-1.000),s="Running",v=Vector3.new(-2.325,0.010,59.560)},
        {t=0.965,cf=CFrame.new(7748.000,1160.108,2431.561,-1.000,0.000,0.014,0.000,1.000,0.000,-0.014,0.000,-1.000),s="Running",v=Vector3.new(-2.343,0.010,58.729)},
        {t=0.969,cf=CFrame.new(7747.990,1160.108,2431.823,-1.000,0.000,0.016,0.000,1.000,0.000,-0.016,0.000,-1.000),s="Running",v=Vector3.new(-2.391,0.010,58.519)},
        {t=0.973,cf=CFrame.new(7747.979,1160.108,2432.078,-1.000,0.000,0.017,0.000,1.000,0.000,-0.017,0.000,-1.000),s="Running",v=Vector3.new(-2.414,0.010,58.466)},
        {t=0.978,cf=CFrame.new(7747.969,1160.108,2432.345,-1.000,0.000,0.018,0.000,1.000,0.000,-0.018,0.000,-1.000),s="Running",v=Vector3.new(-2.426,0.010,58.453)},
        {t=0.983,cf=CFrame.new(7747.950,1160.108,2432.810,-1.000,0.000,0.019,0.000,1.000,0.000,-0.019,0.000,-1.000),s="Running",v=Vector3.new(-2.384,0.011,57.324)},
        {t=0.989,cf=CFrame.new(7747.939,1160.108,2433.063,-1.000,0.000,0.020,0.000,1.000,0.000,-0.020,0.000,-1.000),s="Running",v=Vector3.new(-2.420,0.010,58.167)},
        {t=0.993,cf=CFrame.new(7747.929,1160.108,2433.322,-1.000,0.000,0.021,0.000,1.000,0.000,-0.021,0.000,-1.000),s="Running",v=Vector3.new(-2.429,0.010,58.378)},
        {t=0.999,cf=CFrame.new(7747.910,1160.108,2433.789,-1.000,0.000,0.022,0.000,1.000,0.000,-0.022,0.000,-1.000),s="Running",v=Vector3.new(-2.385,0.011,57.306)},
        {t=1.004,cf=CFrame.new(7747.900,1160.108,2434.045,-1.000,0.000,0.023,0.000,1.000,0.000,-0.023,0.000,-1.000),s="Running",v=Vector3.new(-2.421,0.010,58.163)},
        {t=1.008,cf=CFrame.new(7747.890,1160.108,2434.293,-1.000,0.000,0.024,0.000,1.000,0.000,-0.024,0.000,-1.000),s="Running",v=Vector3.new(-2.429,0.010,58.377)},
        {t=1.013,cf=CFrame.new(7747.880,1160.108,2434.548,-1.000,0.000,0.025,0.000,1.000,0.000,-0.025,0.000,-1.000),s="Running",v=Vector3.new(-2.437,0.010,58.430)},
        {t=1.017,cf=CFrame.new(7747.870,1160.108,2434.804,-1.000,0.000,0.026,0.000,1.000,0.000,-0.026,0.000,-1.000),s="Running",v=Vector3.new(-2.485,0.010,58.441)},
        {t=1.021,cf=CFrame.new(7747.859,1160.108,2435.058,-1.000,0.000,0.026,0.000,1.000,0.000,-0.026,0.000,-1.000),s="Running",v=Vector3.new(-2.514,0.010,58.444)},
        {t=1.025,cf=CFrame.new(7747.848,1160.108,2435.306,-1.000,0.000,0.027,0.000,1.000,0.000,-0.027,0.000,-1.000),s="Running",v=Vector3.new(-2.526,0.010,58.444)},
        {t=1.029,cf=CFrame.new(7747.837,1160.108,2435.562,-1.000,0.000,0.028,0.000,1.000,0.000,-0.028,0.000,-1.000),s="Running",v=Vector3.new(-2.582,0.010,58.442)},
        {t=1.033,cf=CFrame.new(7747.827,1160.108,2435.811,-1.000,0.000,0.028,0.000,1.000,0.000,-0.028,0.000,-1.000),s="Running",v=Vector3.new(-2.613,0.010,58.440)},
