-- CFrame Auto Walk Recording
-- Total Frames: 5355
-- Recorded HipHeight: 5.058475494384766

return {
    hipHeight = 5.058475494384766,
    frames = {
        {t=0.012,cf=CFrame.new(6274.925,1096.604,1020.910,-0.226,0.000,0.974,0.000,1.000,0.000,-0.974,0.000,-0.226),s="Running",v=Vector3.new(-51.463,-0.239,12.058)},
        {t=0.022,cf=CFrame.new(6274.376,1096.576,1021.041,-0.234,0.000,0.972,0.000,1.000,0.000,-0.972,0.000,-0.234),s="Running",v=Vector3.new(-52.785,-4.073,14.776)},
        {t=0.032,cf=CFrame.new(6273.823,1096.496,1021.202,-0.248,0.000,0.969,0.000,1.000,0.000,-0.969,0.000,-0.248),s="Running",v=Vector3.new(-51.574,-7.610,17.453)},
        {t=0.040,cf=CFrame.new(6273.432,1096.421,1021.339,-0.264,0.000,0.965,0.000,1.000,0.000,-0.965,0.000,-0.264),s="Running",v=Vector3.new(-51.822,-2.311,20.581)},
        {t=0.052,cf=CFrame.new(6272.980,1096.359,1021.531,-0.298,0.000,0.955,0.000,1.000,0.000,-0.955,0.000,-0.298),s="Running",v=Vector3.new(-50.317,-1.609,24.717)},
        {t=0.059,cf=CFrame.new(6272.577,1096.308,1021.734,-0.314,0.000,0.949,0.000,1.000,0.000,-0.949,0.000,-0.314),s="Running",v=Vector3.new(-48.857,-11.968,27.708)},
        {t=0.070,cf=CFrame.new(6272.017,1096.127,1022.057,-0.346,0.000,0.938,0.000,1.000,0.000,-0.938,0.000,-0.346),s="Running",v=Vector3.new(-45.811,-7.700,30.018)},
        {t=0.076,cf=CFrame.new(6271.803,1096.087,1022.198,-0.364,0.000,0.931,0.000,1.000,0.000,-0.931,0.000,-0.364),s="Running",v=Vector3.new(-46.282,-2.710,33.682)},
        {t=0.085,cf=CFrame.new(6271.283,1096.077,1022.577,-0.397,0.000,0.918,0.000,1.000,0.000,-0.918,0.000,-0.397),s="Running",v=Vector3.new(-42.400,1.130,35.093)},
        {t=0.092,cf=CFrame.new(6271.094,1096.078,1022.731,-0.419,0.000,0.908,0.000,1.000,0.000,-0.908,0.000,-0.419),s="Running",v=Vector3.new(-43.442,1.444,37.398)},
        {t=0.107,cf=CFrame.new(6270.650,1096.082,1023.106,-0.463,0.000,0.886,0.000,1.000,0.000,-0.886,0.000,-0.463),s="Running",v=Vector3.new(-41.151,1.471,36.602)},
        {t=0.116,cf=CFrame.new(6270.376,1096.086,1023.346,-0.488,0.000,0.873,0.000,1.000,0.000,-0.873,0.000,-0.488),s="Running",v=Vector3.new(-41.410,1.542,37.581)},
        {t=0.128,cf=CFrame.new(6269.883,1096.093,1023.797,-0.531,0.000,0.847,0.000,1.000,0.000,-0.847,0.000,-0.531),s="Running",v=Vector3.new(-38.623,1.268,36.741)},
        {t=0.137,cf=CFrame.new(6269.564,1096.098,1024.112,-0.574,0.000,0.819,0.000,1.000,0.000,-0.819,0.000,-0.574),s="Running",v=Vector3.new(-38.888,0.800,39.571)},
        {t=0.145,cf=CFrame.new(6269.220,1096.101,1024.478,-0.622,0.000,0.783,0.000,1.000,0.000,-0.783,0.000,-0.622),s="Running",v=Vector3.new(-32.841,0.459,44.153)},
        {t=0.155,cf=CFrame.new(6268.906,1096.104,1024.909,-0.679,0.000,0.734,0.000,1.000,0.000,-0.734,0.000,-0.679),s="Running",v=Vector3.new(-22.338,0.310,49.434)},
        {t=0.166,cf=CFrame.new(6268.611,1096.106,1025.552,-0.738,0.000,0.675,0.000,1.000,0.000,-0.675,0.000,-0.738),s="Running",v=Vector3.new(-8.393,0.183,52.989)},
        {t=0.174,cf=CFrame.new(6268.511,1096.106,1026.009,-0.774,0.000,0.634,0.000,1.000,0.000,-0.634,0.000,-0.774),s="Running",v=Vector3.new(-4.297,0.153,55.236)},
        {t=0.182,cf=CFrame.new(6268.439,1096.107,1026.506,-0.811,0.000,0.585,0.000,1.000,0.000,-0.585,0.000,-0.811),s="Running",v=Vector3.new(-0.101,0.109,55.966)},
        {t=0.191,cf=CFrame.new(6268.403,1096.108,1027.000,-0.844,0.000,0.537,0.000,1.000,0.000,-0.537,0.000,-0.844),s="Running",v=Vector3.new(2.626,0.083,56.080)},
        {t=0.201,cf=CFrame.new(6268.386,1096.108,1027.523,-0.879,0.000,0.477,0.000,1.000,0.000,-0.477,0.000,-0.879),s="Running",v=Vector3.new(5.421,0.059,55.922)},
        {t=0.210,cf=CFrame.new(6268.416,1096.108,1028.180,-0.904,0.000,0.427,0.000,1.000,0.000,-0.427,0.000,-0.904),s="Running",v=Vector3.new(7.809,0.038,54.245)},
        {t=0.218,cf=CFrame.new(6268.428,1096.108,1028.485,-0.924,0.000,0.383,0.000,1.000,0.000,-0.383,0.000,-0.924),s="Running",v=Vector3.new(9.460,0.031,56.500)},
        {t=0.225,cf=CFrame.new(6268.483,1096.108,1028.996,-0.940,0.000,0.343,0.000,1.000,0.000,-0.343,0.000,-0.940),s="Running",v=Vector3.new(10.334,0.020,55.550)},
        {t=0.231,cf=CFrame.new(6268.546,1096.108,1029.453,-0.950,0.000,0.313,0.000,1.000,0.000,-0.313,0.000,-0.950),s="Running",v=Vector3.new(10.653,0.017,55.293)},
        {t=0.241,cf=CFrame.new(6268.609,1096.108,1029.964,-0.964,0.000,0.266,0.000,1.000,0.000,-0.266,0.000,-0.964),s="Running",v=Vector3.new(11.143,0.012,55.147)},
        {t=0.250,cf=CFrame.new(6268.680,1096.108,1030.462,-0.974,0.000,0.227,0.000,1.000,0.000,-0.227,0.000,-0.974),s="Running",v=Vector3.new(11.331,0.009,55.097)},
        {t=0.258,cf=CFrame.new(6268.756,1096.108,1030.952,-0.981,0.000,0.195,0.000,1.000,0.000,-0.195,0.000,-0.981),s="Running",v=Vector3.new(11.408,0.009,55.079)},
        {t=0.265,cf=CFrame.new(6268.833,1096.108,1031.429,-0.986,0.000,0.167,0.000,1.000,0.000,-0.167,0.000,-0.986),s="Running",v=Vector3.new(11.427,0.009,55.074)},
        {t=0.274,cf=CFrame.new(6268.913,1096.108,1031.924,-0.991,0.000,0.136,0.000,1.000,0.000,-0.136,0.000,-0.991),s="Running",v=Vector3.new(11.432,0.009,55.073)},
        {t=0.293,cf=CFrame.new(6269.069,1096.108,1032.893,-0.997,0.000,0.077,0.000,1.000,0.000,-0.077,0.000,-0.997),s="Running",v=Vector3.new(10.861,0.008,52.317)},
        {t=0.303,cf=CFrame.new(6269.154,1096.108,1033.399,-0.999,0.000,0.051,0.000,1.000,0.000,-0.051,0.000,-0.999),s="Running",v=Vector3.new(11.290,0.009,54.384)},
        {t=0.315,cf=CFrame.new(6269.281,1096.108,1034.110,-1.000,0.000,0.022,0.000,1.000,0.000,-0.022,0.000,-1.000),s="Running",v=Vector3.new(11.112,0.009,53.522)},
        {t=0.325,cf=CFrame.new(6269.404,1096.108,1034.781,-1.000,0.000,-0.000,0.000,1.000,0.000,0.000,0.000,-1.000),s="Running",v=Vector3.new(11.180,0.009,53.283)},
        {t=0.333,cf=CFrame.new(6269.493,1096.108,1035.258,-1.000,0.000,-0.016,0.000,1.000,0.000,0.016,0.000,-1.000),s="Running",v=Vector3.new(11.612,0.009,54.574)},
        {t=0.339,cf=CFrame.new(6269.582,1096.108,1035.716,-1.000,0.000,-0.028,0.000,1.000,0.000,0.028,0.000,-1.000),s="Running",v=Vector3.new(11.825,0.009,54.874)},
        {t=0.347,cf=CFrame.new(6269.641,1096.108,1036.046,-0.999,0.000,-0.043,0.000,1.000,0.000,0.043,0.000,-0.999),s="Running",v=Vector3.new(12.380,0.009,56.280)},
        {t=0.353,cf=CFrame.new(6269.739,1096.108,1036.527,-0.999,0.000,-0.054,0.000,1.000,0.000,0.054,0.000,-0.999),s="Running",v=Vector3.new(12.308,0.009,55.237)},
        {t=0.361,cf=CFrame.new(6269.839,1096.108,1037.019,-0.998,0.000,-0.066,0.000,1.000,0.000,0.066,0.000,-0.998),s="Running",v=Vector3.new(12.329,0.009,54.967)},
        {t=0.368,cf=CFrame.new(6269.937,1096.108,1037.491,-0.997,0.000,-0.077,0.000,1.000,0.000,0.077,0.000,-0.997),s="Running",v=Vector3.new(12.373,0.009,54.891)},
        {t=0.377,cf=CFrame.new(6270.004,1096.108,1037.830,-0.996,0.000,-0.089,0.000,1.000,0.000,0.089,0.000,-0.996),s="Running",v=Vector3.new(12.699,0.009,56.244)},
        {t=0.382,cf=CFrame.new(6270.105,1096.108,1038.307,-0.995,0.000,-0.096,0.000,1.000,0.000,0.096,0.000,-0.995),s="Running",v=Vector3.new(12.470,0.009,55.209)},
        {t=0.388,cf=CFrame.new(6270.203,1096.108,1038.761,-0.995,0.000,-0.103,0.000,1.000,0.000,0.103,0.000,-0.995),s="Running",v=Vector3.new(12.413,0.009,54.951)},
        {t=0.393,cf=CFrame.new(6270.255,1096.108,1039.010,-0.994,0.000,-0.108,0.000,1.000,0.000,0.108,0.000,-0.994),s="Running",v=Vector3.new(12.708,0.009,56.259)},
        {t=0.399,cf=CFrame.new(6270.311,1096.108,1039.280,-0.993,0.000,-0.115,0.000,1.000,0.000,0.115,0.000,-0.993),s="Running",v=Vector3.new(12.782,0.009,56.586)},
        {t=0.404,cf=CFrame.new(6270.364,1096.108,1039.538,-0.993,0.000,-0.121,0.000,1.000,0.000,0.121,0.000,-0.993),s="Running",v=Vector3.new(12.801,0.009,56.668)},
        {t=0.409,cf=CFrame.new(6270.416,1096.108,1039.782,-0.992,0.000,-0.125,0.000,1.000,0.000,0.125,0.000,-0.992),s="Running",v=Vector3.new(12.806,0.009,56.688)},
        {t=0.412,cf=CFrame.new(6270.468,1096.108,1040.024,-0.992,0.000,-0.129,0.000,1.000,0.000,0.129,0.000,-0.992),s="Running",v=Vector3.new(12.807,0.009,56.693)},
        {t=0.419,cf=CFrame.new(6270.567,1096.108,1040.484,-0.991,0.000,-0.135,0.000,1.000,0.000,0.135,0.000,-0.991),s="Running",v=Vector3.new(12.497,0.009,55.322)},
        {t=0.423,cf=CFrame.new(6270.621,1096.108,1040.730,-0.990,0.000,-0.138,0.000,1.000,0.000,0.138,0.000,-0.990),s="Running",v=Vector3.new(12.730,0.009,56.352)},
        {t=0.431,cf=CFrame.new(6270.727,1096.108,1041.224,-0.990,0.000,-0.144,0.000,1.000,0.000,0.144,0.000,-0.990),s="Running",v=Vector3.new(12.478,0.009,55.236)},
        {t=0.438,cf=CFrame.new(6270.789,1096.108,1041.516,-0.989,0.000,-0.149,0.000,1.000,0.000,0.149,0.000,-0.989),s="Running",v=Vector3.new(12.725,0.009,56.330)},
        {t=0.443,cf=CFrame.new(6270.892,1096.108,1041.984,-0.988,0.000,-0.153,0.000,1.000,0.000,0.153,0.000,-0.988),s="Running",v=Vector3.new(12.476,0.009,55.231)},
        {t=0.449,cf=CFrame.new(6270.951,1096.108,1042.257,-0.988,0.000,-0.157,0.000,1.000,0.000,0.157,0.000,-0.988),s="Running",v=Vector3.new(12.724,0.009,56.329)},
        {t=0.456,cf=CFrame.new(6271.053,1096.108,1042.725,-0.987,0.000,-0.161,0.000,1.000,0.000,0.161,0.000,-0.987),s="Running",v=Vector3.new(12.476,0.009,55.231)},
        {t=0.461,cf=CFrame.new(6271.111,1096.108,1042.993,-0.986,0.000,-0.164,0.000,1.000,0.000,0.164,0.000,-0.986),s="Running",v=Vector3.new(12.724,0.009,56.329)},
        {t=0.474,cf=CFrame.new(6271.266,1096.108,1043.699,-0.985,0.000,-0.171,0.000,1.000,0.000,0.171,0.000,-0.985),s="Running",v=Vector3.new(12.166,0.009,53.858)},
        {t=0.480,cf=CFrame.new(6271.325,1096.108,1043.972,-0.985,0.000,-0.173,0.000,1.000,0.000,0.173,0.000,-0.985),s="Running",v=Vector3.new(12.597,0.009,55.997)},
        {t=0.486,cf=CFrame.new(6271.427,1096.108,1044.436,-0.984,0.000,-0.176,0.000,1.000,0.000,0.176,0.000,-0.984),s="Running",v=Vector3.new(12.345,0.009,55.170)},
        {t=0.493,cf=CFrame.new(6271.489,1096.108,1044.720,-0.984,0.000,-0.178,0.000,1.000,0.000,0.178,0.000,-0.984),s="Running",v=Vector3.new(12.445,0.009,56.369)},
        {t=0.499,cf=CFrame.new(6271.590,1096.108,1045.188,-0.984,0.000,-0.180,0.000,1.000,0.000,0.180,0.000,-0.984),s="Running",v=Vector3.new(11.925,0.009,55.346)},
        {t=0.503,cf=CFrame.new(6271.643,1096.108,1045.437,-0.984,0.000,-0.180,0.000,1.000,0.000,0.180,0.000,-0.984),s="Running",v=Vector3.new(11.938,0.009,56.499)},
        {t=0.508,cf=CFrame.new(6271.700,1096.108,1045.710,-0.983,0.000,-0.181,0.000,1.000,0.000,0.181,0.000,-0.983),s="Running",v=Vector3.new(11.706,0.009,56.836)},
        {t=0.512,cf=CFrame.new(6271.752,1096.108,1045.970,-0.983,0.000,-0.181,0.000,1.000,0.000,0.181,0.000,-0.983),s="Running",v=Vector3.new(11.511,0.009,56.948)},
        {t=0.519,cf=CFrame.new(6271.847,1096.108,1046.442,-0.983,0.000,-0.181,0.000,1.000,0.000,0.181,0.000,-0.983),s="Running",v=Vector3.new(10.855,0.009,55.660)},
        {t=0.526,cf=CFrame.new(6271.902,1096.108,1046.729,-0.984,0.000,-0.179,0.000,1.000,0.000,0.179,0.000,-0.984),s="Running",v=Vector3.new(10.298,0.009,56.840)},
        {t=0.533,cf=CFrame.new(6271.989,1096.108,1047.212,-0.984,0.000,-0.177,0.000,1.000,0.000,0.177,0.000,-0.984),s="Running",v=Vector3.new(9.068,0.009,55.891)},
        {t=0.542,cf=CFrame.new(6272.074,1096.108,1047.727,-0.985,0.000,-0.172,0.000,1.000,0.000,0.172,0.000,-0.985),s="Running",v=Vector3.new(8.034,0.009,55.761)},
        {t=0.551,cf=CFrame.new(6272.150,1096.108,1048.249,-0.986,0.000,-0.166,0.000,1.000,0.000,0.166,0.000,-0.986),s="Running",v=Vector3.new(6.735,0.009,55.859)},
        {t=0.557,cf=CFrame.new(6272.209,1096.108,1048.720,-0.987,0.000,-0.161,0.000,1.000,0.000,0.161,0.000,-0.987),s="Running",v=Vector3.new(5.738,0.009,55.952)},
        {t=0.566,cf=CFrame.new(6272.264,1096.108,1049.211,-0.988,0.000,-0.152,0.000,1.000,0.000,0.152,0.000,-0.988),s="Running",v=Vector3.new(4.609,0.009,56.049)},
        {t=0.570,cf=CFrame.new(6272.287,1096.108,1049.467,-0.989,0.000,-0.147,0.000,1.000,0.000,0.147,0.000,-0.989),s="Running",v=Vector3.new(3.887,0.009,57.514)},
        {t=0.577,cf=CFrame.new(6272.323,1096.108,1049.939,-0.990,0.000,-0.140,0.000,1.000,0.000,0.140,0.000,-0.990),s="Running",v=Vector3.new(2.693,0.009,56.525)},
        {t=0.582,cf=CFrame.new(6272.340,1096.108,1050.204,-0.991,0.000,-0.133,0.000,1.000,0.000,0.133,0.000,-0.991),s="Running",v=Vector3.new(1.789,0.009,57.705)},
        {t=0.586,cf=CFrame.new(6272.352,1096.108,1050.470,-0.992,0.000,-0.127,0.000,1.000,0.000,0.127,0.000,-0.992),s="Running",v=Vector3.new(0.935,0.009,58.012)},
        {t=0.591,cf=CFrame.new(6272.359,1096.108,1050.731,-0.993,0.000,-0.121,0.000,1.000,0.000,0.121,0.000,-0.993),s="Running",v=Vector3.new(0.219,0.009,58.092)},
        {t=0.596,cf=CFrame.new(6272.365,1096.108,1051.007,-0.994,0.000,-0.113,0.000,1.000,0.000,0.113,0.000,-0.994),s="Running",v=Vector3.new(-0.675,0.009,58.106)},
        {t=0.600,cf=CFrame.new(6272.366,1096.108,1051.267,-0.994,0.000,-0.107,0.000,1.000,0.000,0.107,0.000,-0.994),s="Running",v=Vector3.new(-1.391,0.009,58.099)},
        {t=0.604,cf=CFrame.new(6272.364,1096.108,1051.528,-0.995,0.000,-0.100,0.000,1.000,0.000,0.100,0.000,-0.995),s="Running",v=Vector3.new(-1.964,0.009,58.084)},
        {t=0.608,cf=CFrame.new(6272.360,1096.108,1051.790,-0.996,0.000,-0.093,0.000,1.000,0.000,0.093,0.000,-0.996),s="Running",v=Vector3.new(-2.651,0.009,58.058)},
        {t=0.613,cf=CFrame.new(6272.353,1096.108,1052.053,-0.996,0.000,-0.086,0.000,1.000,0.000,0.086,0.000,-0.996),s="Running",v=Vector3.new(-3.373,0.009,58.020)},
        {t=0.617,cf=CFrame.new(6272.342,1096.108,1052.312,-0.997,0.000,-0.079,0.000,1.000,0.000,0.079,0.000,-0.997),s="Running",v=Vector3.new(-3.927,0.009,57.985)},
        {t=0.621,cf=CFrame.new(6272.317,1096.108,1052.759,-0.997,0.000,-0.071,0.000,1.000,0.000,0.071,0.000,-0.997),s="Running",v=Vector3.new(-4.475,0.009,56.535)},
        {t=0.624,cf=CFrame.new(6272.318,1096.108,1052.785,-0.998,0.000,-0.067,0.000,1.000,0.000,0.067,0.000,-0.998),s="Running",v=Vector3.new(-5.101,0.010,58.954)},
        {t=0.628,cf=CFrame.new(6272.300,1096.108,1053.045,-0.998,0.000,-0.060,0.000,1.000,0.000,0.060,0.000,-0.998),s="Running",v=Vector3.new(-5.589,0.009,58.115)},
        {t=0.632,cf=CFrame.new(6272.280,1096.108,1053.301,-0.999,0.000,-0.053,0.000,1.000,0.000,0.053,0.000,-0.999),s="Running",v=Vector3.new(-6.088,0.009,57.866)},
        {t=0.636,cf=CFrame.new(6272.258,1096.108,1053.561,-0.999,0.000,-0.045,0.000,1.000,0.000,0.045,0.000,-0.999),s="Running",v=Vector3.new(-6.627,0.009,57.757)},
        {t=0.640,cf=CFrame.new(6272.234,1096.108,1053.806,-0.999,0.000,-0.039,0.000,1.000,0.000,0.039,0.000,-0.999),s="Running",v=Vector3.new(-6.948,0.009,57.708)},
        {t=0.644,cf=CFrame.new(6272.208,1096.108,1054.062,-1.000,0.000,-0.031,0.000,1.000,0.000,0.031,0.000,-1.000),s="Running",v=Vector3.new(-7.304,0.009,57.661)},
        {t=0.648,cf=CFrame.new(6272.182,1096.108,1054.310,-1.000,0.000,-0.025,0.000,1.000,0.000,0.025,0.000,-1.000),s="Running",v=Vector3.new(-7.666,0.009,57.614)},
        {t=0.653,cf=CFrame.new(6272.152,1096.108,1054.575,-1.000,0.000,-0.016,0.000,1.000,0.000,0.016,0.000,-1.000),s="Running",v=Vector3.new(-8.096,0.009,57.555)},
        {t=0.657,cf=CFrame.new(6272.122,1096.108,1054.821,-1.000,0.000,-0.010,0.000,1.000,0.000,0.010,0.000,-1.000),s="Running",v=Vector3.new(-8.363,0.009,57.517)},
        {t=0.661,cf=CFrame.new(6272.089,1096.108,1055.079,-1.000,0.000,-0.003,0.000,1.000,0.000,0.003,0.000,-1.000),s="Running",v=Vector3.new(-8.618,0.009,57.480)},
        {t=0.666,cf=CFrame.new(6272.056,1096.108,1055.334,-1.000,0.000,0.004,0.000,1.000,0.000,-0.004,0.000,-1.000),s="Running",v=Vector3.new(-8.794,0.009,57.454)},
        {t=0.669,cf=CFrame.new(6272.022,1096.108,1055.581,-1.000,0.000,0.010,0.000,1.000,0.000,-0.010,0.000,-1.000),s="Running",v=Vector3.new(-8.917,0.009,57.435)},
        {t=0.673,cf=CFrame.new(6271.988,1096.108,1055.827,-1.000,0.000,0.015,0.000,1.000,0.000,-0.015,0.000,-1.000),s="Running",v=Vector3.new(-9.030,0.009,57.417)},
        {t=0.677,cf=CFrame.new(6271.953,1096.108,1056.077,-1.000,0.000,0.021,0.000,1.000,0.000,-0.021,0.000,-1.000),s="Running",v=Vector3.new(-9.113,0.009,57.404)},
        {t=0.682,cf=CFrame.new(6271.917,1096.108,1056.329,-1.000,0.000,0.027,0.000,1.000,0.000,-0.027,0.000,-1.000),s="Running",v=Vector3.new(-9.153,0.009,57.398)},
        {t=0.686,cf=CFrame.new(6271.881,1096.108,1056.577,-0.999,0.000,0.032,0.000,1.000,0.000,-0.032,0.000,-0.999),s="Running",v=Vector3.new(-9.169,0.009,57.396)},
        {t=0.690,cf=CFrame.new(6271.845,1096.108,1056.827,-0.999,0.000,0.037,0.000,1.000,0.000,-0.037,0.000,-0.999),s="Running",v=Vector3.new(-9.177,0.009,57.394)},
        {t=0.697,cf=CFrame.new(6271.806,1096.108,1057.108,-0.999,0.000,0.046,0.000,1.000,0.000,-0.046,0.000,-0.999),s="Running",v=Vector3.new(-9.180,0.009,57.394)},
        {t=0.701,cf=CFrame.new(6271.769,1096.108,1057.358,-0.999,0.000,0.050,0.000,1.000,0.000,-0.050,0.000,-0.999),s="Running",v=Vector3.new(-9.180,0.009,57.394)},
        {t=0.706,cf=CFrame.new(6271.703,1096.108,1057.793,-0.998,0.000,0.055,0.000,1.000,0.000,-0.055,0.000,-0.998),s="Running",v=Vector3.new(-8.958,0.009,56.004)},
        {t=0.709,cf=CFrame.new(6271.702,1096.108,1057.812,-0.998,0.000,0.058,0.000,1.000,0.000,-0.058,0.000,-0.998),s="Running",v=Vector3.new(-9.347,0.010,58.436)},
        {t=0.713,cf=CFrame.new(6271.666,1096.108,1058.057,-0.998,0.000,0.063,0.000,1.000,0.000,-0.063,0.000,-0.998),s="Running",v=Vector3.new(-9.222,0.009,57.654)},
        {t=0.718,cf=CFrame.new(6271.631,1096.108,1058.298,-0.998,0.000,0.067,0.000,1.000,0.000,-0.067,0.000,-0.998),s="Running",v=Vector3.new(-9.191,0.009,57.459)},
        {t=0.722,cf=CFrame.new(6271.596,1096.108,1058.531,-0.998,0.000,0.071,0.000,1.000,0.000,-0.071,0.000,-0.998),s="Running",v=Vector3.new(-9.183,0.009,57.410)},
        {t=0.726,cf=CFrame.new(6271.560,1096.108,1058.775,-0.997,0.000,0.074,0.000,1.000,0.000,-0.074,0.000,-0.997),s="Running",v=Vector3.new(-9.182,0.009,57.398)},
        {t=0.731,cf=CFrame.new(6271.491,1096.108,1059.218,-0.997,0.000,0.078,0.000,1.000,0.000,-0.078,0.000,-0.997),s="Running",v=Vector3.new(-8.959,0.009,56.005)},
        {t=0.735,cf=CFrame.new(6271.454,1096.108,1059.467,-0.997,0.000,0.081,0.000,1.000,0.000,-0.081,0.000,-0.997),s="Running",v=Vector3.new(-9.113,0.009,57.049)},
        {t=0.739,cf=CFrame.new(6271.417,1096.108,1059.715,-0.996,0.000,0.084,0.000,1.000,0.000,-0.084,0.000,-0.996),s="Running",v=Vector3.new(-9.109,0.009,57.316)},
        {t=0.743,cf=CFrame.new(6271.379,1096.108,1059.964,-0.996,0.000,0.087,0.000,1.000,0.000,-0.087,0.000,-0.996),s="Running",v=Vector3.new(-9.095,0.009,57.385)},
        {t=0.746,cf=CFrame.new(6271.375,1096.108,1059.995,-0.996,0.000,0.089,0.000,1.000,0.000,-0.089,0.000,-0.996),s="Running",v=Vector3.new(-9.308,0.010,58.793)},
        {t=0.750,cf=CFrame.new(6271.336,1096.108,1060.254,-0.996,0.000,0.092,0.000,1.000,0.000,-0.092,0.000,-0.996),s="Running",v=Vector3.new(-9.139,0.009,57.755)},
        {t=0.754,cf=CFrame.new(6271.298,1096.108,1060.513,-0.996,0.000,0.094,0.000,1.000,0.000,-0.094,0.000,-0.996),s="Running",v=Vector3.new(-9.094,0.009,57.496)},
        {t=0.758,cf=CFrame.new(6271.259,1096.108,1060.770,-0.995,0.000,0.097,0.000,1.000,0.000,-0.097,0.000,-0.995),s="Running",v=Vector3.new(-9.036,0.009,57.439)},
        {t=0.762,cf=CFrame.new(6271.220,1096.108,1061.026,-0.995,0.000,0.099,0.000,1.000,0.000,-0.099,0.000,-0.995),s="Running",v=Vector3.new(-9.004,0.009,57.427)},
        {t=0.767,cf=CFrame.new(6271.181,1096.108,1061.290,-0.995,0.000,0.101,0.000,1.000,0.000,-0.101,0.000,-0.995),s="Running",v=Vector3.new(-8.989,0.009,57.426)},
        {t=0.771,cf=CFrame.new(6271.144,1096.108,1061.541,-0.995,0.000,0.103,0.000,1.000,0.000,-0.103,0.000,-0.995),s="Running",v=Vector3.new(-8.983,0.009,57.426)},
        {t=0.774,cf=CFrame.new(6271.106,1096.108,1061.792,-0.994,0.000,0.105,0.000,1.000,0.000,-0.105,0.000,-0.994),s="Running",v=Vector3.new(-8.937,0.009,57.432)},
        {t=0.778,cf=CFrame.new(6271.068,1096.108,1062.040,-0.994,0.000,0.107,0.000,1.000,0.000,-0.107,0.000,-0.994),s="Running",v=Vector3.new(-8.904,0.009,57.437)},
        {t=0.782,cf=CFrame.new(6271.031,1096.108,1062.291,-0.994,0.000,0.108,0.000,1.000,0.000,-0.108,0.000,-0.994),s="Running",v=Vector3.new(-8.857,0.009,57.445)},
        {t=0.787,cf=CFrame.new(6270.990,1096.108,1062.569,-0.994,0.000,0.111,0.000,1.000,0.000,-0.111,0.000,-0.994),s="Running",v=Vector3.new(-8.741,0.009,57.462)},
        {t=0.791,cf=CFrame.new(6270.953,1096.108,1062.817,-0.994,0.000,0.112,0.000,1.000,0.000,-0.112,0.000,-0.994),s="Running",v=Vector3.new(-8.704,0.009,57.468)},
        {t=0.794,cf=CFrame.new(6270.917,1096.108,1063.065,-0.994,0.000,0.113,0.000,1.000,0.000,-0.113,0.000,-0.994),s="Running",v=Vector3.new(-8.650,0.009,57.476)},
        {t=0.799,cf=CFrame.new(6270.879,1096.108,1063.322,-0.993,0.000,0.114,0.000,1.000,0.000,-0.114,0.000,-0.993),s="Running",v=Vector3.new(-8.608,0.009,57.482)},
        {t=0.803,cf=CFrame.new(6270.842,1096.108,1063.573,-0.993,0.000,0.116,0.000,1.000,0.000,-0.116,0.000,-0.993),s="Running",v=Vector3.new(-8.481,0.009,57.501)},
        {t=0.806,cf=CFrame.new(6270.807,1096.108,1063.819,-0.993,0.000,0.116,0.000,1.000,0.000,-0.116,0.000,-0.993),s="Running",v=Vector3.new(-8.358,0.009,57.519)},
        {t=0.811,cf=CFrame.new(6270.771,1096.108,1064.075,-0.993,0.000,0.117,0.000,1.000,0.000,-0.117,0.000,-0.993),s="Running",v=Vector3.new(-8.277,0.009,57.531)},
        {t=0.816,cf=CFrame.new(6270.736,1096.108,1064.322,-0.993,0.000,0.118,0.000,1.000,0.000,-0.118,0.000,-0.993),s="Running",v=Vector3.new(-8.162,0.009,57.547)},
        {t=0.819,cf=CFrame.new(6270.702,1096.108,1064.569,-0.993,0.000,0.119,0.000,1.000,0.000,-0.119,0.000,-0.993),s="Running",v=Vector3.new(-8.040,0.009,57.564)},
        {t=0.824,cf=CFrame.new(6270.668,1096.108,1064.816,-0.993,0.000,0.119,0.000,1.000,0.000,-0.119,0.000,-0.993),s="Running",v=Vector3.new(-7.931,0.009,57.580)},
        {t=0.828,cf=CFrame.new(6270.636,1096.108,1065.059,-0.993,0.000,0.120,0.000,1.000,0.000,-0.120,0.000,-0.993),s="Running",v=Vector3.new(-7.820,0.009,57.595)},
        {t=0.832,cf=CFrame.new(6270.603,1096.108,1065.305,-0.993,0.000,0.120,0.000,1.000,0.000,-0.120,0.000,-0.993),s="Running",v=Vector3.new(-7.678,0.009,57.614)},
        {t=0.836,cf=CFrame.new(6270.571,1096.108,1065.551,-0.993,0.000,0.120,0.000,1.000,0.000,-0.120,0.000,-0.993),s="Running",v=Vector3.new(-7.560,0.009,57.629)},
        {t=0.840,cf=CFrame.new(6270.540,1096.108,1065.792,-0.993,0.000,0.121,0.000,1.000,0.000,-0.121,0.000,-0.993),s="Running",v=Vector3.new(-7.452,0.009,57.644)},
        {t=0.845,cf=CFrame.new(6270.505,1096.108,1066.062,-0.993,0.000,0.121,0.000,1.000,0.000,-0.121,0.000,-0.993),s="Running",v=Vector3.new(-7.308,0.009,57.662)},
        {t=0.849,cf=CFrame.new(6270.475,1096.108,1066.307,-0.993,0.000,0.121,0.000,1.000,0.000,-0.121,0.000,-0.993),s="Running",v=Vector3.new(-7.238,0.009,57.671)},
        {t=0.852,cf=CFrame.new(6270.444,1096.108,1066.549,-0.993,0.000,0.121,0.000,1.000,0.000,-0.121,0.000,-0.993),s="Running",v=Vector3.new(-7.198,0.009,57.676)},
        {t=0.858,cf=CFrame.new(6270.413,1096.108,1066.802,-0.993,0.000,0.120,0.000,1.000,0.000,-0.120,0.000,-0.993),s="Running",v=Vector3.new(-7.045,0.009,57.695)},
        {t=0.861,cf=CFrame.new(6270.384,1096.108,1067.039,-0.993,0.000,0.120,0.000,1.000,0.000,-0.120,0.000,-0.993),s="Running",v=Vector3.new(-6.910,0.009,57.711)},
        {t=0.865,cf=CFrame.new(6270.354,1096.108,1067.294,-0.993,0.000,0.120,0.000,1.000,0.000,-0.120,0.000,-0.993),s="Running",v=Vector3.new(-6.752,0.009,57.730)},
        {t=0.869,cf=CFrame.new(6270.325,1096.108,1067.541,-0.993,0.000,0.120,0.000,1.000,0.000,-0.120,0.000,-0.993),s="Running",v=Vector3.new(-6.659,0.009,57.741)},
        {t=0.874,cf=CFrame.new(6270.296,1096.108,1067.795,-0.993,0.000,0.119,0.000,1.000,0.000,-0.119,0.000,-0.993),s="Running",v=Vector3.new(-6.566,0.009,57.751)},
        {t=0.878,cf=CFrame.new(6270.268,1096.108,1068.042,-0.993,0.000,0.119,0.000,1.000,0.000,-0.119,0.000,-0.993),s="Running",v=Vector3.new(-6.442,0.009,57.765)},
        {t=0.883,cf=CFrame.new(6270.239,1096.108,1068.301,-0.993,0.000,0.118,0.000,1.000,0.000,-0.118,0.000,-0.993),s="Running",v=Vector3.new(-6.296,0.009,57.781)},
        {t=0.886,cf=CFrame.new(6270.211,1096.108,1068.548,-0.993,0.000,0.117,0.000,1.000,0.000,-0.117,0.000,-0.993),s="Running",v=Vector3.new(-6.180,0.009,57.794)},
        {t=0.890,cf=CFrame.new(6270.185,1096.108,1068.791,-0.993,0.000,0.117,0.000,1.000,0.000,-0.117,0.000,-0.993),s="Running",v=Vector3.new(-6.095,0.009,57.803)},
        {t=0.895,cf=CFrame.new(6270.158,1096.108,1069.043,-0.993,0.000,0.116,0.000,1.000,0.000,-0.116,0.000,-0.993),s="Running",v=Vector3.new(-5.971,0.009,57.816)},
        {t=0.898,cf=CFrame.new(6270.133,1096.108,1069.287,-0.993,0.000,0.115,0.000,1.000,0.000,-0.115,0.000,-0.993),s="Running",v=Vector3.new(-5.846,0.009,57.829)},
        {t=0.903,cf=CFrame.new(6270.107,1096.108,1069.542,-0.993,0.000,0.114,0.000,1.000,0.000,-0.114,0.000,-0.993),s="Running",v=Vector3.new(-5.689,0.009,57.844)},
        {t=0.907,cf=CFrame.new(6270.083,1096.108,1069.783,-0.994,0.000,0.113,0.000,1.000,0.000,-0.113,0.000,-0.994),s="Running",v=Vector3.new(-5.571,0.009,57.856)},
        {t=0.911,cf=CFrame.new(6270.059,1096.108,1070.027,-0.994,0.000,0.113,0.000,1.000,0.000,-0.113,0.000,-0.994),s="Running",v=Vector3.new(-5.492,0.009,57.863)},
        {t=0.916,cf=CFrame.new(6270.035,1096.108,1070.279,-0.994,0.000,0.111,0.000,1.000,0.000,-0.111,0.000,-0.994),s="Running",v=Vector3.new(-5.413,0.009,57.871)},
        {t=0.919,cf=CFrame.new(6270.013,1096.108,1070.516,-0.994,0.000,0.111,0.000,1.000,0.000,-0.111,0.000,-0.994),s="Running",v=Vector3.new(-5.368,0.009,57.875)},
        {t=0.924,cf=CFrame.new(6269.990,1096.108,1070.756,-0.994,0.000,0.110,0.000,1.000,0.000,-0.110,0.000,-0.994),s="Running",v=Vector3.new(-5.323,0.009,57.879)},
        {t=0.930,cf=CFrame.new(6269.965,1096.108,1071.026,-0.994,0.000,0.108,0.000,1.000,0.000,-0.108,0.000,-0.994),s="Running",v=Vector3.new(-5.177,0.009,57.892)},
        {t=0.935,cf=CFrame.new(6269.941,1096.108,1071.293,-0.994,0.000,0.107,0.000,1.000,0.000,-0.107,0.000,-0.994),s="Running",v=Vector3.new(-5.048,0.009,57.904)},
        {t=0.939,cf=CFrame.new(6269.918,1096.108,1071.551,-0.994,0.000,0.106,0.000,1.000,0.000,-0.106,0.000,-0.994),s="Running",v=Vector3.new(-4.989,0.009,57.909)},
        {t=0.943,cf=CFrame.new(6269.880,1096.108,1071.998,-0.994,0.000,0.105,0.000,1.000,0.000,-0.105,0.000,-0.994),s="Running",v=Vector3.new(-4.844,0.009,56.509)},
        {t=0.946,cf=CFrame.new(6269.877,1096.108,1072.026,-0.994,0.000,0.105,0.000,1.000,0.000,-0.105,0.000,-0.994),s="Running",v=Vector3.new(-5.022,0.010,58.966)},
        {t=0.950,cf=CFrame.new(6269.855,1096.108,1072.286,-0.995,0.000,0.104,0.000,1.000,0.000,-0.104,0.000,-0.995),s="Running",v=Vector3.new(-4.921,0.009,58.180)},
        {t=0.955,cf=CFrame.new(6269.833,1096.108,1072.541,-0.995,0.000,0.103,0.000,1.000,0.000,-0.103,0.000,-0.995),s="Running",v=Vector3.new(-4.878,0.009,57.985)},
        {t=0.959,cf=CFrame.new(6269.811,1096.108,1072.794,-0.995,0.000,0.102,0.000,1.000,0.000,-0.102,0.000,-0.995),s="Running",v=Vector3.new(-4.860,0.009,57.937)},
        {t=0.964,cf=CFrame.new(6269.789,1096.108,1073.052,-0.995,0.000,0.101,0.000,1.000,0.000,-0.101,0.000,-0.995),s="Running",v=Vector3.new(-4.852,0.009,57.925)},
        {t=0.968,cf=CFrame.new(6269.767,1096.108,1073.312,-0.995,0.000,0.100,0.000,1.000,0.000,-0.100,0.000,-0.995),s="Running",v=Vector3.new(-4.850,0.009,57.922)},
        {t=0.973,cf=CFrame.new(6269.730,1096.108,1073.756,-0.995,0.000,0.100,0.000,1.000,0.000,-0.100,0.000,-0.995),s="Running",v=Vector3.new(-4.731,0.009,56.519)},
        {t=0.976,cf=CFrame.new(6269.710,1096.108,1073.995,-0.995,0.000,0.099,0.000,1.000,0.000,-0.099,0.000,-0.995),s="Running",v=Vector3.new(-4.819,0.009,57.570)},
        {t=0.980,cf=CFrame.new(6269.707,1096.108,1074.028,-0.995,0.000,0.099,0.000,1.000,0.000,-0.099,0.000,-0.995),s="Running",v=Vector3.new(-4.958,0.010,59.236)},
        {t=0.986,cf=CFrame.new(6269.684,1096.108,1074.306,-0.995,0.000,0.098,0.000,1.000,0.000,-0.098,0.000,-0.995),s="Running",v=Vector3.new(-4.876,0.009,58.250)},
        {t=0.991,cf=CFrame.new(6269.645,1096.108,1074.765,-0.995,0.000,0.097,0.000,1.000,0.000,-0.097,0.000,-0.995),s="Running",v=Vector3.new(-4.738,0.009,56.601)},
        {t=0.995,cf=CFrame.new(6269.623,1096.108,1075.024,-0.995,0.000,0.096,0.000,1.000,0.000,-0.096,0.000,-0.995),s="Running",v=Vector3.new(-4.821,0.009,57.591)},
        {t=1.000,cf=CFrame.new(6269.601,1096.108,1075.279,-0.995,0.000,0.096,0.000,1.000,0.000,-0.096,0.000,-0.995),s="Running",v=Vector3.new(-4.841,0.009,57.838)},
        {t=1.005,cf=CFrame.new(6269.579,1096.108,1075.539,-0.995,0.000,0.095,0.000,1.000,0.000,-0.095,0.000,-0.995),s="Running",v=Vector3.new(-4.847,0.009,57.900)},
        {t=1.010,cf=CFrame.new(6269.557,1096.108,1075.801,-0.996,0.000,0.095,0.000,1.000,0.000,-0.095,0.000,-0.996),s="Running",v=Vector3.new(-4.848,0.009,57.916)},
        {t=1.015,cf=CFrame.new(6269.519,1096.108,1076.256,-0.996,0.000,0.094,0.000,1.000,0.000,-0.094,0.000,-0.996),s="Running",v=Vector3.new(-4.731,0.009,56.517)},
        {t=1.021,cf=CFrame.new(6269.498,1096.108,1076.513,-0.996,0.000,0.094,0.000,1.000,0.000,-0.094,0.000,-0.996),s="Running",v=Vector3.new(-4.819,0.009,57.570)},
        {t=1.025,cf=CFrame.new(6269.476,1096.108,1076.765,-0.996,0.000,0.093,0.000,1.000,0.000,-0.093,0.000,-0.996),s="Running",v=Vector3.new(-4.841,0.009,57.833)},
        {t=1.030,cf=CFrame.new(6269.454,1096.108,1077.025,-0.996,0.000,0.093,0.000,1.000,0.000,-0.093,0.000,-0.996),s="Running",v=Vector3.new(-4.846,0.009,57.899)},
        {t=1.034,cf=CFrame.new(6269.433,1096.108,1077.277,-0.996,0.000,0.092,0.000,1.000,0.000,-0.092,0.000,-0.996),s="Running",v=Vector3.new(-4.848,0.009,57.915)},
        {t=1.038,cf=CFrame.new(6269.412,1096.108,1077.531,-0.996,0.000,0.092,0.000,1.000,0.000,-0.092,0.000,-0.996),s="Running",v=Vector3.new(-4.848,0.009,57.920)},
        {t=1.042,cf=CFrame.new(6269.391,1096.108,1077.779,-0.996,0.000,0.092,0.000,1.000,0.000,-0.092,0.000,-0.996),s="Running",v=Vector3.new(-4.848,0.009,57.921)},
        {t=1.047,cf=CFrame.new(6269.369,1096.108,1078.033,-0.996,0.000,0.091,0.000,1.000,0.000,-0.091,0.000,-0.996),s="Running",v=Vector3.new(-4.848,0.009,57.921)},
        {t=1.050,cf=CFrame.new(6269.348,1096.108,1078.283,-0.996,0.000,0.091,0.000,1.000,0.000,-0.091,0.000,-0.996),s="Running",v=Vector3.new(-4.848,0.009,57.921)},
        {t=1.054,cf=CFrame.new(6269.327,1096.108,1078.535,-0.996,0.000,0.091,0.000,1.000,0.000,-0.091,0.000,-0.996),s="Running",v=Vector3.new(-4.848,0.009,57.921)},
        {t=1.058,cf=CFrame.new(6269.306,1096.108,1078.787,-0.996,0.000,0.090,0.000,1.000,0.000,-0.090,0.000,-0.996),s="Running",v=Vector3.new(-4.848,0.009,57.921)},
        {t=1.063,cf=CFrame.new(6269.285,1096.108,1079.039,-0.996,0.000,0.090,0.000,1.000,0.000,-0.090,0.000,-0.996),s="Running",v=Vector3.new(-4.848,0.009,57.921)},
        {t=1.066,cf=CFrame.new(6269.264,1096.108,1079.284,-0.996,0.000,0.090,0.000,1.000,0.000,-0.090,0.000,-0.996),s="Running",v=Vector3.new(-4.848,0.009,57.921)},
        {t=1.070,cf=CFrame.new(6269.243,1096.108,1079.533,-0.996,0.000,0.090,0.000,1.000,0.000,-0.090,0.000,-0.996),s="Running",v=Vector3.new(-4.848,0.009,57.921)},
        {t=1.074,cf=CFrame.new(6269.222,1096.108,1079.781,-0.996,0.000,0.089,0.000,1.000,0.000,-0.089,0.000,-0.996),s="Running",v=Vector3.new(-4.848,0.009,57.921)},
        {t=1.078,cf=CFrame.new(6269.201,1096.108,1080.030,-0.996,0.000,0.089,0.000,1.000,0.000,-0.089,0.000,-0.996),s="Running",v=Vector3.new(-4.848,0.009,57.921)},
        {t=1.082,cf=CFrame.new(6269.181,1096.108,1080.276,-0.996,0.000,0.089,0.000,1.000,0.000,-0.089,0.000,-0.996),s="Running",v=Vector3.new(-4.848,0.009,57.921)},
        {t=1.086,cf=CFrame.new(6269.160,1096.108,1080.523,-0.996,0.000,0.089,0.000,1.000,0.000,-0.089,0.000,-0.996),s="Running",v=Vector3.new(-4.848,0.009,57.921)},
        {t=1.090,cf=CFrame.new(6269.139,1096.108,1080.770,-0.996,0.000,0.088,0.000,1.000,0.000,-0.088,0.000,-0.996),s="Running",v=Vector3.new(-4.848,0.009,57.921)},
        {t=1.096,cf=CFrame.new(6269.116,1096.108,1081.033,-0.996,0.000,0.088,0.000,1.000,0.000,-0.088,0.000,-0.996),s="Running",v=Vector3.new(-4.848,0.009,57.921)},
        {t=1.099,cf=CFrame.new(6269.096,1096.108,1081.279,-0.996,0.000,0.088,0.000,1.000,0.000,-0.088,0.000,-0.996),s="Running",v=Vector3.new(-4.848,0.009,57.921)},
        {t=1.103,cf=CFrame.new(6269.075,1096.108,1081.529,-0.996,0.000,0.088,0.000,1.000,0.000,-0.088,0.000,-0.996),s="Running",v=Vector3.new(-4.848,0.009,57.921)},
        {t=1.107,cf=CFrame.new(6269.054,1096.108,1081.774,-0.996,0.000,0.088,0.000,1.000,0.000,-0.088,0.000,-0.996),s="Running",v=Vector3.new(-4.848,0.009,57.921)},
        {t=1.111,cf=CFrame.new(6269.034,1096.108,1082.019,-0.996,0.000,0.088,0.000,1.000,0.000,-0.088,0.000,-0.996),s="Running",v=Vector3.new(-4.848,0.009,57.921)},
        {t=1.115,cf=CFrame.new(6269.013,1096.108,1082.268,-0.996,0.000,0.087,0.000,1.000,0.000,-0.087,0.000,-0.996),s="Running",v=Vector3.new(-4.848,0.009,57.921)},
        {t=1.120,cf=CFrame.new(6268.991,1096.108,1082.523,-0.996,0.000,0.087,0.000,1.000,0.000,-0.087,0.000,-0.996),s="Running",v=Vector3.new(-4.848,0.009,57.921)},
        {t=1.124,cf=CFrame.new(6268.970,1096.108,1082.770,-0.996,0.000,0.087,0.000,1.000,0.000,-0.087,0.000,-0.996),s="Running",v=Vector3.new(-4.848,0.009,57.921)},
        {t=1.128,cf=CFrame.new(6268.950,1096.108,1083.015,-0.996,0.000,0.087,0.000,1.000,0.000,-0.087,0.000,-0.996),s="Running",v=Vector3.new(-4.848,0.009,57.921)},
        {t=1.132,cf=CFrame.new(6268.929,1096.108,1083.264,-0.996,0.000,0.087,0.000,1.000,0.000,-0.087,0.000,-0.996),s="Running",v=Vector3.new(-4.848,0.009,57.921)},
        {t=1.136,cf=CFrame.new(6268.908,1096.108,1083.511,-0.996,0.000,0.087,0.000,1.000,0.000,-0.087,0.000,-0.996),s="Running",v=Vector3.new(-4.848,0.009,57.921)},
        {t=1.140,cf=CFrame.new(6268.887,1096.108,1083.754,-0.996,0.000,0.086,0.000,1.000,0.000,-0.086,0.000,-0.996),s="Running",v=Vector3.new(-4.848,0.009,57.921)},
        {t=1.145,cf=CFrame.new(6268.865,1096.108,1084.013,-0.996,0.000,0.086,0.000,1.000,0.000,-0.086,0.000,-0.996),s="Running",v=Vector3.new(-4.848,0.009,57.921)},
        {t=1.151,cf=CFrame.new(6268.841,1096.108,1084.296,-0.996,0.000,0.086,0.000,1.000,0.000,-0.086,0.000,-0.996),s="Running",v=Vector3.new(-4.848,0.009,57.921)},
        {t=1.156,cf=CFrame.new(6268.820,1096.108,1084.552,-0.996,0.000,0.086,0.000,1.000,0.000,-0.086,0.000,-0.996),s="Running",v=Vector3.new(-4.848,0.009,57.921)},
        {t=1.160,cf=CFrame.new(6268.799,1096.108,1084.804,-0.996,0.000,0.086,0.000,1.000,0.000,-0.086,0.000,-0.996),s="Running",v=Vector3.new(-4.848,0.009,57.921)},
        {t=1.163,cf=CFrame.new(6268.778,1096.108,1085.053,-0.996,0.000,0.086,0.000,1.000,0.000,-0.086,0.000,-0.996),s="Running",v=Vector3.new(-4.848,0.009,57.921)},
        {t=1.168,cf=CFrame.new(6268.756,1096.108,1085.308,-0.996,0.000,0.086,0.000,1.000,0.000,-0.086,0.000,-0.996),s="Running",v=Vector3.new(-4.848,0.009,57.921)},
        {t=1.172,cf=CFrame.new(6268.734,1096.108,1085.566,-0.996,0.000,0.086,0.000,1.000,0.000,-0.086,0.000,-0.996),s="Running",v=Vector3.new(-4.848,0.009,57.921)},
        {t=1.177,cf=CFrame.new(6268.697,1096.108,1086.016,-0.996,0.000,0.086,0.000,1.000,0.000,-0.086,0.000,-0.996),s="Running",v=Vector3.new(-4.731,0.009,56.518)},
        {t=1.180,cf=CFrame.new(6268.694,1096.108,1086.049,-0.996,0.000,0.085,0.000,1.000,0.000,-0.085,0.000,-0.996),s="Running",v=Vector3.new(-4.936,0.010,58.973)},
        {t=1.184,cf=CFrame.new(6268.671,1096.108,1086.312,-0.996,0.000,0.085,0.000,1.000,0.000,-0.085,0.000,-0.996),s="Running",v=Vector3.new(-4.870,0.009,58.184)},
        {t=1.188,cf=CFrame.new(6268.649,1096.108,1086.568,-0.996,0.000,0.085,0.000,1.000,0.000,-0.085,0.000,-0.996),s="Running",v=Vector3.new(-4.854,0.009,57.987)},
        {t=1.191,cf=CFrame.new(6268.628,1096.108,1086.816,-0.996,0.000,0.085,0.000,1.000,0.000,-0.085,0.000,-0.996),s="Running",v=Vector3.new(-4.850,0.009,57.937)},
        {t=1.196,cf=CFrame.new(6268.606,1096.108,1087.076,-0.996,0.000,0.085,0.000,1.000,0.000,-0.085,0.000,-0.996),s="Running",v=Vector3.new(-4.849,0.009,57.925)},
        {t=1.199,cf=CFrame.new(6268.586,1096.108,1087.321,-0.996,0.000,0.085,0.000,1.000,0.000,-0.085,0.000,-0.996),s="Running",v=Vector3.new(-4.848,0.009,57.922)},
        {t=1.203,cf=CFrame.new(6268.565,1096.108,1087.565,-0.996,0.000,0.085,0.000,1.000,0.000,-0.085,0.000,-0.996),s="Running",v=Vector3.new(-4.848,0.009,57.921)},
        {t=1.207,cf=CFrame.new(6268.545,1096.108,1087.809,-0.996,0.000,0.085,0.000,1.000,0.000,-0.085,0.000,-0.996),s="Running",v=Vector3.new(-4.848,0.009,57.921)},
        {t=1.211,cf=CFrame.new(6268.524,1096.108,1088.051,-0.996,0.000,0.085,0.000,1.000,0.000,-0.085,0.000,-0.996),s="Running",v=Vector3.new(-4.848,0.009,57.921)},
        {t=1.215,cf=CFrame.new(6268.503,1096.108,1088.301,-0.996,0.000,0.085,0.000,1.000,0.000,-0.085,0.000,-0.996),s="Running",v=Vector3.new(-4.848,0.009,57.921)},
        {t=1.219,cf=CFrame.new(6268.483,1096.108,1088.543,-0.996,0.000,0.085,0.000,1.000,0.000,-0.085,0.000,-0.996),s="Running",v=Vector3.new(-4.848,0.009,57.921)},
        {t=1.224,cf=CFrame.new(6268.461,1096.108,1088.797,-0.996,0.000,0.085,0.000,1.000,0.000,-0.085,0.000,-0.996),s="Running",v=Vector3.new(-4.848,0.009,57.921)},
        {t=1.228,cf=CFrame.new(6268.441,1096.108,1089.040,-0.996,0.000,0.085,0.000,1.000,0.000,-0.085,0.000,-0.996),s="Running",v=Vector3.new(-4.848,0.009,57.921)},
        {t=1.232,cf=CFrame.new(6268.420,1096.108,1089.287,-0.996,0.000,0.085,0.000,1.000,0.000,-0.085,0.000,-0.996),s="Running",v=Vector3.new(-4.848,0.009,57.921)},
        {t=1.236,cf=CFrame.new(6268.400,1096.108,1089.534,-0.996,0.000,0.085,0.000,1.000,0.000,-0.085,0.000,-0.996),s="Running",v=Vector3.new(-4.848,0.009,57.921)},
        {t=1.240,cf=CFrame.new(6268.379,1096.108,1089.778,-0.996,0.000,0.085,0.000,1.000,0.000,-0.085,0.000,-0.996),s="Running",v=Vector3.new(-4.848,0.009,57.921)},
        {t=1.246,cf=CFrame.new(6268.357,1096.108,1090.043,-0.996,0.000,0.084,0.000,1.000,0.000,-0.084,0.000,-0.996),s="Running",v=Vector3.new(-4.848,0.009,57.921)},
        {t=1.250,cf=CFrame.new(6268.336,1096.108,1090.294,-0.996,0.000,0.084,0.000,1.000,0.000,-0.084,0.000,-0.996),s="Running",v=Vector3.new(-4.848,0.009,57.921)},
        {t=1.254,cf=CFrame.new(6268.315,1096.108,1090.541,-0.996,0.000,0.084,0.000,1.000,0.000,-0.084,0.000,-0.996),s="Running",v=Vector3.new(-4.848,0.009,57.921)},
        {t=1.258,cf=CFrame.new(6268.294,1096.108,1090.791,-0.996,0.000,0.084,0.000,1.000,0.000,-0.084,0.000,-0.996),s="Running",v=Vector3.new(-4.848,0.009,57.921)},
        {t=1.263,cf=CFrame.new(6268.273,1096.108,1091.040,-0.996,0.000,0.084,0.000,1.000,0.000,-0.084,0.000,-0.996),s="Running",v=Vector3.new(-4.848,0.009,57.921)},
        {t=1.266,cf=CFrame.new(6268.252,1096.108,1091.284,-0.996,0.000,0.084,0.000,1.000,0.000,-0.084,0.000,-0.996),s="Running",v=Vector3.new(-4.848,0.009,57.921)},
        {t=1.270,cf=CFrame.new(6268.231,1096.108,1091.534,-0.996,0.000,0.084,0.000,1.000,0.000,-0.084,0.000,-0.996),s="Running",v=Vector3.new(-4.848,0.009,57.921)},
        {t=1.275,cf=CFrame.new(6268.210,1096.108,1091.784,-0.996,0.000,0.084,0.000,1.000,0.000,-0.084,0.000,-0.996),s="Running",v=Vector3.new(-4.848,0.009,57.921)},
        {t=1.279,cf=CFrame.new(6268.189,1096.108,1092.035,-0.996,0.000,0.084,0.000,1.000,0.000,-0.084,0.000,-0.996),s="Running",v=Vector3.new(-4.848,0.009,57.921)},
        {t=1.284,cf=CFrame.new(6268.167,1096.108,1092.297,-0.996,0.000,0.084,0.000,1.000,0.000,-0.084,0.000,-0.996),s="Running",v=Vector3.new(-4.848,0.009,57.921)},
        {t=1.289,cf=CFrame.new(6268.130,1096.108,1092.740,-0.996,0.000,0.084,0.000,1.000,0.000,-0.084,0.000,-0.996),s="Running",v=Vector3.new(-4.731,0.009,56.518)},
