-- CFrame Auto Walk Recording
-- Total Frames: 5885
-- Recorded HipHeight: 5.058475494384766

return {
    hipHeight = 5.058475494384766,
    frames = {
        {t=0.004,cf=CFrame.new(2233.669,1168.608,2019.087,0.997,0.000,-0.082,0.000,1.000,0.000,0.082,0.000,0.997),s="Running",v=Vector3.new(0.000,0.010,0.000)},
        {t=0.007,cf=CFrame.new(2233.669,1168.608,2019.087,0.997,0.000,-0.082,0.000,1.000,0.000,0.082,0.000,0.997),s="Running",v=Vector3.new(0.000,0.010,0.000)},
        {t=0.010,cf=CFrame.new(2233.669,1168.608,2019.087,0.997,0.000,-0.082,0.000,1.000,0.000,0.082,0.000,0.997),s="Running",v=Vector3.new(0.000,0.010,0.000)},
        {t=0.015,cf=CFrame.new(2233.669,1168.608,2019.087,0.997,0.000,-0.082,0.000,1.000,0.000,0.082,0.000,0.997),s="Running",v=Vector3.new(0.000,0.010,0.000)},
        {t=0.019,cf=CFrame.new(2233.669,1168.608,2019.087,0.997,0.000,-0.082,0.000,1.000,0.000,0.082,0.000,0.997),s="Running",v=Vector3.new(0.000,0.010,0.000)},
        {t=0.023,cf=CFrame.new(2233.669,1168.608,2019.087,0.997,0.000,-0.082,0.000,1.000,0.000,0.082,0.000,0.997),s="Running",v=Vector3.new(0.000,0.010,0.000)},
        {t=0.028,cf=CFrame.new(2233.669,1168.608,2019.087,0.997,0.000,-0.082,0.000,1.000,0.000,0.082,0.000,0.997),s="Running",v=Vector3.new(0.000,0.010,0.000)},
        {t=0.031,cf=CFrame.new(2233.669,1168.608,2019.087,0.997,0.000,-0.082,0.000,1.000,0.000,0.082,0.000,0.997),s="Running",v=Vector3.new(0.000,0.010,0.000)},
        {t=0.036,cf=CFrame.new(2233.669,1168.608,2019.087,0.997,0.000,-0.082,0.000,1.000,0.000,0.082,0.000,0.997),s="Running",v=Vector3.new(0.000,0.010,0.000)},
        {t=0.040,cf=CFrame.new(2233.669,1168.608,2019.087,0.997,0.000,-0.082,0.000,1.000,0.000,0.082,0.000,0.997),s="Running",v=Vector3.new(0.000,0.010,0.000)},
        {t=0.044,cf=CFrame.new(2233.669,1168.608,2019.087,0.997,0.000,-0.082,0.000,1.000,0.000,0.082,0.000,0.997),s="Running",v=Vector3.new(0.000,0.010,0.000)},
        {t=0.048,cf=CFrame.new(2233.669,1168.608,2019.087,0.997,0.000,-0.082,0.000,1.000,0.000,0.082,0.000,0.997),s="Running",v=Vector3.new(0.000,0.010,0.000)},
        {t=0.052,cf=CFrame.new(2233.669,1168.608,2019.087,0.997,0.000,-0.082,0.000,1.000,0.000,0.082,0.000,0.997),s="Running",v=Vector3.new(0.000,0.010,0.000)},
        {t=0.057,cf=CFrame.new(2233.669,1168.608,2019.087,0.997,0.000,-0.082,0.000,1.000,0.000,0.082,0.000,0.997),s="Running",v=Vector3.new(0.000,0.010,0.000)},
        {t=0.061,cf=CFrame.new(2233.669,1168.608,2019.087,0.997,0.000,-0.082,0.000,1.000,0.000,0.082,0.000,0.997),s="Running",v=Vector3.new(0.000,0.010,0.000)},
        {t=0.065,cf=CFrame.new(2233.669,1168.608,2019.087,0.997,0.000,-0.082,0.000,1.000,0.000,0.082,0.000,0.997),s="Running",v=Vector3.new(0.000,0.010,0.000)},
        {t=0.069,cf=CFrame.new(2233.669,1168.608,2019.087,0.997,0.000,-0.082,0.000,1.000,0.000,0.082,0.000,0.997),s="Running",v=Vector3.new(0.000,0.010,0.000)},
        {t=0.073,cf=CFrame.new(2233.669,1168.608,2019.087,0.997,0.000,-0.082,0.000,1.000,0.000,0.082,0.000,0.997),s="Running",v=Vector3.new(0.000,0.010,0.000)},
        {t=0.078,cf=CFrame.new(2233.669,1168.608,2019.087,0.997,0.000,-0.082,0.000,1.000,0.000,0.082,0.000,0.997),s="Running",v=Vector3.new(0.000,0.010,0.000)},
        {t=0.081,cf=CFrame.new(2233.669,1168.608,2019.087,0.997,0.000,-0.082,0.000,1.000,0.000,0.082,0.000,0.997),s="Running",v=Vector3.new(0.000,0.010,0.000)},
        {t=0.086,cf=CFrame.new(2233.669,1168.608,2019.087,0.997,0.000,-0.082,0.000,1.000,0.000,0.082,0.000,0.997),s="Running",v=Vector3.new(0.000,0.010,0.000)},
        {t=0.089,cf=CFrame.new(2233.669,1168.608,2019.087,0.997,0.000,-0.082,0.000,1.000,0.000,0.082,0.000,0.997),s="Running",v=Vector3.new(0.000,0.010,0.000)},
        {t=0.094,cf=CFrame.new(2233.669,1168.608,2019.087,0.997,0.000,-0.082,0.000,1.000,0.000,0.082,0.000,0.997),s="Running",v=Vector3.new(0.000,0.010,0.000)},
        {t=0.099,cf=CFrame.new(2233.669,1168.608,2019.087,0.997,0.000,-0.082,0.000,1.000,0.000,0.082,0.000,0.997),s="Running",v=Vector3.new(0.000,0.010,0.000)},
        {t=0.103,cf=CFrame.new(2233.669,1168.608,2019.087,0.997,0.000,-0.082,0.000,1.000,0.000,0.082,0.000,0.997),s="Running",v=Vector3.new(0.000,0.010,0.000)},
        {t=0.105,cf=CFrame.new(2233.669,1168.608,2019.087,0.997,0.000,-0.082,0.000,1.000,0.000,0.082,0.000,0.997),s="Running",v=Vector3.new(0.000,0.010,0.000)},
        {t=0.110,cf=CFrame.new(2233.669,1168.608,2019.087,0.997,0.000,-0.082,0.000,1.000,0.000,0.082,0.000,0.997),s="Running",v=Vector3.new(0.000,0.010,0.000)},
        {t=0.115,cf=CFrame.new(2233.669,1168.608,2019.087,0.997,0.000,-0.082,0.000,1.000,0.000,0.082,0.000,0.997),s="Running",v=Vector3.new(0.000,0.010,0.000)},
        {t=0.120,cf=CFrame.new(2233.669,1168.608,2019.087,0.997,0.000,-0.082,0.000,1.000,0.000,0.082,0.000,0.997),s="Running",v=Vector3.new(0.000,0.010,0.000)},
        {t=0.123,cf=CFrame.new(2233.669,1168.608,2019.087,0.997,0.000,-0.082,0.000,1.000,0.000,0.082,0.000,0.997),s="Running",v=Vector3.new(0.000,0.010,0.000)},
        {t=0.127,cf=CFrame.new(2233.669,1168.608,2019.087,0.997,0.000,-0.082,0.000,1.000,0.000,0.082,0.000,0.997),s="Running",v=Vector3.new(0.000,0.010,0.000)},
        {t=0.132,cf=CFrame.new(2233.669,1168.608,2019.087,0.997,0.000,-0.082,0.000,1.000,0.000,0.082,0.000,0.997),s="Running",v=Vector3.new(0.000,0.010,0.000)},
        {t=0.135,cf=CFrame.new(2233.669,1168.608,2019.087,0.997,0.000,-0.082,0.000,1.000,0.000,0.082,0.000,0.997),s="Running",v=Vector3.new(0.000,0.010,0.000)},
        {t=0.140,cf=CFrame.new(2233.669,1168.608,2019.087,0.997,0.000,-0.082,0.000,1.000,0.000,0.082,0.000,0.997),s="Running",v=Vector3.new(0.000,0.010,0.000)},
        {t=0.145,cf=CFrame.new(2233.669,1168.608,2019.087,0.997,0.000,-0.082,0.000,1.000,0.000,0.082,0.000,0.997),s="Running",v=Vector3.new(0.000,0.010,0.000)},
        {t=0.148,cf=CFrame.new(2233.669,1168.608,2019.087,0.997,0.000,-0.082,0.000,1.000,0.000,0.082,0.000,0.997),s="Running",v=Vector3.new(0.000,0.010,-0.000)},
        {t=0.152,cf=CFrame.new(2233.669,1168.608,2019.087,0.997,0.000,-0.082,0.000,1.000,0.000,0.082,0.000,0.997),s="Running",v=Vector3.new(0.000,0.010,-0.000)},
        {t=0.156,cf=CFrame.new(2233.669,1168.608,2019.087,0.997,-0.000,-0.082,0.000,1.000,-0.000,0.082,0.000,0.997),s="Running",v=Vector3.new(0.000,0.010,-0.000)},
        {t=0.162,cf=CFrame.new(2233.669,1168.608,2019.087,0.997,-0.000,-0.082,0.000,1.000,-0.000,0.082,0.000,0.997),s="Running",v=Vector3.new(0.090,0.010,-1.085)},
        {t=0.166,cf=CFrame.new(2233.669,1168.608,2019.084,0.997,-0.000,-0.082,0.000,1.000,-0.000,0.082,0.000,0.997),s="Running",v=Vector3.new(0.320,0.010,-3.866)},
        {t=0.170,cf=CFrame.new(2233.670,1168.608,2019.076,0.997,-0.000,-0.082,0.000,1.000,-0.000,0.082,0.000,0.997),s="Running",v=Vector3.new(0.587,0.010,-7.095)},
        {t=0.174,cf=CFrame.new(2233.671,1168.608,2019.062,0.997,-0.000,-0.082,0.000,1.000,-0.000,0.082,0.000,0.997),s="Running",v=Vector3.new(0.860,0.010,-10.391)},
        {t=0.178,cf=CFrame.new(2233.673,1168.608,2019.031,0.997,-0.000,-0.082,0.000,1.000,-0.000,0.082,0.000,0.997),s="Running",v=Vector3.new(1.309,0.010,-15.818)},
        {t=0.181,cf=CFrame.new(2233.678,1168.608,2018.977,0.997,-0.000,-0.082,0.000,1.000,-0.000,0.082,0.000,0.997),s="Running",v=Vector3.new(1.626,0.010,-19.651)},
        {t=0.187,cf=CFrame.new(2233.684,1168.608,2018.902,0.997,-0.000,-0.083,0.000,1.000,-0.000,0.083,0.000,0.997),s="Running",v=Vector3.new(1.976,0.010,-23.773)},
        {t=0.190,cf=CFrame.new(2233.691,1168.608,2018.813,0.997,-0.000,-0.083,0.000,1.000,-0.000,0.083,0.000,0.997),s="Running",v=Vector3.new(2.369,0.010,-28.383)},
        {t=0.194,cf=CFrame.new(2233.700,1168.608,2018.703,0.997,-0.000,-0.083,0.000,1.000,-0.000,0.083,0.000,0.997),s="Running",v=Vector3.new(2.698,0.010,-31.925)},
        {t=0.198,cf=CFrame.new(2233.711,1168.608,2018.573,0.997,-0.000,-0.083,0.000,1.000,-0.000,0.083,0.000,0.997),s="Running",v=Vector3.new(3.261,0.010,-37.729)},
        {t=0.204,cf=CFrame.new(2233.725,1168.608,2018.411,0.996,-0.000,-0.084,0.000,1.000,-0.000,0.084,0.000,0.996),s="Running",v=Vector3.new(3.907,0.010,-43.347)},
        {t=0.208,cf=CFrame.new(2233.742,1168.608,2018.231,0.996,-0.000,-0.086,0.000,1.000,-0.000,0.086,0.000,0.996),s="Running",v=Vector3.new(4.503,0.010,-47.614)},
        {t=0.211,cf=CFrame.new(2233.760,1168.608,2018.033,0.996,-0.000,-0.087,0.000,1.000,-0.000,0.087,0.000,0.996),s="Running",v=Vector3.new(5.332,0.010,-51.919)},
        {t=0.215,cf=CFrame.new(2233.783,1168.608,2017.816,0.996,-0.000,-0.089,0.000,1.000,-0.000,0.089,0.000,0.996),s="Running",v=Vector3.new(6.362,0.010,-55.203)},
        {t=0.219,cf=CFrame.new(2233.809,1168.608,2017.584,0.996,-0.000,-0.091,0.000,1.000,-0.000,0.091,0.000,0.996),s="Running",v=Vector3.new(7.034,0.010,-56.792)},
        {t=0.224,cf=CFrame.new(2233.839,1168.608,2017.343,0.996,-0.000,-0.094,0.000,1.000,-0.000,0.094,0.000,0.996),s="Running",v=Vector3.new(7.761,0.010,-57.465)},
        {t=0.228,cf=CFrame.new(2233.872,1168.608,2017.100,0.995,-0.000,-0.097,0.000,1.000,-0.000,0.097,0.000,0.995),s="Running",v=Vector3.new(8.485,0.010,-57.667)},
        {t=0.231,cf=CFrame.new(2233.906,1168.608,2016.862,0.995,-0.000,-0.100,0.000,1.000,-0.000,0.100,0.000,0.995),s="Running",v=Vector3.new(9.198,-0.097,-57.680)},
        {t=0.236,cf=CFrame.new(2233.946,1168.608,2016.614,0.994,-0.000,-0.105,0.000,1.000,-0.000,0.105,0.000,0.994),s="Running",v=Vector3.new(10.427,-1.144,-57.517)},
        {t=0.240,cf=CFrame.new(2233.989,1168.604,2016.371,0.994,-0.000,-0.110,0.000,1.000,-0.000,0.110,0.000,0.994),s="Running",v=Vector3.new(11.261,-1.920,-57.381)},
        {t=0.244,cf=CFrame.new(2234.036,1168.592,2016.130,0.993,-0.000,-0.116,0.000,1.000,-0.000,0.116,0.000,0.993),s="Running",v=Vector3.new(12.261,-3.594,-57.179)},
        {t=0.248,cf=CFrame.new(2234.086,1168.573,2015.894,0.993,-0.000,-0.121,0.000,1.000,-0.000,0.121,0.000,0.993),s="Running",v=Vector3.new(13.300,-4.929,-56.945)},
        {t=0.253,cf=CFrame.new(2234.143,1168.548,2015.649,0.992,-0.000,-0.130,0.000,1.000,-0.000,0.130,0.000,0.992),s="Running",v=Vector3.new(14.753,-6.219,-56.581)},
        {t=0.256,cf=CFrame.new(2234.204,1168.518,2015.412,0.991,-0.000,-0.136,0.000,1.000,-0.000,0.136,0.000,0.991),s="Running",v=Vector3.new(16.281,-7.506,-56.157)},
        {t=0.261,cf=CFrame.new(2234.273,1168.482,2015.169,0.989,-0.000,-0.147,0.000,1.000,-0.000,0.147,0.000,0.989),s="Running",v=Vector3.new(17.427,-8.923,-55.819)},
        {t=0.265,cf=CFrame.new(2234.345,1168.441,2014.933,0.988,-0.000,-0.156,0.000,1.000,-0.000,0.156,0.000,0.988),s="Running",v=Vector3.new(18.749,-9.891,-55.382)},
        {t=0.269,cf=CFrame.new(2234.423,1168.395,2014.697,0.986,-0.000,-0.166,0.000,1.000,-0.000,0.166,0.000,0.986),s="Running",v=Vector3.new(20.304,-2.677,-54.823)},
        {t=0.274,cf=CFrame.new(2234.579,1168.347,2014.271,0.983,-0.000,-0.183,0.000,1.000,-0.000,0.183,0.000,0.983),s="Running",v=Vector3.new(21.604,-1.510,-53.105)},
        {t=0.277,cf=CFrame.new(2234.583,1168.345,2014.257,0.982,-0.000,-0.190,0.000,1.000,-0.000,0.190,0.000,0.982),s="Running",v=Vector3.new(23.475,-0.378,-54.459)},
        {t=0.281,cf=CFrame.new(2234.683,1168.326,2014.022,0.979,-0.000,-0.205,0.000,1.000,-0.000,0.205,0.000,0.979),s="Running",v=Vector3.new(24.576,-0.790,-53.283)},
        {t=0.286,cf=CFrame.new(2234.787,1168.306,2013.791,0.975,-0.000,-0.220,0.000,1.000,-0.000,0.220,0.000,0.975),s="Running",v=Vector3.new(26.341,-11.242,-52.244)},
        {t=0.289,cf=CFrame.new(2234.896,1168.250,2013.573,0.973,-0.000,-0.231,0.000,1.000,-0.000,0.231,0.000,0.973),s="Running",v=Vector3.new(27.639,-14.057,-51.533)},
        {t=0.295,cf=CFrame.new(2235.011,1168.182,2013.352,0.969,-0.000,-0.246,0.000,1.000,-0.000,0.246,0.000,0.969),s="Running",v=Vector3.new(29.233,-14.654,-50.628)},
        {t=0.298,cf=CFrame.new(2235.132,1168.114,2013.138,0.966,-0.000,-0.259,0.000,1.000,-0.000,0.259,0.000,0.966),s="Running",v=Vector3.new(30.572,-7.784,-49.832)},
        {t=0.302,cf=CFrame.new(2235.259,1168.075,2012.927,0.962,-0.000,-0.274,0.000,1.000,-0.000,0.274,0.000,0.962),s="Running",v=Vector3.new(32.123,-3.786,-48.834)},
        {t=0.307,cf=CFrame.new(2235.397,1168.066,2012.713,0.956,-0.000,-0.292,0.000,1.000,-0.000,0.292,0.000,0.956),s="Running",v=Vector3.new(33.740,-0.048,-47.728)},
        {t=0.310,cf=CFrame.new(2235.534,1168.066,2012.516,0.953,-0.000,-0.304,0.000,1.000,-0.000,0.304,0.000,0.953),s="Running",v=Vector3.new(35.071,1.049,-46.761)},
        {t=0.315,cf=CFrame.new(2235.683,1168.069,2012.311,0.946,-0.000,-0.323,0.000,1.000,-0.000,0.323,0.000,0.946),s="Running",v=Vector3.new(36.583,1.661,-45.586)},
        {t=0.319,cf=CFrame.new(2235.836,1168.073,2012.116,0.941,-0.000,-0.340,0.000,1.000,-0.000,0.340,0.000,0.941),s="Running",v=Vector3.new(38.038,1.850,-44.381)},
        {t=0.322,cf=CFrame.new(2235.992,1168.078,2011.930,0.935,-0.000,-0.354,0.000,1.000,-0.000,0.354,0.000,0.935),s="Running",v=Vector3.new(39.022,1.859,-43.534)},
        {t=0.328,cf=CFrame.new(2236.160,1168.082,2011.737,0.927,-0.000,-0.376,0.000,1.000,-0.000,0.376,0.000,0.927),s="Running",v=Vector3.new(40.610,1.749,-42.039)},
        {t=0.331,cf=CFrame.new(2236.325,1168.087,2011.562,0.921,-0.000,-0.390,0.000,1.000,-0.000,0.390,0.000,0.921),s="Running",v=Vector3.new(41.478,1.645,-41.202)},
        {t=0.336,cf=CFrame.new(2236.502,1168.090,2011.381,0.911,-0.000,-0.412,0.000,1.000,-0.000,0.412,0.000,0.911),s="Running",v=Vector3.new(43.328,1.439,-39.210)},
        {t=0.339,cf=CFrame.new(2236.678,1168.094,2011.218,0.905,-0.000,-0.425,0.000,1.000,-0.000,0.425,0.000,0.905),s="Running",v=Vector3.new(44.462,1.304,-37.940)},
        {t=0.344,cf=CFrame.new(2236.865,1168.096,2011.053,0.895,-0.000,-0.447,0.000,1.000,-0.000,0.447,0.000,0.895),s="Running",v=Vector3.new(45.310,1.154,-36.948)},
        {t=0.349,cf=CFrame.new(2237.057,1168.099,2010.891,0.884,-0.000,-0.468,0.000,1.000,-0.000,0.468,0.000,0.884),s="Running",v=Vector3.new(46.712,0.977,-35.131)},
        {t=0.352,cf=CFrame.new(2237.247,1168.101,2010.744,0.876,-0.000,-0.482,0.000,1.000,-0.000,0.482,0.000,0.876),s="Running",v=Vector3.new(47.587,0.883,-33.942)},
        {t=0.357,cf=CFrame.new(2237.449,1168.103,2010.595,0.864,-0.000,-0.504,0.000,1.000,-0.000,0.504,0.000,0.864),s="Running",v=Vector3.new(48.563,0.739,-32.543)},
        {t=0.361,cf=CFrame.new(2237.653,1168.104,2010.453,0.852,-0.000,-0.523,0.000,1.000,-0.000,0.523,0.000,0.852),s="Running",v=Vector3.new(49.665,0.627,-30.826)},
        {t=0.365,cf=CFrame.new(2237.863,1168.105,2010.317,0.840,-0.000,-0.543,0.000,1.000,-0.000,0.543,0.000,0.840),s="Running",v=Vector3.new(50.276,0.546,-29.851)},
        {t=0.369,cf=CFrame.new(2238.071,1168.106,2010.190,0.829,-0.000,-0.559,0.000,1.000,-0.000,0.559,0.000,0.829),s="Running",v=Vector3.new(50.935,0.467,-28.712)},
        {t=0.374,cf=CFrame.new(2238.289,1168.107,2010.062,0.816,-0.000,-0.579,0.000,1.000,-0.000,0.579,0.000,0.816),s="Running",v=Vector3.new(51.882,0.387,-26.946)},
        {t=0.377,cf=CFrame.new(2238.504,1168.107,2009.945,0.804,-0.000,-0.594,0.000,1.000,-0.000,0.594,0.000,0.804),s="Running",v=Vector3.new(52.378,0.340,-25.994)},
        {t=0.381,cf=CFrame.new(2238.720,1168.108,2009.834,0.793,-0.000,-0.609,0.000,1.000,-0.000,0.609,0.000,0.793),s="Running",v=Vector3.new(52.798,0.301,-25.143)},
        {t=0.386,cf=CFrame.new(2238.946,1168.108,2009.721,0.777,-0.000,-0.630,0.000,1.000,-0.000,0.630,0.000,0.777),s="Running",v=Vector3.new(53.518,0.251,-23.549)},
        {t=0.389,cf=CFrame.new(2239.164,1168.109,2009.621,0.766,-0.000,-0.642,0.000,1.000,-0.000,0.642,0.000,0.766),s="Running",v=Vector3.new(53.966,0.223,-22.513)},
        {t=0.394,cf=CFrame.new(2239.399,1168.106,2009.517,0.747,-0.000,-0.664,0.000,1.000,-0.000,0.664,0.000,0.747),s="Running",v=Vector3.new(54.461,0.004,-21.295)},
        {t=0.397,cf=CFrame.new(2239.621,1168.106,2009.427,0.737,-0.000,-0.675,0.000,1.000,-0.000,0.675,0.000,0.737),s="Running",v=Vector3.new(54.808,0.147,-20.395)},
        {t=0.402,cf=CFrame.new(2239.856,1168.107,2009.334,0.720,-0.000,-0.694,0.000,1.000,-0.000,0.694,0.000,0.720),s="Running",v=Vector3.new(55.163,0.143,-19.428)},
        {t=0.407,cf=CFrame.new(2240.094,1168.107,2009.244,0.702,-0.000,-0.712,0.000,1.000,-0.000,0.712,0.000,0.702),s="Running",v=Vector3.new(55.481,0.124,-18.507)},
        {t=0.411,cf=CFrame.new(2240.323,1168.107,2009.165,0.691,-0.000,-0.723,0.000,1.000,-0.000,0.723,0.000,0.691),s="Running",v=Vector3.new(55.720,0.109,-17.782)},
        {t=0.414,cf=CFrame.new(2240.554,1168.108,2009.087,0.678,-0.000,-0.735,0.000,1.000,-0.000,0.735,0.000,0.678),s="Running",v=Vector3.new(55.959,0.094,-17.019)},
        {t=0.418,cf=CFrame.new(2240.788,1168.108,2009.011,0.663,-0.000,-0.748,0.000,1.000,-0.000,0.748,0.000,0.663),s="Running",v=Vector3.new(56.174,0.082,-16.298)},
        {t=0.423,cf=CFrame.new(2241.031,1168.108,2008.936,0.646,-0.000,-0.764,0.000,1.000,-0.000,0.764,0.000,0.646),s="Running",v=Vector3.new(56.432,0.067,-15.373)},
        {t=0.427,cf=CFrame.new(2241.262,1168.108,2008.870,0.635,-0.000,-0.773,0.000,1.000,-0.000,0.773,0.000,0.635),s="Running",v=Vector3.new(56.627,0.058,-14.642)},
        {t=0.431,cf=CFrame.new(2241.505,1168.108,2008.802,0.618,-0.000,-0.786,0.000,1.000,-0.000,0.786,0.000,0.618),s="Running",v=Vector3.new(56.785,0.048,-14.026)},
        {t=0.436,cf=CFrame.new(2241.749,1168.108,2008.737,0.601,-0.000,-0.799,0.000,1.000,-0.000,0.799,0.000,0.601),s="Running",v=Vector3.new(56.938,0.040,-13.400)},
        {t=0.439,cf=CFrame.new(2241.984,1168.109,2008.679,0.591,-0.000,-0.807,0.000,1.000,-0.000,0.807,0.000,0.591),s="Running",v=Vector3.new(57.026,0.034,-13.027)},
        {t=0.444,cf=CFrame.new(2242.230,1168.109,2008.618,0.574,-0.000,-0.819,0.000,1.000,-0.000,0.819,0.000,0.574),s="Running",v=Vector3.new(57.118,0.029,-12.621)},
        {t=0.448,cf=CFrame.new(2242.468,1168.105,2008.562,0.562,-0.000,-0.827,0.000,1.000,-0.000,0.827,0.000,0.562),s="Running",v=Vector3.new(57.197,-0.176,-12.261)},
        {t=0.453,cf=CFrame.new(2242.719,1168.105,2008.503,0.544,-0.000,-0.839,0.000,1.000,-0.000,0.839,0.000,0.544),s="Running",v=Vector3.new(57.296,0.003,-11.789)},
        {t=0.457,cf=CFrame.new(2242.959,1168.106,2008.450,0.532,-0.000,-0.847,0.000,1.000,-0.000,0.847,0.000,0.532),s="Running",v=Vector3.new(57.365,0.026,-11.450)},
        {t=0.460,cf=CFrame.new(2243.198,1168.106,2008.400,0.521,-0.000,-0.853,0.000,1.000,-0.000,0.853,0.000,0.521),s="Running",v=Vector3.new(57.429,0.025,-11.125)},
        {t=0.465,cf=CFrame.new(2243.446,1168.106,2008.348,0.506,-0.000,-0.863,0.000,1.000,-0.000,0.863,0.000,0.506),s="Running",v=Vector3.new(57.491,0.022,-10.805)},
        {t=0.469,cf=CFrame.new(2243.688,1168.107,2008.299,0.494,-0.000,-0.869,0.000,1.000,-0.000,0.869,0.000,0.494),s="Running",v=Vector3.new(57.527,0.019,-10.615)},
        {t=0.473,cf=CFrame.new(2243.929,1168.107,2008.251,0.483,-0.000,-0.876,0.000,1.000,-0.000,0.876,0.000,0.483),s="Running",v=Vector3.new(57.556,0.017,-10.458)},
        {t=0.477,cf=CFrame.new(2244.176,1168.107,2008.203,0.470,-0.000,-0.883,0.000,1.000,-0.000,0.883,0.000,0.470),s="Running",v=Vector3.new(57.586,0.016,-10.292)},
        {t=0.483,cf=CFrame.new(2244.431,1168.107,2008.153,0.455,-0.000,-0.890,0.000,1.000,-0.000,0.890,0.000,0.455),s="Running",v=Vector3.new(57.610,0.015,-10.160)},
        {t=0.487,cf=CFrame.new(2244.677,1168.107,2008.107,0.445,-0.000,-0.896,0.000,1.000,-0.000,0.896,0.000,0.445),s="Running",v=Vector3.new(57.623,0.014,-10.081)},
        {t=0.490,cf=CFrame.new(2244.918,1168.107,2008.062,0.436,-0.000,-0.900,0.000,1.000,-0.000,0.900,0.000,0.436),s="Running",v=Vector3.new(57.634,0.014,-10.023)},
        {t=0.493,cf=CFrame.new(2245.155,1168.107,2008.019,0.428,-0.000,-0.904,0.000,1.000,-0.000,0.904,0.000,0.428),s="Running",v=Vector3.new(57.639,0.013,-9.995)},
        {t=0.497,cf=CFrame.new(2245.396,1168.108,2007.974,0.419,-0.000,-0.908,0.000,1.000,-0.000,0.908,0.000,0.419),s="Running",v=Vector3.new(57.641,0.013,-9.979)},
        {t=0.504,cf=CFrame.new(2245.654,1168.108,2007.926,0.405,-0.000,-0.914,0.000,1.000,-0.000,0.914,0.000,0.405),s="Running",v=Vector3.new(57.643,0.012,-9.972)},
        {t=0.507,cf=CFrame.new(2245.900,1168.108,2007.881,0.396,-0.000,-0.918,0.000,1.000,-0.000,0.918,0.000,0.396),s="Running",v=Vector3.new(57.643,0.012,-9.969)},
        {t=0.511,cf=CFrame.new(2246.140,1168.108,2007.838,0.389,-0.000,-0.921,0.000,1.000,-0.000,0.921,0.000,0.389),s="Running",v=Vector3.new(57.643,0.011,-9.968)},
        {t=0.515,cf=CFrame.new(2246.383,1168.108,2007.793,0.381,-0.000,-0.925,0.000,1.000,-0.000,0.925,0.000,0.381),s="Running",v=Vector3.new(57.643,0.011,-9.968)},
        {t=0.519,cf=CFrame.new(2246.624,1168.108,2007.750,0.373,-0.000,-0.928,0.000,1.000,-0.000,0.928,0.000,0.373),s="Running",v=Vector3.new(57.643,0.011,-9.968)},
        {t=0.523,cf=CFrame.new(2246.869,1168.108,2007.705,0.364,-0.000,-0.931,0.000,1.000,-0.000,0.931,0.000,0.364),s="Running",v=Vector3.new(57.643,0.011,-9.968)},
        {t=0.527,cf=CFrame.new(2247.109,1168.108,2007.662,0.358,-0.000,-0.934,0.000,1.000,-0.000,0.934,0.000,0.358),s="Running",v=Vector3.new(57.644,0.011,-9.966)},
        {t=0.532,cf=CFrame.new(2247.359,1168.108,2007.616,0.348,-0.000,-0.937,0.000,1.000,-0.000,0.937,0.000,0.348),s="Running",v=Vector3.new(57.652,0.011,-9.917)},
        {t=0.535,cf=CFrame.new(2247.600,1168.108,2007.573,0.342,-0.000,-0.940,0.000,1.000,-0.000,0.940,0.000,0.342),s="Running",v=Vector3.new(57.659,0.011,-9.874)},
        {t=0.540,cf=CFrame.new(2247.850,1168.108,2007.528,0.334,-0.000,-0.942,0.000,1.000,-0.000,0.942,0.000,0.334),s="Running",v=Vector3.new(57.678,0.011,-9.763)},
        {t=0.543,cf=CFrame.new(2248.086,1168.108,2007.487,0.329,-0.000,-0.944,0.000,1.000,-0.000,0.944,0.000,0.329),s="Running",v=Vector3.new(57.686,0.011,-9.716)},
        {t=0.548,cf=CFrame.new(2248.333,1168.108,2007.443,0.322,-0.000,-0.947,0.000,1.000,-0.000,0.947,0.000,0.322),s="Running",v=Vector3.new(57.701,0.011,-9.627)},
        {t=0.552,cf=CFrame.new(2248.579,1168.108,2007.401,0.315,-0.000,-0.949,0.000,1.000,-0.000,0.949,0.000,0.315),s="Running",v=Vector3.new(57.734,0.011,-9.426)},
        {t=0.557,cf=CFrame.new(2248.831,1168.108,2007.358,0.308,-0.000,-0.952,0.000,1.000,-0.000,0.952,0.000,0.308),s="Running",v=Vector3.new(57.761,0.011,-9.259)},
        {t=0.560,cf=CFrame.new(2249.068,1168.108,2007.318,0.303,-0.000,-0.953,0.000,1.000,-0.000,0.953,0.000,0.303),s="Running",v=Vector3.new(57.776,0.011,-9.163)},
        {t=0.565,cf=CFrame.new(2249.319,1168.108,2007.277,0.296,-0.000,-0.955,0.000,1.000,-0.000,0.955,0.000,0.296),s="Running",v=Vector3.new(57.808,0.011,-8.959)},
        {t=0.569,cf=CFrame.new(2249.566,1168.108,2007.237,0.289,-0.000,-0.957,0.000,1.000,-0.000,0.957,0.000,0.289),s="Running",v=Vector3.new(57.842,0.011,-8.739)},
        {t=0.574,cf=CFrame.new(2249.819,1168.108,2007.197,0.282,-0.000,-0.959,0.000,1.000,-0.000,0.959,0.000,0.282),s="Running",v=Vector3.new(57.872,0.011,-8.538)},
        {t=0.577,cf=CFrame.new(2250.058,1168.108,2007.161,0.278,-0.000,-0.961,0.000,1.000,-0.000,0.961,0.000,0.278),s="Running",v=Vector3.new(57.891,0.011,-8.411)},
        {t=0.581,cf=CFrame.new(2250.299,1168.108,2007.125,0.273,-0.000,-0.962,0.000,1.000,-0.000,0.962,0.000,0.273),s="Running",v=Vector3.new(57.922,0.011,-8.191)},
        {t=0.585,cf=CFrame.new(2250.545,1168.108,2007.088,0.267,-0.000,-0.964,0.000,1.000,-0.000,0.964,0.000,0.267),s="Running",v=Vector3.new(57.976,0.011,-7.792)},
        {t=0.590,cf=CFrame.new(2250.795,1168.108,2007.053,0.260,-0.000,-0.966,0.000,1.000,-0.000,0.966,0.000,0.260),s="Running",v=Vector3.new(58.013,0.011,-7.512)},
        {t=0.594,cf=CFrame.new(2251.043,1168.108,2007.020,0.254,-0.000,-0.967,0.000,1.000,-0.000,0.967,0.000,0.254),s="Running",v=Vector3.new(58.047,0.011,-7.244)},
        {t=0.599,cf=CFrame.new(2251.294,1168.108,2006.987,0.247,-0.000,-0.969,0.000,1.000,-0.000,0.969,0.000,0.247),s="Running",v=Vector3.new(58.085,0.011,-6.931)},
        {t=0.602,cf=CFrame.new(2251.536,1168.108,2006.957,0.242,-0.000,-0.970,0.000,1.000,-0.000,0.970,0.000,0.242),s="Running",v=Vector3.new(58.112,0.011,-6.709)},
        {t=0.606,cf=CFrame.new(2251.780,1168.108,2006.928,0.237,-0.000,-0.971,0.000,1.000,-0.000,0.971,0.000,0.237),s="Running",v=Vector3.new(58.157,0.011,-6.301)},
        {t=0.610,cf=CFrame.new(2252.024,1168.108,2006.900,0.232,-0.000,-0.973,0.000,1.000,-0.000,0.973,0.000,0.232),s="Running",v=Vector3.new(58.184,0.011,-6.052)},
        {t=0.616,cf=CFrame.new(2252.285,1168.108,2006.871,0.224,-0.000,-0.975,0.000,1.000,-0.000,0.975,0.000,0.224),s="Running",v=Vector3.new(58.219,0.011,-5.703)},
        {t=0.619,cf=CFrame.new(2252.526,1168.108,2006.846,0.220,-0.000,-0.976,0.000,1.000,-0.000,0.976,0.000,0.220),s="Running",v=Vector3.new(58.241,0.011,-5.478)},
        {t=0.624,cf=CFrame.new(2252.781,1168.108,2006.821,0.213,-0.000,-0.977,0.000,1.000,-0.000,0.977,0.000,0.213),s="Running",v=Vector3.new(58.272,0.011,-5.133)},
        {t=0.626,cf=CFrame.new(2253.019,1168.108,2006.799,0.209,-0.000,-0.978,0.000,1.000,-0.000,0.978,0.000,0.209),s="Running",v=Vector3.new(58.288,0.011,-4.950)},
        {t=0.632,cf=CFrame.new(2253.264,1168.108,2006.777,0.204,-0.000,-0.979,0.000,1.000,-0.000,0.979,0.000,0.204),s="Running",v=Vector3.new(58.307,0.011,-4.723)},
        {t=0.636,cf=CFrame.new(2253.521,1168.108,2006.754,0.196,-0.000,-0.981,0.000,1.000,-0.000,0.981,0.000,0.196),s="Running",v=Vector3.new(58.339,0.011,-4.300)},
        {t=0.639,cf=CFrame.new(2253.761,1168.108,2006.735,0.192,-0.000,-0.981,0.000,1.000,-0.000,0.981,0.000,0.192),s="Running",v=Vector3.new(58.354,0.011,-4.098)},
        {t=0.644,cf=CFrame.new(2254.017,1168.108,2006.716,0.186,-0.000,-0.983,0.000,1.000,-0.000,0.983,0.000,0.186),s="Running",v=Vector3.new(58.373,0.011,-3.813)},
        {t=0.648,cf=CFrame.new(2254.264,1168.108,2006.699,0.181,-0.000,-0.983,0.000,1.000,-0.000,0.983,0.000,0.181),s="Running",v=Vector3.new(58.388,0.011,-3.585)},
        {t=0.652,cf=CFrame.new(2254.513,1168.108,2006.682,0.176,-0.000,-0.984,0.000,1.000,-0.000,0.984,0.000,0.176),s="Running",v=Vector3.new(58.399,0.011,-3.401)},
        {t=0.657,cf=CFrame.new(2254.767,1168.108,2006.666,0.170,-0.000,-0.985,0.000,1.000,-0.000,0.985,0.000,0.170),s="Running",v=Vector3.new(58.412,0.011,-3.171)},
        {t=0.660,cf=CFrame.new(2255.006,1168.108,2006.652,0.166,-0.000,-0.986,0.000,1.000,-0.000,0.986,0.000,0.166),s="Running",v=Vector3.new(58.420,0.011,-3.018)},
        {t=0.665,cf=CFrame.new(2255.260,1168.108,2006.638,0.160,-0.000,-0.987,0.000,1.000,-0.000,0.987,0.000,0.160),s="Running",v=Vector3.new(58.433,0.011,-2.755)},
        {t=0.669,cf=CFrame.new(2255.509,1168.108,2006.625,0.155,-0.000,-0.988,0.000,1.000,-0.000,0.988,0.000,0.155),s="Running",v=Vector3.new(58.448,0.011,-2.414)},
        {t=0.673,cf=CFrame.new(2255.758,1168.108,2006.613,0.150,-0.000,-0.989,0.000,1.000,-0.000,0.989,0.000,0.150),s="Running",v=Vector3.new(58.457,0.011,-2.181)},
        {t=0.677,cf=CFrame.new(2256.008,1168.108,2006.603,0.145,-0.000,-0.989,0.000,1.000,-0.000,0.989,0.000,0.145),s="Running",v=Vector3.new(58.464,0.011,-1.986)},
        {t=0.681,cf=CFrame.new(2256.252,1168.108,2006.593,0.141,-0.000,-0.990,0.000,1.000,-0.000,0.990,0.000,0.141),s="Running",v=Vector3.new(58.470,0.011,-1.830)},
        {t=0.685,cf=CFrame.new(2256.502,1168.108,2006.584,0.136,-0.000,-0.991,0.000,1.000,-0.000,0.991,0.000,0.136),s="Running",v=Vector3.new(58.475,0.011,-1.668)},
        {t=0.689,cf=CFrame.new(2256.742,1168.108,2006.576,0.131,-0.000,-0.991,0.000,1.000,-0.000,0.991,0.000,0.131),s="Running",v=Vector3.new(58.477,0.011,-1.564)},
        {t=0.694,cf=CFrame.new(2256.998,1168.108,2006.568,0.126,-0.000,-0.992,0.000,1.000,-0.000,0.992,0.000,0.126),s="Running",v=Vector3.new(58.485,0.011,-1.259)},
        {t=0.698,cf=CFrame.new(2257.248,1168.108,2006.562,0.121,-0.000,-0.993,0.000,1.000,-0.000,0.993,0.000,0.121),s="Running",v=Vector3.new(58.488,0.011,-1.119)},
        {t=0.703,cf=CFrame.new(2257.505,1168.108,2006.556,0.116,-0.000,-0.993,0.000,1.000,-0.000,0.993,0.000,0.116),s="Running",v=Vector3.new(58.491,0.011,-0.966)},
        {t=0.707,cf=CFrame.new(2257.754,1168.108,2006.551,0.112,-0.000,-0.994,0.000,1.000,-0.000,0.994,0.000,0.112),s="Running",v=Vector3.new(58.492,0.011,-0.842)},
        {t=0.711,cf=CFrame.new(2258.004,1168.108,2006.546,0.108,-0.000,-0.994,0.000,1.000,-0.000,0.994,0.000,0.108),s="Running",v=Vector3.new(58.494,0.011,-0.755)},
        {t=0.715,cf=CFrame.new(2258.252,1168.108,2006.542,0.105,-0.000,-0.995,0.000,1.000,-0.000,0.995,0.000,0.105),s="Running",v=Vector3.new(58.495,0.011,-0.686)},
        {t=0.720,cf=CFrame.new(2258.505,1168.108,2006.537,0.100,-0.000,-0.995,0.000,1.000,-0.000,0.995,0.000,0.100),s="Running",v=Vector3.new(58.495,0.011,-0.647)},
        {t=0.722,cf=CFrame.new(2258.740,1168.108,2006.534,0.098,-0.000,-0.995,0.000,1.000,-0.000,0.995,0.000,0.098),s="Running",v=Vector3.new(58.495,0.011,-0.633)},
        {t=0.727,cf=CFrame.new(2258.991,1168.108,2006.531,0.094,-0.000,-0.996,0.000,1.000,-0.000,0.996,0.000,0.094),s="Running",v=Vector3.new(58.495,0.011,-0.622)},
        {t=0.731,cf=CFrame.new(2259.235,1168.108,2006.527,0.091,-0.000,-0.996,0.000,1.000,-0.000,0.996,0.000,0.091),s="Running",v=Vector3.new(58.496,0.011,-0.619)},
        {t=0.736,cf=CFrame.new(2259.492,1168.108,2006.523,0.087,-0.000,-0.996,0.000,1.000,-0.000,0.996,0.000,0.087),s="Running",v=Vector3.new(58.496,0.011,-0.617)},
        {t=0.740,cf=CFrame.new(2259.743,1168.108,2006.520,0.084,-0.000,-0.996,0.000,1.000,-0.000,0.996,0.000,0.084),s="Running",v=Vector3.new(58.496,0.011,-0.616)},
        {t=0.744,cf=CFrame.new(2259.993,1168.108,2006.516,0.081,-0.000,-0.997,0.000,1.000,-0.000,0.997,0.000,0.081),s="Running",v=Vector3.new(58.496,0.011,-0.616)},
        {t=0.748,cf=CFrame.new(2260.239,1168.108,2006.513,0.078,-0.000,-0.997,0.000,1.000,-0.000,0.997,0.000,0.078),s="Running",v=Vector3.new(58.496,0.011,-0.616)},
        {t=0.752,cf=CFrame.new(2260.487,1168.108,2006.510,0.075,-0.000,-0.997,0.000,1.000,-0.000,0.997,0.000,0.075),s="Running",v=Vector3.new(58.496,0.011,-0.616)},
        {t=0.757,cf=CFrame.new(2260.742,1168.108,2006.506,0.072,-0.000,-0.997,0.000,1.000,-0.000,0.997,0.000,0.072),s="Running",v=Vector3.new(58.496,0.011,-0.616)},
        {t=0.761,cf=CFrame.new(2260.991,1168.108,2006.503,0.070,-0.000,-0.998,0.000,1.000,-0.000,0.998,0.000,0.070),s="Running",v=Vector3.new(58.496,0.011,-0.616)},
        {t=0.764,cf=CFrame.new(2261.234,1168.108,2006.500,0.068,-0.000,-0.998,0.000,1.000,-0.000,0.998,0.000,0.068),s="Running",v=Vector3.new(58.496,0.011,-0.616)},
        {t=0.769,cf=CFrame.new(2261.488,1168.108,2006.497,0.065,-0.000,-0.998,0.000,1.000,-0.000,0.998,0.000,0.065),s="Running",v=Vector3.new(58.496,0.011,-0.616)},
        {t=0.774,cf=CFrame.new(2261.743,1168.108,2006.493,0.063,-0.000,-0.998,0.000,1.000,-0.000,0.998,0.000,0.063),s="Running",v=Vector3.new(58.496,0.011,-0.616)},
        {t=0.776,cf=CFrame.new(2261.981,1168.108,2006.490,0.061,-0.000,-0.998,0.000,1.000,-0.000,0.998,0.000,0.061),s="Running",v=Vector3.new(58.496,0.011,-0.616)},
        {t=0.782,cf=CFrame.new(2262.239,1168.108,2006.487,0.059,-0.000,-0.998,0.000,1.000,-0.000,0.998,0.000,0.059),s="Running",v=Vector3.new(58.496,0.011,-0.616)},
        {t=0.786,cf=CFrame.new(2262.490,1168.108,2006.484,0.057,-0.000,-0.998,0.000,1.000,-0.000,0.998,0.000,0.057),s="Running",v=Vector3.new(58.496,0.011,-0.616)},
        {t=0.789,cf=CFrame.new(2262.739,1168.108,2006.481,0.055,-0.000,-0.998,0.000,1.000,-0.000,0.998,0.000,0.055),s="Running",v=Vector3.new(58.496,0.011,-0.616)},
        {t=0.795,cf=CFrame.new(2263.197,1168.108,2006.475,0.053,-0.000,-0.999,0.000,1.000,-0.000,0.999,0.000,0.053),s="Running",v=Vector3.new(57.370,0.011,-0.604)},
        {t=0.798,cf=CFrame.new(2263.213,1168.108,2006.475,0.052,-0.000,-0.999,0.000,1.000,-0.000,0.999,0.000,0.052),s="Running",v=Vector3.new(59.340,0.010,-0.625)},
        {t=0.802,cf=CFrame.new(2263.466,1168.108,2006.472,0.050,-0.000,-0.999,0.000,1.000,-0.000,0.999,0.000,0.050),s="Running",v=Vector3.new(58.707,0.010,-0.618)},
        {t=0.807,cf=CFrame.new(2263.724,1168.108,2006.468,0.048,-0.000,-0.999,0.000,1.000,-0.000,0.999,0.000,0.048),s="Running",v=Vector3.new(58.548,0.010,-0.616)},
        {t=0.809,cf=CFrame.new(2263.966,1168.108,2006.466,0.047,-0.000,-0.999,0.000,1.000,-0.000,0.999,0.000,0.047),s="Running",v=Vector3.new(58.509,0.010,-0.616)},
        {t=0.815,cf=CFrame.new(2264.232,1168.108,2006.462,0.045,-0.000,-0.999,0.000,1.000,-0.000,0.999,0.000,0.045),s="Running",v=Vector3.new(58.499,0.010,-0.616)},
        {t=0.819,cf=CFrame.new(2264.478,1168.108,2006.459,0.044,-0.000,-0.999,0.000,1.000,-0.000,0.999,0.000,0.044),s="Running",v=Vector3.new(58.496,0.010,-0.616)},
        {t=0.823,cf=CFrame.new(2264.724,1168.108,2006.456,0.043,-0.000,-0.999,0.000,1.000,-0.000,0.999,0.000,0.043),s="Running",v=Vector3.new(58.496,0.010,-0.616)},
        {t=0.828,cf=CFrame.new(2264.982,1168.108,2006.453,0.041,-0.000,-0.999,0.000,1.000,-0.000,0.999,0.000,0.041),s="Running",v=Vector3.new(58.496,0.010,-0.616)},
        {t=0.831,cf=CFrame.new(2265.227,1168.108,2006.450,0.040,-0.000,-0.999,0.000,1.000,-0.000,0.999,0.000,0.040),s="Running",v=Vector3.new(58.496,0.010,-0.616)},
        {t=0.835,cf=CFrame.new(2265.478,1168.108,2006.447,0.039,-0.000,-0.999,0.000,1.000,-0.000,0.999,0.000,0.039),s="Running",v=Vector3.new(58.496,0.010,-0.616)},
        {t=0.840,cf=CFrame.new(2265.732,1168.108,2006.444,0.038,-0.000,-0.999,0.000,1.000,-0.000,0.999,0.000,0.038),s="Running",v=Vector3.new(58.496,0.010,-0.616)},
        {t=0.845,cf=CFrame.new(2265.992,1168.108,2006.441,0.036,-0.000,-0.999,0.000,1.000,-0.000,0.999,0.000,0.036),s="Running",v=Vector3.new(58.496,0.010,-0.616)},
        {t=0.848,cf=CFrame.new(2266.236,1168.108,2006.438,0.035,-0.000,-0.999,0.000,1.000,-0.000,0.999,0.000,0.035),s="Running",v=Vector3.new(58.496,0.010,-0.616)},
        {t=0.853,cf=CFrame.new(2266.491,1168.108,2006.435,0.034,-0.000,-0.999,0.000,1.000,-0.000,0.999,0.000,0.034),s="Running",v=Vector3.new(58.496,0.010,-0.616)},
        {t=0.856,cf=CFrame.new(2266.734,1168.108,2006.433,0.034,-0.000,-0.999,0.000,1.000,-0.000,0.999,0.000,0.034),s="Running",v=Vector3.new(58.496,0.010,-0.616)},
        {t=0.860,cf=CFrame.new(2266.991,1168.108,2006.430,0.032,-0.000,-0.999,0.000,1.000,-0.000,0.999,0.000,0.032),s="Running",v=Vector3.new(58.496,0.010,-0.616)},
        {t=0.865,cf=CFrame.new(2267.248,1168.108,2006.427,0.031,-0.000,-1.000,0.000,1.000,-0.000,1.000,0.000,0.031),s="Running",v=Vector3.new(58.496,0.010,-0.616)},
        {t=0.869,cf=CFrame.new(2267.494,1168.108,2006.424,0.031,-0.000,-1.000,0.000,1.000,-0.000,1.000,0.000,0.031),s="Running",v=Vector3.new(58.496,0.010,-0.616)},
        {t=0.872,cf=CFrame.new(2267.736,1168.108,2006.421,0.030,-0.000,-1.000,0.000,1.000,-0.000,1.000,0.000,0.030),s="Running",v=Vector3.new(58.496,0.010,-0.616)},
        {t=0.877,cf=CFrame.new(2267.997,1168.108,2006.418,0.029,-0.000,-1.000,0.000,1.000,-0.000,1.000,0.000,0.029),s="Running",v=Vector3.new(58.496,0.010,-0.616)},
        {t=0.881,cf=CFrame.new(2268.240,1168.108,2006.415,0.028,-0.000,-1.000,0.000,1.000,-0.000,1.000,0.000,0.028),s="Running",v=Vector3.new(58.496,0.010,-0.616)},
        {t=0.886,cf=CFrame.new(2268.497,1168.108,2006.412,0.028,-0.000,-1.000,0.000,1.000,-0.000,1.000,0.000,0.028),s="Running",v=Vector3.new(58.496,0.010,-0.616)},
        {t=0.889,cf=CFrame.new(2268.746,1168.108,2006.410,0.027,-0.000,-1.000,0.000,1.000,-0.000,1.000,0.000,0.027),s="Running",v=Vector3.new(58.496,0.010,-0.616)},
        {t=0.893,cf=CFrame.new(2268.994,1168.108,2006.407,0.026,-0.000,-1.000,0.000,1.000,-0.000,1.000,0.000,0.026),s="Running",v=Vector3.new(58.496,0.010,-0.616)},
        {t=0.898,cf=CFrame.new(2269.247,1168.108,2006.404,0.026,-0.000,-1.000,0.000,1.000,-0.000,1.000,0.000,0.026),s="Running",v=Vector3.new(58.496,0.010,-0.616)},
        {t=0.902,cf=CFrame.new(2269.494,1168.108,2006.401,0.025,-0.000,-1.000,0.000,1.000,-0.000,1.000,0.000,0.025),s="Running",v=Vector3.new(58.496,0.010,-0.616)},
        {t=0.906,cf=CFrame.new(2269.743,1168.108,2006.398,0.024,-0.000,-1.000,0.000,1.000,-0.000,1.000,0.000,0.024),s="Running",v=Vector3.new(58.496,0.010,-0.616)},
        {t=0.911,cf=CFrame.new(2270.004,1168.108,2006.395,0.024,-0.000,-1.000,0.000,1.000,-0.000,1.000,0.000,0.024),s="Running",v=Vector3.new(58.496,0.010,-0.616)},
        {t=0.915,cf=CFrame.new(2270.249,1168.108,2006.392,0.023,-0.000,-1.000,0.000,1.000,-0.000,1.000,0.000,0.023),s="Running",v=Vector3.new(58.496,0.010,-0.616)},
        {t=0.918,cf=CFrame.new(2270.492,1168.108,2006.390,0.023,-0.000,-1.000,0.000,1.000,-0.000,1.000,0.000,0.023),s="Running",v=Vector3.new(58.496,0.010,-0.616)},
        {t=0.922,cf=CFrame.new(2270.740,1168.108,2006.387,0.022,-0.000,-1.000,0.000,1.000,-0.000,1.000,0.000,0.022),s="Running",v=Vector3.new(58.496,0.010,-0.616)},
        {t=0.927,cf=CFrame.new(2270.997,1168.108,2006.384,0.022,-0.000,-1.000,0.000,1.000,-0.000,1.000,0.000,0.022),s="Running",v=Vector3.new(58.496,0.010,-0.560)},
        {t=0.931,cf=CFrame.new(2271.246,1168.108,2006.381,0.021,-0.000,-1.000,0.000,1.000,-0.000,1.000,0.000,0.021),s="Running",v=Vector3.new(58.496,0.010,-0.526)},
        {t=0.935,cf=CFrame.new(2271.495,1168.108,2006.379,0.020,-0.000,-1.000,0.000,1.000,-0.000,1.000,0.000,0.020),s="Running",v=Vector3.new(58.497,0.010,-0.467)},
        {t=0.940,cf=CFrame.new(2271.748,1168.108,2006.377,0.019,-0.000,-1.000,0.000,1.000,-0.000,1.000,0.000,0.019),s="Running",v=Vector3.new(58.498,0.010,-0.297)},
        {t=0.943,cf=CFrame.new(2271.992,1168.108,2006.375,0.019,-0.000,-1.000,0.000,1.000,-0.000,1.000,0.000,0.019),s="Running",v=Vector3.new(58.498,0.010,-0.159)},
        {t=0.948,cf=CFrame.new(2272.243,1168.108,2006.375,0.018,-0.000,-1.000,0.000,1.000,-0.000,1.000,0.000,0.018),s="Running",v=Vector3.new(58.499,0.010,-0.067)},
        {t=0.952,cf=CFrame.new(2272.490,1168.108,2006.374,0.017,-0.000,-1.000,0.000,1.000,-0.000,1.000,0.000,0.017),s="Running",v=Vector3.new(58.499,0.010,0.056)},
        {t=0.957,cf=CFrame.new(2272.745,1168.108,2006.374,0.016,-0.000,-1.000,0.000,1.000,-0.000,1.000,0.000,0.016),s="Running",v=Vector3.new(58.498,0.010,0.145)},
        {t=0.959,cf=CFrame.new(2272.985,1168.108,2006.375,0.015,-0.000,-1.000,0.000,1.000,-0.000,1.000,0.000,0.015),s="Running",v=Vector3.new(58.498,0.010,0.175)},
        {t=0.965,cf=CFrame.new(2273.244,1168.108,2006.375,0.014,-0.000,-1.000,0.000,1.000,-0.000,1.000,0.000,0.014),s="Running",v=Vector3.new(58.498,0.010,0.246)},
        {t=0.969,cf=CFrame.new(2273.500,1168.108,2006.376,0.013,-0.000,-1.000,0.000,1.000,-0.000,1.000,0.000,0.013),s="Running",v=Vector3.new(58.498,0.010,0.281)},
        {t=0.973,cf=CFrame.new(2273.747,1168.108,2006.377,0.013,-0.000,-1.000,0.000,1.000,-0.000,1.000,0.000,0.013),s="Running",v=Vector3.new(58.498,0.010,0.310)},
        {t=0.978,cf=CFrame.new(2274.003,1168.108,2006.378,0.012,-0.000,-1.000,0.000,1.000,-0.000,1.000,0.000,0.012),s="Running",v=Vector3.new(58.498,0.010,0.360)},
        {t=0.981,cf=CFrame.new(2274.252,1168.108,2006.379,0.011,-0.000,-1.000,0.000,1.000,-0.000,1.000,0.000,0.011),s="Running",v=Vector3.new(58.497,0.010,0.397)},
        {t=0.985,cf=CFrame.new(2274.499,1168.108,2006.381,0.010,-0.000,-1.000,0.000,1.000,-0.000,1.000,0.000,0.010),s="Running",v=Vector3.new(58.497,0.010,0.449)},
        {t=0.989,cf=CFrame.new(2274.745,1168.108,2006.382,0.009,-0.000,-1.000,0.000,1.000,-0.000,1.000,0.000,0.009),s="Running",v=Vector3.new(58.497,0.010,0.489)},
        {t=0.993,cf=CFrame.new(2274.994,1168.108,2006.384,0.009,-0.000,-1.000,0.000,1.000,-0.000,1.000,0.000,0.009),s="Running",v=Vector3.new(58.496,0.010,0.591)},
        {t=0.998,cf=CFrame.new(2275.248,1168.108,2006.386,0.007,-0.000,-1.000,0.000,1.000,-0.000,1.000,0.000,0.007),s="Running",v=Vector3.new(58.495,0.010,0.686)},
        {t=1.002,cf=CFrame.new(2275.496,1168.108,2006.389,0.006,-0.000,-1.000,0.000,1.000,-0.000,1.000,0.000,0.006),s="Running",v=Vector3.new(58.493,0.010,0.797)},
