-- CFrame Auto Walk Recording
-- Total Frames: 3752
-- Recorded HipHeight: 5.058475494384766

return {
    hipHeight = 5.058475494384766,
    frames = {
        {t=0.009,cf=CFrame.new(2638.870,869.802,-2337.564,0.054,0.000,-0.999,0.000,1.000,0.000,0.999,0.000,0.054),s="Running",v=Vector3.new(0.000,0.005,0.000)},
        {t=0.029,cf=CFrame.new(2638.870,869.802,-2337.564,0.054,0.000,-0.999,0.000,1.000,0.000,0.999,0.000,0.054),s="Running",v=Vector3.new(0.000,0.005,0.000)},
        {t=0.044,cf=CFrame.new(2638.870,869.802,-2337.564,0.054,0.000,-0.999,0.000,1.000,0.000,0.999,0.000,0.054),s="Running",v=Vector3.new(0.000,0.005,0.000)},
        {t=0.059,cf=CFrame.new(2638.870,869.802,-2337.564,0.054,0.000,-0.999,0.000,1.000,0.000,0.999,0.000,0.054),s="Running",v=Vector3.new(0.000,0.005,0.000)},
        {t=0.076,cf=CFrame.new(2638.870,869.802,-2337.564,0.054,-0.000,-0.999,0.000,1.000,-0.000,0.999,0.000,0.054),s="Running",v=Vector3.new(-0.000,0.005,0.000)},
        {t=0.091,cf=CFrame.new(2638.870,869.802,-2337.564,0.054,-0.000,-0.999,0.000,1.000,-0.000,0.999,0.000,0.054),s="Running",v=Vector3.new(-0.000,0.005,0.000)},
        {t=0.098,cf=CFrame.new(2638.871,869.802,-2337.564,0.054,-0.000,-0.999,0.000,1.000,-0.000,0.999,0.000,0.054),s="Running",v=Vector3.new(1.307,0.005,-0.071)},
        {t=0.112,cf=CFrame.new(2638.895,869.802,-2337.566,0.054,-0.000,-0.999,0.000,1.000,-0.000,0.999,0.000,0.054),s="Running",v=Vector3.new(12.521,0.005,-0.677)},
        {t=0.123,cf=CFrame.new(2638.986,869.802,-2337.570,0.054,-0.000,-0.999,0.000,1.000,-0.000,0.999,0.000,0.054),s="Running",v=Vector3.new(21.722,0.005,-1.174)},
        {t=0.131,cf=CFrame.new(2639.147,869.802,-2337.579,0.054,-0.000,-0.999,0.000,1.000,-0.000,0.999,0.000,0.054),s="Running",v=Vector3.new(31.129,0.005,-1.683)},
        {t=0.141,cf=CFrame.new(2639.479,869.802,-2337.597,0.054,-0.000,-0.999,0.000,1.000,-0.000,0.999,0.000,0.054),s="Running",v=Vector3.new(39.725,0.005,-2.147)},
        {t=0.148,cf=CFrame.new(2639.684,869.802,-2337.608,0.054,-0.000,-0.999,0.000,1.000,-0.000,0.999,0.000,0.054),s="Running",v=Vector3.new(50.412,0.005,-2.725)},
        {t=0.171,cf=CFrame.new(2640.716,869.794,-2337.661,0.047,-0.000,-0.999,0.000,1.000,-0.000,0.999,0.000,0.047),s="Running",v=Vector3.new(51.938,-3.642,-1.904)},
        {t=0.188,cf=CFrame.new(2641.714,869.756,-2337.695,0.033,-0.000,-0.999,0.000,1.000,-0.000,0.999,0.000,0.033),s="Running",v=Vector3.new(52.348,-8.537,0.398)},
        {t=0.197,cf=CFrame.new(2642.191,869.657,-2337.692,0.022,-0.000,-1.000,0.000,1.000,-0.000,1.000,0.000,0.022),s="Running",v=Vector3.new(55.186,-12.620,2.713)},
        {t=0.208,cf=CFrame.new(2642.724,869.520,-2337.668,0.002,-0.000,-1.000,0.000,1.000,-0.000,1.000,0.000,0.002),s="Running",v=Vector3.new(55.612,-15.146,6.109)},
        {t=0.215,cf=CFrame.new(2643.383,869.300,-2337.602,-0.017,-0.000,-1.000,0.000,1.000,-0.000,1.000,0.000,-0.017),s="Running",v=Vector3.new(53.995,-4.400,8.924)},
        {t=0.222,cf=CFrame.new(2643.687,869.262,-2337.560,-0.038,-0.000,-0.999,0.000,1.000,-0.000,0.999,0.000,-0.038),s="Running",v=Vector3.new(55.991,-1.304,11.885)},
        {t=0.231,cf=CFrame.new(2644.191,869.225,-2337.462,-0.063,-0.000,-0.998,0.000,1.000,-0.000,0.998,0.000,-0.063),s="Running",v=Vector3.new(54.335,-1.838,15.253)},
        {t=0.237,cf=CFrame.new(2644.646,869.191,-2337.344,-0.083,-0.000,-0.997,0.000,1.000,-0.000,0.997,0.000,-0.083),s="Running",v=Vector3.new(53.325,-0.007,17.912)},
        {t=0.250,cf=CFrame.new(2645.333,869.159,-2337.132,-0.135,-0.000,-0.991,0.000,1.000,-0.000,0.991,0.000,-0.135),s="Running",v=Vector3.new(49.871,1.086,22.585)},
        {t=0.257,cf=CFrame.new(2645.594,869.156,-2337.028,-0.162,-0.000,-0.987,0.000,1.000,-0.000,0.987,0.000,-0.162),s="Running",v=Vector3.new(50.453,1.638,26.934)},
        {t=0.264,cf=CFrame.new(2646.031,869.156,-2336.812,-0.194,-0.000,-0.981,0.000,1.000,-0.000,0.981,0.000,-0.194),s="Running",v=Vector3.new(47.707,1.323,30.097)},
        {t=0.271,cf=CFrame.new(2646.447,869.154,-2336.573,-0.229,-0.000,-0.973,0.000,1.000,-0.000,0.973,0.000,-0.229),s="Running",v=Vector3.new(45.435,0.989,33.114)},
        {t=0.284,cf=CFrame.new(2647.042,869.152,-2336.175,-0.300,-0.000,-0.954,0.000,1.000,-0.000,0.954,0.000,-0.300),s="Running",v=Vector3.new(39.991,0.652,37.325)},
        {t=0.301,cf=CFrame.new(2647.716,869.153,-2335.593,-0.399,-0.000,-0.917,0.000,1.000,-0.000,0.917,0.000,-0.399),s="Running",v=Vector3.new(32.556,0.398,41.688)},
        {t=0.316,cf=CFrame.new(2648.260,869.154,-2334.956,-0.490,-0.000,-0.872,0.000,1.000,-0.000,0.872,0.000,-0.490),s="Running",v=Vector3.new(26.490,0.234,45.303)},
        {t=0.332,cf=CFrame.new(2648.729,869.152,-2334.239,-0.579,-0.000,-0.815,0.000,1.000,-0.000,0.815,0.000,-0.579),s="Running",v=Vector3.new(20.806,-0.069,48.101)},
        {t=0.347,cf=CFrame.new(2649.054,869.153,-2333.601,-0.651,0.000,-0.759,0.000,1.000,0.000,0.759,0.000,-0.651),s="Running",v=Vector3.new(17.537,0.092,50.900)},
        {t=0.353,cf=CFrame.new(2649.221,869.153,-2333.182,-0.677,0.000,-0.736,0.000,1.000,0.000,0.736,0.000,-0.677),s="Running",v=Vector3.new(16.140,0.080,53.232)},
        {t=0.362,cf=CFrame.new(2649.403,869.154,-2332.695,-0.715,0.000,-0.699,0.000,1.000,0.000,0.699,0.000,-0.715),s="Running",v=Vector3.new(14.272,0.056,54.230)},
        {t=0.370,cf=CFrame.new(2649.509,869.154,-2332.394,-0.743,0.000,-0.669,0.000,1.000,0.000,0.669,0.000,-0.743),s="Running",v=Vector3.new(13.314,0.043,56.044)},
        {t=0.382,cf=CFrame.new(2649.758,869.155,-2331.532,-0.786,0.000,-0.619,0.000,1.000,0.000,0.619,0.000,-0.786),s="Running",v=Vector3.new(10.902,0.026,52.648)},
        {t=0.390,cf=CFrame.new(2649.847,869.155,-2331.228,-0.808,0.000,-0.589,0.000,1.000,0.000,0.589,0.000,-0.808),s="Running",v=Vector3.new(10.469,0.019,56.060)},
        {t=0.405,cf=CFrame.new(2650.059,869.155,-2330.334,-0.844,0.000,-0.537,0.000,1.000,0.000,0.537,0.000,-0.844),s="Running",v=Vector3.new(8.876,0.012,52.886)},
        {t=0.412,cf=CFrame.new(2650.161,869.155,-2329.866,-0.860,0.000,-0.510,0.000,1.000,0.000,0.510,0.000,-0.860),s="Running",v=Vector3.new(8.616,0.009,54.918)},
        {t=0.427,cf=CFrame.new(2650.318,869.155,-2329.106,-0.886,0.000,-0.463,0.000,1.000,0.000,0.463,0.000,-0.886),s="Running",v=Vector3.new(7.680,0.006,54.132)},
        {t=0.434,cf=CFrame.new(2650.405,869.155,-2328.625,-0.897,0.000,-0.441,0.000,1.000,0.000,0.441,0.000,-0.897),s="Running",v=Vector3.new(7.485,0.005,55.349)},
        {t=0.446,cf=CFrame.new(2650.509,869.155,-2328.057,-0.913,0.000,-0.408,0.000,1.000,0.000,0.408,0.000,-0.913),s="Running",v=Vector3.new(7.171,0.005,55.688)},
        {t=0.458,cf=CFrame.new(2650.631,869.155,-2327.316,-0.926,0.000,-0.376,0.000,1.000,0.000,0.376,0.000,-0.926),s="Running",v=Vector3.new(6.715,0.005,54.402)},
        {t=0.466,cf=CFrame.new(2650.727,869.155,-2326.669,-0.935,0.000,-0.356,0.000,1.000,0.000,0.356,0.000,-0.935),s="Running",v=Vector3.new(6.352,0.005,54.109)},
        {t=0.478,cf=CFrame.new(2650.815,869.155,-2326.104,-0.945,0.000,-0.326,0.000,1.000,0.000,0.326,0.000,-0.945),s="Running",v=Vector3.new(5.884,0.005,55.493)},
        {t=0.493,cf=CFrame.new(2650.935,869.155,-2325.193,-0.957,0.000,-0.291,0.000,1.000,0.000,0.291,0.000,-0.957),s="Running",v=Vector3.new(4.276,0.005,53.145)},
        {t=0.507,cf=CFrame.new(2651.026,869.155,-2324.326,-0.967,0.000,-0.257,0.000,1.000,0.000,0.257,0.000,-0.967),s="Running",v=Vector3.new(2.618,0.005,52.628)},
        {t=0.519,cf=CFrame.new(2651.072,869.155,-2323.769,-0.973,0.000,-0.232,0.000,1.000,0.000,0.232,0.000,-0.973),s="Running",v=Vector3.new(1.857,0.005,55.325)},
        {t=0.531,cf=CFrame.new(2651.122,869.155,-2322.893,-0.978,0.000,-0.208,0.000,1.000,0.000,0.208,0.000,-0.978),s="Running",v=Vector3.new(1.552,0.005,53.187)},
        {t=0.542,cf=CFrame.new(2651.153,869.155,-2322.353,-0.982,0.000,-0.191,0.000,1.000,0.000,0.191,0.000,-0.982),s="Running",v=Vector3.new(1.579,0.005,55.465)},
        {t=0.548,cf=CFrame.new(2651.169,869.155,-2322.052,-0.983,0.000,-0.182,0.000,1.000,0.000,0.182,0.000,-0.983),s="Running",v=Vector3.new(1.628,0.005,57.441)},
        {t=0.558,cf=CFrame.new(2651.202,869.155,-2321.329,-0.986,0.000,-0.167,0.000,1.000,0.000,0.167,0.000,-0.986),s="Running",v=Vector3.new(1.560,0.005,55.122)},
        {t=0.563,cf=CFrame.new(2651.217,869.155,-2321.041,-0.987,0.000,-0.160,0.000,1.000,0.000,0.160,0.000,-0.987),s="Running",v=Vector3.new(1.623,0.005,57.356)},
        {t=0.568,cf=CFrame.new(2651.231,869.155,-2320.753,-0.988,0.000,-0.154,0.000,1.000,0.000,0.154,0.000,-0.988),s="Running",v=Vector3.new(1.639,0.005,57.914)},
        {t=0.573,cf=CFrame.new(2651.244,869.155,-2320.463,-0.989,0.000,-0.148,0.000,1.000,0.000,0.148,0.000,-0.989),s="Running",v=Vector3.new(1.643,0.005,58.054)},
        {t=0.578,cf=CFrame.new(2651.263,869.155,-2319.982,-0.990,0.000,-0.142,0.000,1.000,0.000,0.142,0.000,-0.990),s="Running",v=Vector3.new(1.604,0.005,56.682)},
        {t=0.583,cf=CFrame.new(2651.276,869.155,-2319.700,-0.991,0.000,-0.136,0.000,1.000,0.000,0.136,0.000,-0.991),s="Running",v=Vector3.new(1.634,0.005,57.746)},
        {t=0.587,cf=CFrame.new(2651.287,869.155,-2319.427,-0.991,0.000,-0.132,0.000,1.000,0.000,0.132,0.000,-0.991),s="Running",v=Vector3.new(1.642,0.005,58.012)},
        {t=0.592,cf=CFrame.new(2651.299,869.155,-2319.149,-0.992,0.000,-0.127,0.000,1.000,0.000,0.127,0.000,-0.992),s="Running",v=Vector3.new(1.643,0.005,58.078)},
        {t=0.595,cf=CFrame.new(2651.310,869.155,-2318.883,-0.992,0.000,-0.124,0.000,1.000,0.000,0.124,0.000,-0.992),s="Running",v=Vector3.new(1.644,0.005,58.095)},
        {t=0.601,cf=CFrame.new(2651.322,869.155,-2318.595,-0.993,0.000,-0.119,0.000,1.000,0.000,0.119,0.000,-0.993),s="Running",v=Vector3.new(1.644,0.005,58.099)},
        {t=0.605,cf=CFrame.new(2651.333,869.155,-2318.325,-0.993,0.000,-0.115,0.000,1.000,0.000,0.115,0.000,-0.993),s="Running",v=Vector3.new(1.644,0.005,58.100)},
        {t=0.612,cf=CFrame.new(2651.352,869.155,-2317.829,-0.994,0.000,-0.109,0.000,1.000,0.000,0.109,0.000,-0.994),s="Running",v=Vector3.new(1.604,0.005,56.693)},
        {t=0.616,cf=CFrame.new(2651.363,869.155,-2317.564,-0.994,0.000,-0.106,0.000,1.000,0.000,0.106,0.000,-0.994),s="Running",v=Vector3.new(1.634,0.005,57.748)},
        {t=0.620,cf=CFrame.new(2651.373,869.155,-2317.301,-0.995,0.000,-0.103,0.000,1.000,0.000,0.103,0.000,-0.995),s="Running",v=Vector3.new(1.642,0.005,58.012)},
        {t=0.624,cf=CFrame.new(2651.383,869.155,-2317.037,-0.995,0.000,-0.100,0.000,1.000,0.000,0.100,0.000,-0.995),s="Running",v=Vector3.new(1.643,0.005,58.078)},
        {t=0.628,cf=CFrame.new(2651.393,869.155,-2316.772,-0.995,0.000,-0.097,0.000,1.000,0.000,0.097,0.000,-0.995),s="Running",v=Vector3.new(1.644,0.005,58.095)},
        {t=0.633,cf=CFrame.new(2651.403,869.155,-2316.500,-0.996,0.000,-0.094,0.000,1.000,0.000,0.094,0.000,-0.996),s="Running",v=Vector3.new(1.644,0.005,58.099)},
        {t=0.637,cf=CFrame.new(2651.413,869.155,-2316.238,-0.996,0.000,-0.091,0.000,1.000,0.000,0.091,0.000,-0.996),s="Running",v=Vector3.new(1.644,0.005,58.100)},
        {t=0.641,cf=CFrame.new(2651.422,869.155,-2315.977,-0.996,0.000,-0.089,0.000,1.000,0.000,0.089,0.000,-0.996),s="Running",v=Vector3.new(1.644,0.005,58.100)},
        {t=0.644,cf=CFrame.new(2651.431,869.155,-2315.720,-0.996,0.000,-0.087,0.000,1.000,0.000,0.087,0.000,-0.996),s="Running",v=Vector3.new(1.644,0.005,58.100)},
        {t=0.647,cf=CFrame.new(2651.434,869.155,-2315.688,-0.996,0.000,-0.085,0.000,1.000,0.000,0.085,0.000,-0.996),s="Running",v=Vector3.new(1.684,0.005,59.507)},
        {t=0.652,cf=CFrame.new(2651.444,869.155,-2315.408,-0.997,0.000,-0.083,0.000,1.000,0.000,0.083,0.000,-0.997),s="Running",v=Vector3.new(1.654,0.005,58.452)},
        {t=0.657,cf=CFrame.new(2651.459,869.155,-2314.944,-0.997,0.000,-0.080,0.000,1.000,0.000,0.080,0.000,-0.997),s="Running",v=Vector3.new(1.607,0.005,56.781)},
        {t=0.660,cf=CFrame.new(2651.462,869.155,-2314.914,-0.997,0.000,-0.079,0.000,1.000,0.000,0.079,0.000,-0.997),s="Running",v=Vector3.new(1.675,0.005,59.177)},
        {t=0.665,cf=CFrame.new(2651.478,869.155,-2314.427,-0.997,0.000,-0.076,0.000,1.000,0.000,0.076,0.000,-0.997),s="Running",v=Vector3.new(1.612,0.005,56.963)},
        {t=0.668,cf=CFrame.new(2651.480,869.155,-2314.397,-0.997,0.000,-0.074,0.000,1.000,0.000,0.074,0.000,-0.997),s="Running",v=Vector3.new(1.676,0.005,59.223)},
        {t=0.673,cf=CFrame.new(2651.490,869.155,-2314.123,-0.997,0.000,-0.072,0.000,1.000,0.000,0.072,0.000,-0.997),s="Running",v=Vector3.new(1.652,0.005,58.381)},
        {t=0.677,cf=CFrame.new(2651.504,869.155,-2313.659,-0.998,0.000,-0.070,0.000,1.000,0.000,0.070,0.000,-0.998),s="Running",v=Vector3.new(1.606,0.005,56.764)},
        {t=0.680,cf=CFrame.new(2651.506,869.155,-2313.630,-0.998,0.000,-0.069,0.000,1.000,0.000,0.069,0.000,-0.998),s="Running",v=Vector3.new(1.674,0.005,59.173)},
        {t=0.686,cf=CFrame.new(2651.516,869.155,-2313.343,-0.998,0.000,-0.067,0.000,1.000,0.000,0.067,0.000,-0.998),s="Running",v=Vector3.new(1.652,0.005,58.368)},
        {t=0.689,cf=CFrame.new(2651.525,869.155,-2313.083,-0.998,0.000,-0.066,0.000,1.000,0.000,0.066,0.000,-0.998),s="Running",v=Vector3.new(1.646,0.005,58.167)},
        {t=0.694,cf=CFrame.new(2651.540,869.155,-2312.617,-0.998,0.000,-0.064,0.000,1.000,0.000,0.064,0.000,-0.998),s="Running",v=Vector3.new(1.605,0.005,56.710)},
        {t=0.697,cf=CFrame.new(2651.541,869.155,-2312.589,-0.998,0.000,-0.063,0.000,1.000,0.000,0.063,0.000,-0.998),s="Running",v=Vector3.new(1.674,0.005,59.160)},
        {t=0.702,cf=CFrame.new(2651.550,869.155,-2312.316,-0.998,0.000,-0.061,0.000,1.000,0.000,0.061,0.000,-0.998),s="Running",v=Vector3.new(1.652,0.005,58.365)},
        {t=0.707,cf=CFrame.new(2651.565,869.155,-2311.854,-0.998,0.000,-0.060,0.000,1.000,0.000,0.060,0.000,-0.998),s="Running",v=Vector3.new(1.606,0.005,56.760)},
        {t=0.710,cf=CFrame.new(2651.566,869.155,-2311.824,-0.998,0.000,-0.059,0.000,1.000,0.000,0.059,0.000,-0.998),s="Running",v=Vector3.new(1.674,0.005,59.172)},
        {t=0.716,cf=CFrame.new(2651.582,869.155,-2311.342,-0.998,0.000,-0.057,0.000,1.000,0.000,0.057,0.000,-0.998),s="Running",v=Vector3.new(1.612,0.005,56.961)},
        {t=0.719,cf=CFrame.new(2651.583,869.155,-2311.312,-0.998,0.000,-0.056,0.000,1.000,0.000,0.056,0.000,-0.998),s="Running",v=Vector3.new(1.676,0.005,59.222)},
        {t=0.723,cf=CFrame.new(2651.598,869.155,-2310.842,-0.998,0.000,-0.055,0.000,1.000,0.000,0.055,0.000,-0.998),s="Running",v=Vector3.new(1.612,0.005,56.974)},
        {t=0.727,cf=CFrame.new(2651.599,869.155,-2310.811,-0.999,0.000,-0.054,0.000,1.000,0.000,0.054,0.000,-0.999),s="Running",v=Vector3.new(1.676,0.005,59.225)},
        {t=0.732,cf=CFrame.new(2651.614,869.155,-2310.341,-0.999,0.000,-0.053,0.000,1.000,0.000,0.053,0.000,-0.999),s="Running",v=Vector3.new(1.612,0.005,56.975)},
        {t=0.735,cf=CFrame.new(2651.615,869.155,-2310.313,-0.999,0.000,-0.052,0.000,1.000,0.000,0.052,0.000,-0.999),s="Running",v=Vector3.new(1.676,0.005,59.226)},
        {t=0.739,cf=CFrame.new(2651.624,869.155,-2310.040,-0.999,0.000,-0.051,0.000,1.000,0.000,0.051,0.000,-0.999),s="Running",v=Vector3.new(1.652,0.005,58.382)},
        {t=0.743,cf=CFrame.new(2651.632,869.155,-2309.782,-0.999,0.000,-0.050,0.000,1.000,0.000,0.050,0.000,-0.999),s="Running",v=Vector3.new(1.646,0.005,58.171)},
        {t=0.748,cf=CFrame.new(2651.646,869.155,-2309.330,-0.999,0.000,-0.049,0.000,1.000,0.000,0.049,0.000,-0.999),s="Running",v=Vector3.new(1.555,0.005,56.712)},
        {t=0.751,cf=CFrame.new(2651.647,869.155,-2309.303,-0.999,0.000,-0.048,0.000,1.000,0.000,0.048,0.000,-0.999),s="Running",v=Vector3.new(1.598,0.005,59.162)},
        {t=0.757,cf=CFrame.new(2651.661,869.155,-2308.829,-0.999,0.000,-0.047,0.000,1.000,0.000,0.047,0.000,-0.999),s="Running",v=Vector3.new(1.521,0.005,56.961)},
        {t=0.759,cf=CFrame.new(2651.662,869.155,-2308.804,-0.999,0.000,-0.046,0.000,1.000,0.000,0.046,0.000,-0.999),s="Running",v=Vector3.new(1.572,0.005,59.224)},
        {t=0.764,cf=CFrame.new(2651.669,869.155,-2308.533,-0.999,0.000,-0.045,0.000,1.000,0.000,0.045,0.000,-0.999),s="Running",v=Vector3.new(1.497,0.005,58.385)},
        {t=0.769,cf=CFrame.new(2651.682,869.155,-2308.074,-0.999,0.000,-0.044,0.000,1.000,0.000,0.044,0.000,-0.999),s="Running",v=Vector3.new(1.406,0.005,56.769)},
        {t=0.772,cf=CFrame.new(2651.683,869.155,-2308.049,-0.999,0.000,-0.044,0.000,1.000,0.000,0.044,0.000,-0.999),s="Running",v=Vector3.new(1.418,0.005,59.180)},
        {t=0.778,cf=CFrame.new(2651.691,869.155,-2307.754,-0.999,0.000,-0.042,0.000,1.000,0.000,0.042,0.000,-0.999),s="Running",v=Vector3.new(1.301,0.005,58.377)},
        {t=0.782,cf=CFrame.new(2651.698,869.155,-2307.489,-0.999,0.000,-0.041,0.000,1.000,0.000,0.041,0.000,-0.999),s="Running",v=Vector3.new(1.229,0.005,58.177)},
        {t=0.786,cf=CFrame.new(2651.704,869.155,-2307.234,-0.999,0.000,-0.041,0.000,1.000,0.000,0.041,0.000,-0.999),s="Running",v=Vector3.new(1.185,0.005,58.128)},
        {t=0.789,cf=CFrame.new(2651.709,869.155,-2306.983,-0.999,0.000,-0.040,0.000,1.000,0.000,0.040,0.000,-0.999),s="Running",v=Vector3.new(1.160,0.005,58.116)},
        {t=0.794,cf=CFrame.new(2651.716,869.155,-2306.718,-0.999,0.000,-0.039,0.000,1.000,0.000,0.039,0.000,-0.999),s="Running",v=Vector3.new(1.146,0.005,58.113)},
        {t=0.798,cf=CFrame.new(2651.721,869.155,-2306.462,-0.999,0.000,-0.038,0.000,1.000,0.000,0.038,0.000,-0.999),s="Running",v=Vector3.new(1.140,0.005,58.113)},
        {t=0.802,cf=CFrame.new(2651.727,869.155,-2306.199,-0.999,0.000,-0.037,0.000,1.000,0.000,0.037,0.000,-0.999),s="Running",v=Vector3.new(1.138,0.005,58.112)},
        {t=0.806,cf=CFrame.new(2651.732,869.155,-2305.949,-0.999,0.000,-0.037,0.000,1.000,0.000,0.037,0.000,-0.999),s="Running",v=Vector3.new(1.137,0.005,58.112)},
        {t=0.810,cf=CFrame.new(2651.739,869.155,-2305.682,-0.999,0.000,-0.036,0.000,1.000,0.000,0.036,0.000,-0.999),s="Running",v=Vector3.new(1.137,0.005,58.112)},
        {t=0.814,cf=CFrame.new(2651.744,869.155,-2305.429,-0.999,0.000,-0.035,0.000,1.000,0.000,0.035,0.000,-0.999),s="Running",v=Vector3.new(1.137,0.005,58.112)},
        {t=0.819,cf=CFrame.new(2651.750,869.155,-2305.160,-0.999,0.000,-0.035,0.000,1.000,0.000,0.035,0.000,-0.999),s="Running",v=Vector3.new(1.137,0.005,58.112)},
        {t=0.823,cf=CFrame.new(2651.756,869.155,-2304.910,-0.999,0.000,-0.034,0.000,1.000,0.000,0.034,0.000,-0.999),s="Running",v=Vector3.new(1.137,0.005,58.112)},
        {t=0.827,cf=CFrame.new(2651.761,869.155,-2304.649,-0.999,0.000,-0.033,0.000,1.000,0.000,0.033,0.000,-0.999),s="Running",v=Vector3.new(1.137,0.005,58.112)},
        {t=0.831,cf=CFrame.new(2651.767,869.155,-2304.395,-0.999,0.000,-0.033,0.000,1.000,0.000,0.033,0.000,-0.999),s="Running",v=Vector3.new(1.137,0.005,58.112)},
        {t=0.835,cf=CFrame.new(2651.772,869.155,-2304.138,-0.999,0.000,-0.032,0.000,1.000,0.000,0.032,0.000,-0.999),s="Running",v=Vector3.new(1.137,0.005,58.112)},
        {t=0.839,cf=CFrame.new(2651.778,869.155,-2303.883,-0.999,0.000,-0.032,0.000,1.000,0.000,0.032,0.000,-0.999),s="Running",v=Vector3.new(1.137,0.005,58.112)},
        {t=0.844,cf=CFrame.new(2651.784,869.155,-2303.617,-1.000,0.000,-0.031,0.000,1.000,0.000,0.031,0.000,-1.000),s="Running",v=Vector3.new(1.137,0.005,58.112)},
        {t=0.849,cf=CFrame.new(2651.789,869.155,-2303.360,-1.000,0.000,-0.031,0.000,1.000,0.000,0.031,0.000,-1.000),s="Running",v=Vector3.new(1.137,0.005,58.112)},
        {t=0.853,cf=CFrame.new(2651.795,869.155,-2303.094,-1.000,0.000,-0.030,0.000,1.000,0.000,0.030,0.000,-1.000),s="Running",v=Vector3.new(1.137,0.005,58.112)},
        {t=0.857,cf=CFrame.new(2651.800,869.155,-2302.844,-1.000,0.000,-0.030,0.000,1.000,0.000,0.030,0.000,-1.000),s="Running",v=Vector3.new(1.137,0.005,58.112)},
        {t=0.861,cf=CFrame.new(2651.809,869.155,-2302.397,-1.000,0.000,-0.029,0.000,1.000,0.000,0.029,0.000,-1.000),s="Running",v=Vector3.new(1.109,0.005,56.705)},
        {t=0.865,cf=CFrame.new(2651.814,869.155,-2302.155,-1.000,0.000,-0.029,0.000,1.000,0.000,0.029,0.000,-1.000),s="Running",v=Vector3.new(1.130,0.005,57.761)},
        {t=0.870,cf=CFrame.new(2651.819,869.155,-2301.899,-1.000,0.000,-0.029,0.000,1.000,0.000,0.029,0.000,-1.000),s="Running",v=Vector3.new(1.135,0.005,58.024)},
        {t=0.874,cf=CFrame.new(2651.824,869.155,-2301.650,-1.000,0.000,-0.028,0.000,1.000,0.000,0.028,0.000,-1.000),s="Running",v=Vector3.new(1.136,0.005,58.090)},
        {t=0.878,cf=CFrame.new(2651.829,869.155,-2301.406,-1.000,0.000,-0.028,0.000,1.000,0.000,0.028,0.000,-1.000),s="Running",v=Vector3.new(1.136,0.005,58.107)},
        {t=0.883,cf=CFrame.new(2651.834,869.155,-2301.147,-1.000,0.000,-0.028,0.000,1.000,0.000,0.028,0.000,-1.000),s="Running",v=Vector3.new(1.137,0.005,58.111)},
        {t=0.887,cf=CFrame.new(2651.840,869.155,-2300.895,-1.000,0.000,-0.027,0.000,1.000,0.000,0.027,0.000,-1.000),s="Running",v=Vector3.new(1.137,0.005,58.112)},
        {t=0.891,cf=CFrame.new(2651.845,869.155,-2300.645,-1.000,0.000,-0.027,0.000,1.000,0.000,0.027,0.000,-1.000),s="Running",v=Vector3.new(1.137,0.005,58.112)},
        {t=0.895,cf=CFrame.new(2651.850,869.155,-2300.398,-1.000,0.000,-0.027,0.000,1.000,0.000,0.027,0.000,-1.000),s="Running",v=Vector3.new(1.137,0.005,58.112)},
        {t=0.899,cf=CFrame.new(2651.855,869.155,-2300.147,-1.000,0.000,-0.026,0.000,1.000,0.000,0.026,0.000,-1.000),s="Running",v=Vector3.new(1.137,0.005,58.112)},
        {t=0.904,cf=CFrame.new(2651.861,869.155,-2299.895,-1.000,0.000,-0.026,0.000,1.000,0.000,0.026,0.000,-1.000),s="Running",v=Vector3.new(1.137,0.005,58.112)},
        {t=0.907,cf=CFrame.new(2651.866,869.155,-2299.649,-1.000,0.000,-0.026,0.000,1.000,0.000,0.026,0.000,-1.000),s="Running",v=Vector3.new(1.137,0.005,58.112)},
        {t=0.911,cf=CFrame.new(2651.871,869.155,-2299.403,-1.000,0.000,-0.026,0.000,1.000,0.000,0.026,0.000,-1.000),s="Running",v=Vector3.new(1.137,0.005,58.112)},
        {t=0.916,cf=CFrame.new(2651.876,869.155,-2299.150,-1.000,0.000,-0.025,0.000,1.000,0.000,0.025,0.000,-1.000),s="Running",v=Vector3.new(1.137,0.005,58.112)},
        {t=0.922,cf=CFrame.new(2651.882,869.155,-2298.874,-1.000,0.000,-0.025,0.000,1.000,0.000,0.025,0.000,-1.000),s="Running",v=Vector3.new(1.137,0.005,58.112)},
        {t=0.927,cf=CFrame.new(2651.891,869.155,-2298.425,-1.000,0.000,-0.025,0.000,1.000,0.000,0.025,0.000,-1.000),s="Running",v=Vector3.new(1.109,0.005,56.705)},
        {t=0.933,cf=CFrame.new(2651.896,869.155,-2298.172,-1.000,0.000,-0.024,0.000,1.000,0.000,0.024,0.000,-1.000),s="Running",v=Vector3.new(1.130,0.005,57.761)},
        {t=0.937,cf=CFrame.new(2651.901,869.155,-2297.922,-1.000,0.000,-0.024,0.000,1.000,0.000,0.024,0.000,-1.000),s="Running",v=Vector3.new(1.135,0.005,58.024)},
        {t=0.941,cf=CFrame.new(2651.906,869.155,-2297.667,-1.000,0.000,-0.024,0.000,1.000,0.000,0.024,0.000,-1.000),s="Running",v=Vector3.new(1.136,0.005,58.090)},
        {t=0.946,cf=CFrame.new(2651.911,869.155,-2297.417,-1.000,0.000,-0.024,0.000,1.000,0.000,0.024,0.000,-1.000),s="Running",v=Vector3.new(1.136,0.005,58.107)},
        {t=0.949,cf=CFrame.new(2651.916,869.155,-2297.171,-1.000,0.000,-0.024,0.000,1.000,0.000,0.024,0.000,-1.000),s="Running",v=Vector3.new(1.137,0.005,58.111)},
        {t=0.953,cf=CFrame.new(2651.921,869.155,-2296.927,-1.000,0.000,-0.024,0.000,1.000,0.000,0.024,0.000,-1.000),s="Running",v=Vector3.new(1.137,0.005,58.112)},
        {t=0.956,cf=CFrame.new(2651.926,869.155,-2296.684,-1.000,0.000,-0.023,0.000,1.000,0.000,0.023,0.000,-1.000),s="Running",v=Vector3.new(1.137,0.005,58.112)},
        {t=0.961,cf=CFrame.new(2651.931,869.155,-2296.424,-1.000,0.000,-0.023,0.000,1.000,0.000,0.023,0.000,-1.000),s="Running",v=Vector3.new(1.137,0.005,58.112)},
        {t=0.965,cf=CFrame.new(2651.936,869.155,-2296.176,-1.000,0.000,-0.023,0.000,1.000,0.000,0.023,0.000,-1.000),s="Running",v=Vector3.new(1.137,0.005,58.112)},
        {t=0.968,cf=CFrame.new(2651.937,869.155,-2296.152,-1.000,0.000,-0.023,0.000,1.000,0.000,0.023,0.000,-1.000),s="Running",v=Vector3.new(1.164,0.005,59.519)},
        {t=0.972,cf=CFrame.new(2651.942,869.155,-2295.887,-1.000,0.000,-0.023,0.000,1.000,0.000,0.023,0.000,-1.000),s="Running",v=Vector3.new(1.143,0.005,58.464)},
        {t=0.978,cf=CFrame.new(2651.951,869.155,-2295.431,-1.000,0.000,-0.023,0.000,1.000,0.000,0.023,0.000,-1.000),s="Running",v=Vector3.new(1.111,0.005,56.793)},
        {t=0.981,cf=CFrame.new(2651.951,869.155,-2295.403,-1.000,0.000,-0.023,0.000,1.000,0.000,0.023,0.000,-1.000),s="Running",v=Vector3.new(1.158,0.005,59.190)},
        {t=0.985,cf=CFrame.new(2651.957,869.155,-2295.141,-1.000,0.000,-0.022,0.000,1.000,0.000,0.022,0.000,-1.000),s="Running",v=Vector3.new(1.142,0.005,58.382)},
        {t=0.989,cf=CFrame.new(2651.962,869.155,-2294.882,-1.000,0.000,-0.022,0.000,1.000,0.000,0.022,0.000,-1.000),s="Running",v=Vector3.new(1.138,0.005,58.180)},
        {t=0.994,cf=CFrame.new(2651.971,869.155,-2294.433,-1.000,0.000,-0.022,0.000,1.000,0.000,0.022,0.000,-1.000),s="Running",v=Vector3.new(1.109,0.005,56.722)},
        {t=0.998,cf=CFrame.new(2651.976,869.155,-2294.190,-1.000,0.000,-0.022,0.000,1.000,0.000,0.022,0.000,-1.000),s="Running",v=Vector3.new(1.130,0.005,57.765)},
        {t=1.000,cf=CFrame.new(2651.976,869.155,-2294.170,-1.000,0.000,-0.022,0.000,1.000,0.000,0.022,0.000,-1.000),s="Running",v=Vector3.new(1.162,0.005,59.433)},
        {t=1.006,cf=CFrame.new(2651.981,869.155,-2293.896,-1.000,0.000,-0.022,0.000,1.000,0.000,0.022,0.000,-1.000),s="Running",v=Vector3.new(1.143,0.005,58.442)},
        {t=1.010,cf=CFrame.new(2651.987,869.155,-2293.638,-1.000,0.000,-0.022,0.000,1.000,0.000,0.022,0.000,-1.000),s="Running",v=Vector3.new(1.138,0.005,58.195)},
        {t=1.015,cf=CFrame.new(2651.992,869.155,-2293.377,-1.000,0.000,-0.022,0.000,1.000,0.000,0.022,0.000,-1.000),s="Running",v=Vector3.new(1.137,0.005,58.133)},
        {t=1.018,cf=CFrame.new(2651.997,869.155,-2293.131,-1.000,0.000,-0.022,0.000,1.000,0.000,0.022,0.000,-1.000),s="Running",v=Vector3.new(1.137,0.238,58.118)},
        {t=1.023,cf=CFrame.new(2652.002,869.156,-2292.868,-1.000,0.000,-0.022,0.000,1.000,0.000,0.022,0.000,-1.000),s="Running",v=Vector3.new(1.137,1.116,58.114)},
        {t=1.027,cf=CFrame.new(2652.007,869.158,-2292.615,-1.000,0.000,-0.021,0.000,1.000,0.000,0.021,0.000,-1.000),s="Running",v=Vector3.new(1.137,1.868,58.113)},
        {t=1.031,cf=CFrame.new(2652.012,869.164,-2292.358,-1.000,0.000,-0.021,0.000,1.000,0.000,0.021,0.000,-1.000),s="Running",v=Vector3.new(1.137,3.237,58.112)},
        {t=1.036,cf=CFrame.new(2652.017,869.177,-2292.096,-1.000,0.000,-0.021,0.000,1.000,0.000,0.021,0.000,-1.000),s="Running",v=Vector3.new(1.137,4.901,58.112)},
        {t=1.039,cf=CFrame.new(2652.022,869.194,-2291.854,-1.000,0.000,-0.021,0.000,1.000,0.000,0.021,0.000,-1.000),s="Running",v=Vector3.new(1.137,5.628,58.112)},
        {t=1.043,cf=CFrame.new(2652.027,869.217,-2291.596,-1.000,0.000,-0.021,0.000,1.000,0.000,0.021,0.000,-1.000),s="Running",v=Vector3.new(1.137,6.833,58.112)},
        {t=1.048,cf=CFrame.new(2652.032,869.248,-2291.337,-1.000,0.000,-0.021,0.000,1.000,0.000,0.021,0.000,-1.000),s="Running",v=Vector3.new(1.142,7.729,58.394)},
        {t=1.053,cf=CFrame.new(2652.038,869.280,-2291.066,-1.000,0.000,-0.021,0.000,1.000,0.000,0.021,0.000,-1.000),s="Running",v=Vector3.new(1.143,8.271,58.464)},
        {t=1.055,cf=CFrame.new(2652.043,869.314,-2290.819,-1.000,0.000,-0.021,0.000,1.000,0.000,0.021,0.000,-1.000),s="Running",v=Vector3.new(1.144,8.518,58.482)},
        {t=1.060,cf=CFrame.new(2652.048,869.353,-2290.563,-1.000,0.000,-0.021,0.000,1.000,0.000,0.021,0.000,-1.000),s="Running",v=Vector3.new(1.144,8.498,58.486)},
        {t=1.065,cf=CFrame.new(2652.057,869.423,-2290.095,-1.000,0.000,-0.021,0.000,1.000,0.000,0.021,0.000,-1.000),s="Running",v=Vector3.new(1.178,7.462,57.360)},
        {t=1.067,cf=CFrame.new(2652.057,869.423,-2290.077,-1.000,0.000,-0.021,0.000,1.000,0.000,0.021,0.000,-1.000),s="Running",v=Vector3.new(1.280,7.005,59.329)},
        {t=1.073,cf=CFrame.new(2652.067,869.478,-2289.602,-1.000,0.000,-0.021,0.000,1.000,0.000,0.021,0.000,-1.000),s="Running",v=Vector3.new(1.293,5.943,57.569)},
        {t=1.075,cf=CFrame.new(2652.068,869.479,-2289.587,-1.000,0.000,-0.021,0.000,1.000,0.000,0.021,0.000,-1.000),s="Running",v=Vector3.new(1.351,5.634,59.381)},
        {t=1.081,cf=CFrame.new(2652.078,869.522,-2289.108,-1.000,0.000,-0.021,0.000,1.000,0.000,0.021,0.000,-1.000),s="Running",v=Vector3.new(1.321,4.573,57.582)},
        {t=1.084,cf=CFrame.new(2652.079,869.522,-2289.089,-1.000,0.000,-0.021,0.000,1.000,0.000,0.021,0.000,-1.000),s="Running",v=Vector3.new(1.366,4.316,59.384)},
        {t=1.090,cf=CFrame.new(2652.085,869.540,-2288.814,-1.000,0.000,-0.021,0.000,1.000,0.000,0.021,0.000,-1.000),s="Running",v=Vector3.new(1.352,3.583,58.708)},
        {t=1.093,cf=CFrame.new(2652.091,869.555,-2288.563,-1.000,0.000,-0.022,0.000,1.000,0.000,0.022,0.000,-1.000),s="Running",v=Vector3.new(1.349,3.131,58.540)},
        {t=1.097,cf=CFrame.new(2652.097,869.568,-2288.301,-1.000,0.000,-0.022,0.000,1.000,0.000,0.022,0.000,-1.000),s="Running",v=Vector3.new(1.348,2.684,58.497)},
        {t=1.102,cf=CFrame.new(2652.107,869.589,-2287.839,-1.000,0.000,-0.022,0.000,1.000,0.000,0.022,0.000,-1.000),s="Running",v=Vector3.new(1.322,2.219,57.361)},
        {t=1.104,cf=CFrame.new(2652.107,869.590,-2287.824,-1.000,0.000,-0.022,0.000,1.000,0.000,0.022,0.000,-1.000),s="Running",v=Vector3.new(1.368,2.099,59.328)},
        {t=1.111,cf=CFrame.new(2652.119,869.606,-2287.341,-1.000,0.000,-0.022,0.000,1.000,0.000,0.022,0.000,-1.000),s="Running",v=Vector3.new(1.327,1.638,57.569)},
        {t=1.114,cf=CFrame.new(2652.119,869.606,-2287.317,-1.000,0.000,-0.022,0.000,1.000,0.000,0.022,0.000,-1.000),s="Running",v=Vector3.new(1.369,1.466,59.380)},
        {t=1.118,cf=CFrame.new(2652.125,869.613,-2287.051,-1.000,0.000,-0.022,0.000,1.000,0.000,0.022,0.000,-1.000),s="Running",v=Vector3.new(1.353,1.243,58.708)},
        {t=1.123,cf=CFrame.new(2652.136,869.623,-2286.589,-1.000,0.000,-0.022,0.000,1.000,0.000,0.022,0.000,-1.000),s="Running",v=Vector3.new(1.324,1.044,57.414)},
        {t=1.125,cf=CFrame.new(2652.136,869.623,-2286.572,-1.000,0.000,-0.022,0.000,1.000,0.000,0.022,0.000,-1.000),s="Running",v=Vector3.new(1.368,0.969,59.341)},
        {t=1.131,cf=CFrame.new(2652.148,869.631,-2286.093,-1.000,0.000,-0.022,0.000,1.000,0.000,0.022,0.000,-1.000),s="Running",v=Vector3.new(1.327,0.773,57.572)},
        {t=1.136,cf=CFrame.new(2652.154,869.634,-2285.838,-1.000,0.000,-0.022,0.000,1.000,0.000,0.022,0.000,-1.000),s="Running",v=Vector3.new(1.343,0.660,58.255)},
        {t=1.142,cf=CFrame.new(2652.160,869.637,-2285.572,-1.000,0.000,-0.022,0.000,1.000,0.000,0.022,0.000,-1.000),s="Running",v=Vector3.new(1.347,0.541,58.426)},
        {t=1.145,cf=CFrame.new(2652.165,869.639,-2285.323,-1.000,0.000,-0.022,0.000,1.000,0.000,0.022,0.000,-1.000),s="Running",v=Vector3.new(1.348,0.467,58.469)},
        {t=1.149,cf=CFrame.new(2652.171,869.641,-2285.074,-1.000,0.000,-0.022,0.000,1.000,0.000,0.022,0.000,-1.000),s="Running",v=Vector3.new(1.348,0.412,58.480)},
        {t=1.152,cf=CFrame.new(2652.171,869.641,-2285.052,-1.000,0.000,-0.022,0.000,1.000,0.000,0.022,0.000,-1.000),s="Running",v=Vector3.new(1.374,0.372,59.608)},
        {t=1.157,cf=CFrame.new(2652.182,869.645,-2284.579,-1.000,0.000,-0.022,0.000,1.000,0.000,0.022,0.000,-1.000),s="Running",v=Vector3.new(1.329,0.312,57.639)},
        {t=1.159,cf=CFrame.new(2652.183,869.645,-2284.563,-1.000,0.000,-0.022,0.000,1.000,0.000,0.022,0.000,-1.000),s="Running",v=Vector3.new(1.369,0.285,59.398)},
        {t=1.165,cf=CFrame.new(2652.194,869.647,-2284.087,-1.000,0.000,-0.022,0.000,1.000,0.000,0.022,0.000,-1.000),s="Running",v=Vector3.new(1.328,0.237,57.586)},
        {t=1.167,cf=CFrame.new(2652.195,869.647,-2284.069,-1.000,0.000,-0.022,0.000,1.000,0.000,0.022,0.000,-1.000),s="Running",v=Vector3.new(1.369,0.212,59.385)},
        {t=1.173,cf=CFrame.new(2652.201,869.648,-2283.795,-1.000,0.000,-0.022,0.000,1.000,0.000,0.022,0.000,-1.000),s="Running",v=Vector3.new(1.353,0.182,58.709)},
        {t=1.177,cf=CFrame.new(2652.207,869.649,-2283.538,-1.000,0.000,-0.022,0.000,1.000,0.000,0.022,0.000,-1.000),s="Running",v=Vector3.new(1.350,0.158,58.540)},
        {t=1.181,cf=CFrame.new(2652.213,869.650,-2283.274,-1.000,0.000,-0.022,0.000,1.000,0.000,0.022,0.000,-1.000),s="Running",v=Vector3.new(1.349,0.133,58.497)},
        {t=1.185,cf=CFrame.new(2652.219,869.651,-2283.024,-1.000,0.000,-0.022,0.000,1.000,0.000,0.022,0.000,-1.000),s="Running",v=Vector3.new(1.348,0.117,58.487)},
        {t=1.190,cf=CFrame.new(2652.229,869.652,-2282.566,-1.000,0.000,-0.022,0.000,1.000,0.000,0.022,0.000,-1.000),s="Running",v=Vector3.new(1.322,0.100,57.359)},
        {t=1.194,cf=CFrame.new(2652.235,869.652,-2282.322,-1.000,0.000,-0.022,0.000,1.000,0.000,0.022,0.000,-1.000),s="Running",v=Vector3.new(1.342,0.084,58.202)},
        {t=1.197,cf=CFrame.new(2652.236,869.652,-2282.296,-1.000,0.000,-0.023,0.000,1.000,0.000,0.023,0.000,-1.000),s="Running",v=Vector3.new(1.373,0.073,59.539)},
        {t=1.202,cf=CFrame.new(2652.242,869.653,-2282.031,-1.000,0.000,-0.023,0.000,1.000,0.000,0.023,0.000,-1.000),s="Running",v=Vector3.new(1.354,-0.261,58.747)},
        {t=1.206,cf=CFrame.new(2652.248,869.652,-2281.775,-1.000,0.000,-0.023,0.000,1.000,0.000,0.023,0.000,-1.000),s="Running",v=Vector3.new(1.350,-1.249,58.549)},
        {t=1.210,cf=CFrame.new(2652.253,869.648,-2281.518,-1.000,0.000,-0.023,0.000,1.000,0.000,0.023,0.000,-1.000),s="Running",v=Vector3.new(1.349,-2.676,58.500)},
        {t=1.214,cf=CFrame.new(2652.259,869.642,-2281.262,-1.000,0.000,-0.023,0.000,1.000,0.000,0.023,0.000,-1.000),s="Running",v=Vector3.new(1.348,-3.549,58.487)},
        {t=1.219,cf=CFrame.new(2652.270,869.601,-2280.802,-1.000,0.000,-0.023,0.000,1.000,0.000,0.023,0.000,-1.000),s="Running",v=Vector3.new(1.322,-5.617,57.359)},
        {t=1.221,cf=CFrame.new(2652.270,869.600,-2280.785,-1.000,0.000,-0.023,0.000,1.000,0.000,0.023,0.000,-1.000),s="Running",v=Vector3.new(1.368,-6.183,59.328)},
        {t=1.226,cf=CFrame.new(2652.277,869.569,-2280.516,-1.000,0.000,-0.023,0.000,1.000,0.000,0.023,0.000,-1.000),s="Running",v=Vector3.new(1.353,-7.537,58.694)},
        {t=1.231,cf=CFrame.new(2652.283,869.532,-2280.259,-1.000,0.000,-0.023,0.000,1.000,0.000,0.023,0.000,-1.000),s="Running",v=Vector3.new(1.343,-8.953,58.255)},
        {t=1.236,cf=CFrame.new(2652.293,869.447,-2279.817,-1.000,0.000,-0.023,0.000,1.000,0.000,0.023,0.000,-1.000),s="Running",v=Vector3.new(1.308,-10.094,56.738)},
        {t=1.240,cf=CFrame.new(2652.299,869.402,-2279.578,-1.000,0.000,-0.023,0.000,1.000,0.000,0.023,0.000,-1.000),s="Running",v=Vector3.new(1.332,-10.807,57.765)},
        {t=1.242,cf=CFrame.new(2652.299,869.401,-2279.562,-1.000,0.000,-0.023,0.000,1.000,0.000,0.023,0.000,-1.000),s="Running",v=Vector3.new(1.370,-11.176,59.429)},
        {t=1.247,cf=CFrame.new(2652.310,869.298,-2279.105,-1.000,0.000,-0.023,0.000,1.000,0.000,0.023,0.000,-1.000),s="Running",v=Vector3.new(1.315,-12.370,57.031)},
        {t=1.251,cf=CFrame.new(2652.315,869.244,-2278.865,-1.000,0.000,-0.023,0.000,1.000,0.000,0.023,0.000,-1.000),s="Running",v=Vector3.new(1.333,-13.173,57.839)},
        {t=1.255,cf=CFrame.new(2652.316,869.242,-2278.838,-1.000,0.000,-0.023,0.000,1.000,0.000,0.023,0.000,-1.000),s="Running",v=Vector3.new(1.370,-13.710,59.448)},
        {t=1.260,cf=CFrame.new(2652.322,869.180,-2278.572,-1.000,0.000,-0.023,0.000,1.000,0.000,0.023,0.000,-1.000),s="Running",v=Vector3.new(1.347,-13.053,58.443)},
        {t=1.265,cf=CFrame.new(2652.328,869.122,-2278.313,-1.000,0.000,-0.023,0.000,1.000,0.000,0.023,0.000,-1.000),s="Running",v=Vector3.new(1.342,-8.343,58.192)},
        {t=1.270,cf=CFrame.new(2652.339,869.098,-2277.864,-1.000,0.000,-0.023,0.000,1.000,0.000,0.023,0.000,-1.000),s="Running",v=Vector3.new(1.308,-2.188,56.722)},
        {t=1.272,cf=CFrame.new(2652.339,869.098,-2277.846,-1.000,0.000,-0.023,0.000,1.000,0.000,0.023,0.000,-1.000),s="Running",v=Vector3.new(1.364,-1.530,59.169)},
        {t=1.277,cf=CFrame.new(2652.350,869.100,-2277.385,-1.000,0.000,-0.023,0.000,1.000,0.000,0.023,0.000,-1.000),s="Running",v=Vector3.new(1.313,0.423,56.966)},
        {t=1.280,cf=CFrame.new(2652.351,869.100,-2277.360,-1.000,0.000,-0.023,0.000,1.000,0.000,0.023,0.000,-1.000),s="Running",v=Vector3.new(1.365,0.683,59.230)},
        {t=1.285,cf=CFrame.new(2652.357,869.105,-2277.097,-1.000,0.000,-0.023,0.000,1.000,0.000,0.023,0.000,-1.000),s="Running",v=Vector3.new(1.346,1.096,58.388)},
        {t=1.290,cf=CFrame.new(2652.363,869.110,-2276.833,-1.000,0.000,-0.023,0.000,1.000,0.000,0.023,0.000,-1.000),s="Running",v=Vector3.new(1.341,1.212,58.178)},
        {t=1.293,cf=CFrame.new(2652.369,869.115,-2276.590,-1.000,0.000,-0.023,0.000,1.000,0.000,0.023,0.000,-1.000),s="Running",v=Vector3.new(1.340,1.208,58.126)},
        {t=1.298,cf=CFrame.new(2652.375,869.120,-2276.328,-1.000,0.000,-0.023,0.000,1.000,0.000,0.023,0.000,-1.000),s="Running",v=Vector3.new(1.340,1.129,58.112)},
        {t=1.301,cf=CFrame.new(2652.381,869.125,-2276.080,-1.000,0.000,-0.023,0.000,1.000,0.000,0.023,0.000,-1.000),s="Running",v=Vector3.new(1.340,1.037,58.109)},
        {t=1.306,cf=CFrame.new(2652.387,869.129,-2275.825,-1.000,0.000,-0.023,0.000,1.000,0.000,0.023,0.000,-1.000),s="Running",v=Vector3.new(1.340,0.939,58.108)},
        {t=1.310,cf=CFrame.new(2652.393,869.132,-2275.575,-1.000,0.000,-0.023,0.000,1.000,0.000,0.023,0.000,-1.000),s="Running",v=Vector3.new(1.340,0.843,58.108)},
        {t=1.314,cf=CFrame.new(2652.399,869.135,-2275.319,-1.000,0.000,-0.023,0.000,1.000,0.000,0.023,0.000,-1.000),s="Running",v=Vector3.new(1.340,0.730,58.108)},
        {t=1.319,cf=CFrame.new(2652.405,869.138,-2275.059,-1.000,0.000,-0.023,0.000,1.000,0.000,0.023,0.000,-1.000),s="Running",v=Vector3.new(1.340,0.628,58.108)},
        {t=1.323,cf=CFrame.new(2652.411,869.140,-2274.810,-1.000,0.000,-0.023,0.000,1.000,0.000,0.023,0.000,-1.000),s="Running",v=Vector3.new(1.340,0.544,58.108)},
        {t=1.327,cf=CFrame.new(2652.417,869.143,-2274.555,-1.000,0.000,-0.023,0.000,1.000,0.000,0.023,0.000,-1.000),s="Running",v=Vector3.new(1.340,0.470,58.108)},
        {t=1.332,cf=CFrame.new(2652.423,869.144,-2274.296,-1.000,0.000,-0.023,0.000,1.000,0.000,0.023,0.000,-1.000),s="Running",v=Vector3.new(1.340,0.407,58.108)},
        {t=1.338,cf=CFrame.new(2652.434,869.147,-2273.836,-1.000,0.000,-0.023,0.000,1.000,0.000,0.023,0.000,-1.000),s="Running",v=Vector3.new(1.307,0.319,56.701)},
        {t=1.342,cf=CFrame.new(2652.439,869.148,-2273.592,-1.000,0.000,-0.023,0.000,1.000,0.000,0.023,0.000,-1.000),s="Running",v=Vector3.new(1.331,0.281,57.756)},
        {t=1.347,cf=CFrame.new(2652.445,869.149,-2273.334,-1.000,0.000,-0.023,0.000,1.000,0.000,0.023,0.000,-1.000),s="Running",v=Vector3.new(1.338,0.234,58.020)},
        {t=1.351,cf=CFrame.new(2652.451,869.150,-2273.080,-1.000,0.000,-0.023,0.000,1.000,0.000,0.023,0.000,-1.000),s="Running",v=Vector3.new(1.339,0.201,58.086)},
        {t=1.355,cf=CFrame.new(2652.457,869.151,-2272.834,-1.000,0.000,-0.023,0.000,1.000,0.000,0.023,0.000,-1.000),s="Running",v=Vector3.new(1.339,0.173,58.103)},
        {t=1.358,cf=CFrame.new(2652.463,869.151,-2272.591,-1.000,0.000,-0.023,0.000,1.000,0.000,0.023,0.000,-1.000),s="Running",v=Vector3.new(1.340,0.153,58.107)},
        {t=1.361,cf=CFrame.new(2652.469,869.152,-2272.347,-1.000,0.000,-0.023,0.000,1.000,0.000,0.023,0.000,-1.000),s="Running",v=Vector3.new(1.340,0.136,58.108)},
        {t=1.364,cf=CFrame.new(2652.469,869.152,-2272.326,-1.000,0.000,-0.023,0.000,1.000,0.000,0.023,0.000,-1.000),s="Running",v=Vector3.new(1.372,0.129,59.515)},
        {t=1.369,cf=CFrame.new(2652.480,869.153,-2271.866,-1.000,0.000,-0.023,0.000,1.000,0.000,0.023,0.000,-1.000),s="Running",v=Vector3.new(1.315,0.103,57.053)},
        {t=1.372,cf=CFrame.new(2652.480,869.153,-2271.846,-1.000,0.000,-0.023,0.000,1.000,0.000,0.023,0.000,-1.000),s="Running",v=Vector3.new(1.366,0.097,59.251)},
