-- CFrame Auto Walk Recording
-- Total Frames: 1665
-- Recorded HipHeight: 5.058475494384766

return {
    hipHeight = 5.058475494384766,
    frames = {
        {t=0.005,cf=CFrame.new(-660.851,420.721,-631.295,-0.019,0.000,1.000,0.000,1.000,0.000,-1.000,0.000,-0.019),s="Running",v=Vector3.new(0.000,0.002,0.000)},
        {t=0.009,cf=CFrame.new(-660.851,420.721,-631.295,-0.019,0.000,1.000,0.000,1.000,0.000,-1.000,0.000,-0.019),s="Running",v=Vector3.new(0.000,0.002,0.000)},
        {t=0.014,cf=CFrame.new(-660.851,420.721,-631.295,-0.019,0.000,1.000,0.000,1.000,0.000,-1.000,0.000,-0.019),s="Running",v=Vector3.new(0.000,0.002,0.000)},
        {t=0.019,cf=CFrame.new(-660.851,420.721,-631.295,-0.019,0.000,1.000,0.000,1.000,0.000,-1.000,0.000,-0.019),s="Running",v=Vector3.new(0.000,0.002,0.000)},
        {t=0.023,cf=CFrame.new(-660.851,420.721,-631.295,-0.019,0.000,1.000,0.000,1.000,0.000,-1.000,0.000,-0.019),s="Running",v=Vector3.new(0.000,0.002,0.000)},
        {t=0.027,cf=CFrame.new(-660.851,420.721,-631.295,-0.019,0.000,1.000,0.000,1.000,0.000,-1.000,0.000,-0.019),s="Running",v=Vector3.new(0.000,0.002,0.000)},
        {t=0.032,cf=CFrame.new(-660.851,420.721,-631.295,-0.019,0.000,1.000,0.000,1.000,0.000,-1.000,0.000,-0.019),s="Running",v=Vector3.new(0.000,0.002,0.000)},
        {t=0.036,cf=CFrame.new(-660.851,420.721,-631.295,-0.019,0.000,1.000,0.000,1.000,0.000,-1.000,0.000,-0.019),s="Running",v=Vector3.new(0.000,0.002,0.000)},
        {t=0.041,cf=CFrame.new(-660.851,420.721,-631.295,-0.019,0.000,1.000,0.000,1.000,0.000,-1.000,0.000,-0.019),s="Running",v=Vector3.new(0.000,0.002,0.000)},
        {t=0.053,cf=CFrame.new(-660.851,420.721,-631.295,-0.019,0.000,1.000,0.000,1.000,0.000,-1.000,0.000,-0.019),s="Running",v=Vector3.new(0.000,0.002,0.000)},
        {t=0.070,cf=CFrame.new(-660.851,420.721,-631.295,-0.019,0.000,1.000,0.000,1.000,0.000,-1.000,0.000,-0.019),s="Running",v=Vector3.new(0.000,0.002,0.000)},
        {t=0.074,cf=CFrame.new(-660.851,420.721,-631.295,-0.019,0.000,1.000,0.000,1.000,0.000,-1.000,0.000,-0.019),s="Running",v=Vector3.new(0.000,0.002,0.000)},
        {t=0.079,cf=CFrame.new(-660.851,420.721,-631.295,-0.019,0.000,1.000,0.000,1.000,0.000,-1.000,0.000,-0.019),s="Running",v=Vector3.new(0.000,0.002,0.000)},
        {t=0.084,cf=CFrame.new(-660.851,420.721,-631.295,-0.019,0.000,1.000,0.000,1.000,0.000,-1.000,0.000,-0.019),s="Running",v=Vector3.new(0.000,0.002,0.000)},
        {t=0.088,cf=CFrame.new(-660.851,420.721,-631.295,-0.019,0.000,1.000,0.000,1.000,0.000,-1.000,0.000,-0.019),s="Running",v=Vector3.new(0.000,0.002,0.000)},
        {t=0.092,cf=CFrame.new(-660.851,420.721,-631.295,-0.019,0.000,1.000,0.000,1.000,0.000,-1.000,0.000,-0.019),s="Running",v=Vector3.new(0.000,0.002,0.000)},
        {t=0.097,cf=CFrame.new(-660.851,420.721,-631.295,-0.019,0.000,1.000,0.000,1.000,0.000,-1.000,0.000,-0.019),s="Running",v=Vector3.new(0.000,0.002,0.000)},
        {t=0.101,cf=CFrame.new(-660.851,420.721,-631.295,-0.019,0.000,1.000,0.000,1.000,0.000,-1.000,0.000,-0.019),s="Running",v=Vector3.new(0.000,0.002,0.000)},
        {t=0.105,cf=CFrame.new(-660.851,420.721,-631.295,-0.019,0.000,1.000,0.000,1.000,0.000,-1.000,0.000,-0.019),s="Running",v=Vector3.new(0.000,0.002,0.000)},
        {t=0.109,cf=CFrame.new(-660.851,420.721,-631.295,-0.019,0.000,1.000,0.000,1.000,0.000,-1.000,0.000,-0.019),s="Running",v=Vector3.new(0.000,0.002,0.000)},
        {t=0.113,cf=CFrame.new(-660.851,420.721,-631.295,-0.019,0.000,1.000,0.000,1.000,0.000,-1.000,0.000,-0.019),s="Running",v=Vector3.new(0.000,0.002,0.000)},
        {t=0.118,cf=CFrame.new(-660.851,420.721,-631.295,-0.019,0.000,1.000,0.000,1.000,0.000,-1.000,0.000,-0.019),s="Running",v=Vector3.new(0.000,0.002,0.000)},
        {t=0.122,cf=CFrame.new(-660.851,420.721,-631.295,-0.019,0.000,1.000,0.000,1.000,0.000,-1.000,0.000,-0.019),s="Running",v=Vector3.new(0.000,0.002,0.000)},
        {t=0.126,cf=CFrame.new(-660.851,420.721,-631.295,-0.019,0.000,1.000,0.000,1.000,0.000,-1.000,0.000,-0.019),s="Running",v=Vector3.new(0.000,0.002,0.000)},
        {t=0.131,cf=CFrame.new(-660.851,420.721,-631.295,-0.019,0.000,1.000,0.000,1.000,0.000,-1.000,0.000,-0.019),s="Running",v=Vector3.new(0.000,0.002,-0.000)},
        {t=0.136,cf=CFrame.new(-660.851,420.721,-631.295,-0.019,0.000,1.000,0.000,1.000,0.000,-1.000,0.000,-0.019),s="Running",v=Vector3.new(0.000,0.002,-0.000)},
        {t=0.140,cf=CFrame.new(-660.851,420.721,-631.295,-0.019,0.000,1.000,0.000,1.000,0.000,-1.000,0.000,-0.019),s="Running",v=Vector3.new(0.000,0.002,-0.000)},
        {t=0.147,cf=CFrame.new(-660.851,420.721,-631.295,-0.018,0.000,1.000,0.000,1.000,0.000,-1.000,0.000,-0.018),s="Running",v=Vector3.new(0.000,0.002,-0.000)},
        {t=0.154,cf=CFrame.new(-660.851,420.721,-631.295,-0.017,0.000,1.000,0.000,1.000,0.000,-1.000,0.000,-0.017),s="Running",v=Vector3.new(0.000,0.002,-0.000)},
        {t=0.160,cf=CFrame.new(-660.851,420.721,-631.295,-0.015,0.000,1.000,0.000,1.000,0.000,-1.000,0.000,-0.015),s="Running",v=Vector3.new(0.000,0.002,-0.000)},
        {t=0.166,cf=CFrame.new(-660.851,420.721,-631.295,-0.012,0.000,1.000,0.000,1.000,0.000,-1.000,0.000,-0.012),s="Running",v=Vector3.new(0.000,0.002,-0.000)},
        {t=0.173,cf=CFrame.new(-660.851,420.721,-631.295,-0.007,0.000,1.000,0.000,1.000,0.000,-1.000,0.000,-0.007),s="Running",v=Vector3.new(0.000,0.002,-0.000)},
        {t=0.178,cf=CFrame.new(-660.851,420.721,-631.295,-0.002,0.000,1.000,0.000,1.000,0.000,-1.000,0.000,-0.002),s="Running",v=Vector3.new(0.000,0.002,-0.000)},
        {t=0.183,cf=CFrame.new(-660.851,420.721,-631.295,0.005,0.000,1.000,0.000,1.000,0.000,-1.000,0.000,0.005),s="Running",v=Vector3.new(0.000,0.002,-0.000)},
        {t=0.189,cf=CFrame.new(-660.851,420.721,-631.295,0.015,0.000,1.000,0.000,1.000,0.000,-1.000,0.000,0.015),s="Running",v=Vector3.new(0.000,0.002,-0.000)},
        {t=0.195,cf=CFrame.new(-660.851,420.721,-631.295,0.026,0.000,1.000,0.000,1.000,0.000,-1.000,0.000,0.026),s="Running",v=Vector3.new(0.000,0.002,-0.000)},
        {t=0.201,cf=CFrame.new(-660.853,420.721,-631.295,0.043,0.000,0.999,0.000,1.000,0.000,-0.999,0.000,0.043),s="Running",v=Vector3.new(-3.457,0.002,-0.890)},
        {t=0.207,cf=CFrame.new(-660.864,420.721,-631.298,0.061,0.000,0.998,0.000,1.000,0.000,-0.998,0.000,0.061),s="Running",v=Vector3.new(-8.524,0.002,-2.409)},
        {t=0.211,cf=CFrame.new(-660.888,420.721,-631.305,0.078,0.000,0.997,0.000,1.000,0.000,-0.997,0.000,0.078),s="Running",v=Vector3.new(-12.788,0.002,-4.107)},
        {t=0.217,cf=CFrame.new(-660.932,420.721,-631.319,0.100,0.000,0.995,0.000,1.000,0.000,-0.995,0.000,0.100),s="Running",v=Vector3.new(-17.391,0.002,-6.256)},
        {t=0.222,cf=CFrame.new(-661.035,420.721,-631.356,0.122,0.000,0.993,0.000,1.000,0.000,-0.993,0.000,0.122),s="Running",v=Vector3.new(-21.119,0.002,-8.926)},
        {t=0.227,cf=CFrame.new(-661.118,420.721,-631.391,0.146,0.000,0.989,0.000,1.000,0.000,-0.989,0.000,0.146),s="Running",v=Vector3.new(-25.921,0.002,-12.213)},
        {t=0.232,cf=CFrame.new(-661.226,420.721,-631.442,0.177,0.000,0.984,0.000,1.000,0.000,-0.984,0.000,0.177),s="Running",v=Vector3.new(-29.827,0.002,-16.031)},
        {t=0.239,cf=CFrame.new(-661.445,420.721,-631.560,0.217,0.000,0.976,0.000,1.000,0.000,-0.976,0.000,0.217),s="Running",v=Vector3.new(-31.925,0.002,-20.707)},
        {t=0.243,cf=CFrame.new(-661.579,420.721,-631.647,0.248,0.000,0.969,0.000,1.000,0.000,-0.969,0.000,0.248),s="Running",v=Vector3.new(-34.527,0.002,-26.286)},
        {t=0.250,cf=CFrame.new(-661.737,420.721,-631.766,0.295,0.000,0.956,0.000,1.000,0.000,-0.956,0.000,0.295),s="Running",v=Vector3.new(-35.024,0.002,-32.686)},
        {t=0.255,cf=CFrame.new(-661.890,420.721,-631.908,0.329,0.000,0.944,0.000,1.000,0.000,-0.944,0.000,0.329),s="Running",v=Vector3.new(-34.136,0.002,-37.999)},
        {t=0.261,cf=CFrame.new(-662.160,420.721,-632.205,0.375,0.000,0.927,0.000,1.000,0.000,-0.927,0.000,0.375),s="Running",v=Vector3.new(-30.701,0.002,-42.708)},
        {t=0.267,cf=CFrame.new(-662.298,420.721,-632.393,0.418,0.000,0.909,0.000,1.000,0.000,-0.909,0.000,0.418),s="Running",v=Vector3.new(-27.620,0.002,-47.774)},
        {t=0.272,cf=CFrame.new(-662.425,420.721,-632.605,0.460,0.000,0.888,0.000,1.000,0.000,-0.888,0.000,0.460),s="Running",v=Vector3.new(-23.417,0.002,-51.590)},
        {t=0.276,cf=CFrame.new(-662.609,420.721,-633.000,0.493,0.000,0.870,0.000,1.000,0.000,-0.870,0.000,0.493),s="Running",v=Vector3.new(-18.964,0.002,-53.004)},
        {t=0.283,cf=CFrame.new(-662.699,420.721,-633.236,0.542,0.000,0.840,0.000,1.000,0.000,-0.840,0.000,0.542),s="Running",v=Vector3.new(-13.801,0.002,-55.961)},
        {t=0.287,cf=CFrame.new(-662.764,420.721,-633.476,0.577,0.000,0.817,0.000,1.000,0.000,-0.817,0.000,0.577),s="Running",v=Vector3.new(-9.943,0.002,-57.249)},
        {t=0.292,cf=CFrame.new(-662.848,420.721,-633.919,0.615,0.000,0.788,0.000,1.000,0.000,-0.788,0.000,0.615),s="Running",v=Vector3.new(-6.085,0.002,-56.841)},
        {t=0.298,cf=CFrame.new(-662.882,420.721,-634.170,0.659,0.000,0.752,0.000,1.000,0.000,-0.752,0.000,0.659),s="Running",v=Vector3.new(-2.147,0.002,-58.017)},
        {t=0.304,cf=CFrame.new(-662.898,420.721,-634.426,0.698,0.000,0.716,0.000,1.000,0.000,-0.716,0.000,0.698),s="Running",v=Vector3.new(1.373,0.002,-58.278)},
        {t=0.309,cf=CFrame.new(-662.894,420.721,-634.877,0.732,0.000,0.681,0.000,1.000,0.000,-0.681,0.000,0.732),s="Running",v=Vector3.new(4.442,0.002,-57.072)},
        {t=0.315,cf=CFrame.new(-662.882,420.721,-635.125,0.768,0.000,0.640,0.000,1.000,0.000,-0.640,0.000,0.768),s="Running",v=Vector3.new(8.188,0.002,-57.519)},
        {t=0.319,cf=CFrame.new(-662.853,420.721,-635.369,0.794,0.000,0.607,0.000,1.000,0.000,-0.607,0.000,0.794),s="Running",v=Vector3.new(10.961,0.002,-57.296)},
        {t=0.324,cf=CFrame.new(-662.812,420.721,-635.617,0.823,0.000,0.569,0.000,1.000,0.000,-0.569,0.000,0.823),s="Running",v=Vector3.new(14.152,-0.267,-56.635)},
        {t=0.330,cf=CFrame.new(-662.710,420.720,-636.055,0.850,0.000,0.527,0.000,1.000,0.000,-0.527,0.000,0.850),s="Running",v=Vector3.new(16.633,-1.399,-54.807)},
        {t=0.335,cf=CFrame.new(-662.646,420.716,-636.291,0.876,0.000,0.483,0.000,1.000,0.000,-0.483,0.000,0.876),s="Running",v=Vector3.new(19.497,-2.820,-54.768)},
        {t=0.341,cf=CFrame.new(-662.568,420.699,-636.528,0.898,0.000,0.439,0.000,1.000,0.000,-0.439,0.000,0.898),s="Running",v=Vector3.new(22.119,-5.590,-54.002)},
        {t=0.346,cf=CFrame.new(-662.478,420.669,-636.766,0.919,0.000,0.394,0.000,1.000,0.000,-0.394,0.000,0.919),s="Running",v=Vector3.new(24.201,-7.266,-53.178)},
        {t=0.351,cf=CFrame.new(-662.299,420.597,-637.174,0.937,0.000,0.351,0.000,1.000,0.000,-0.351,0.000,0.937),s="Running",v=Vector3.new(25.404,-9.675,-51.005)},
        {t=0.357,cf=CFrame.new(-662.196,420.551,-637.397,0.953,0.000,0.303,0.000,1.000,0.000,-0.303,0.000,0.953),s="Running",v=Vector3.new(27.334,-11.337,-51.072)},
        {t=0.362,cf=CFrame.new(-662.084,420.497,-637.618,0.964,0.000,0.265,0.000,1.000,0.000,-0.265,0.000,0.964),s="Running",v=Vector3.new(28.493,-12.492,-50.716)},
        {t=0.367,cf=CFrame.new(-661.869,420.381,-638.014,0.975,0.000,0.223,0.000,1.000,0.000,-0.223,0.000,0.975),s="Running",v=Vector3.new(28.679,-14.054,-49.190)},
        {t=0.373,cf=CFrame.new(-661.745,420.314,-638.241,0.983,0.000,0.182,0.000,1.000,0.000,-0.182,0.000,0.983),s="Running",v=Vector3.new(29.651,-15.336,-49.771)},
        {t=0.378,cf=CFrame.new(-661.616,420.242,-638.468,0.989,0.000,0.145,0.000,1.000,0.000,-0.145,0.000,0.989),s="Running",v=Vector3.new(30.038,-16.392,-49.830)},
        {t=0.383,cf=CFrame.new(-661.388,420.093,-638.858,0.994,0.000,0.112,0.000,1.000,0.000,-0.112,0.000,0.994),s="Running",v=Vector3.new(29.541,-16.846,-48.686)},
        {t=0.389,cf=CFrame.new(-661.256,420.053,-639.088,0.997,0.000,0.074,0.000,1.000,0.000,-0.074,0.000,0.997),s="Running",v=Vector3.new(30.155,-5.717,-49.472)},
        {t=0.394,cf=CFrame.new(-661.127,420.042,-639.308,0.999,0.000,0.044,0.000,1.000,0.000,-0.044,0.000,0.999),s="Running",v=Vector3.new(30.315,-2.254,-49.664)},
        {t=0.400,cf=CFrame.new(-660.992,420.039,-639.541,1.000,0.000,0.010,0.000,1.000,0.000,-0.010,0.000,1.000),s="Running",v=Vector3.new(30.362,0.508,-49.708)},
        {t=0.405,cf=CFrame.new(-660.754,420.048,-639.939,1.000,-0.000,-0.018,0.000,1.000,-0.000,0.018,0.000,1.000),s="Running",v=Vector3.new(29.698,1.806,-48.609)},
        {t=0.410,cf=CFrame.new(-660.626,420.054,-640.158,0.999,-0.000,-0.045,0.000,1.000,-0.000,0.045,0.000,0.999),s="Running",v=Vector3.new(30.209,1.991,-49.443)},
        {t=0.416,cf=CFrame.new(-660.493,420.060,-640.383,0.997,-0.000,-0.071,0.000,1.000,-0.000,0.071,0.000,0.997),s="Running",v=Vector3.new(30.337,1.993,-49.652)},
        {t=0.420,cf=CFrame.new(-660.360,420.067,-640.608,0.996,-0.000,-0.094,0.000,1.000,-0.000,0.094,0.000,0.996),s="Running",v=Vector3.new(30.406,1.857,-49.681)},
        {t=0.425,cf=CFrame.new(-660.125,420.078,-640.998,0.993,-0.000,-0.114,0.000,1.000,-0.000,0.114,0.000,0.993),s="Running",v=Vector3.new(29.851,1.539,-48.515)},
        {t=0.430,cf=CFrame.new(-659.997,420.082,-641.213,0.991,-0.000,-0.135,0.000,1.000,-0.000,0.135,0.000,0.991),s="Running",v=Vector3.new(30.432,1.433,-49.306)},
        {t=0.435,cf=CFrame.new(-659.862,420.086,-641.440,0.988,-0.000,-0.157,0.000,1.000,-0.000,0.157,0.000,0.988),s="Running",v=Vector3.new(30.633,1.203,-49.470)},
        {t=0.440,cf=CFrame.new(-659.723,420.090,-641.670,0.984,-0.000,-0.176,0.000,1.000,-0.000,0.176,0.000,0.984),s="Running",v=Vector3.new(30.717,0.969,-49.490)},
        {t=0.445,cf=CFrame.new(-659.486,420.095,-642.058,0.981,-0.000,-0.194,0.000,1.000,-0.000,0.194,0.000,0.981),s="Running",v=Vector3.new(30.080,0.816,-48.374)},
        {t=0.450,cf=CFrame.new(-659.351,420.097,-642.281,0.977,-0.000,-0.212,0.000,1.000,-0.000,0.212,0.000,0.977),s="Running",v=Vector3.new(30.626,0.666,-49.187)},
        {t=0.455,cf=CFrame.new(-659.218,420.099,-642.500,0.974,-0.000,-0.228,0.000,1.000,-0.000,0.228,0.000,0.974),s="Running",v=Vector3.new(30.764,0.599,-49.389)},
        {t=0.460,cf=CFrame.new(-659.084,420.100,-642.720,0.970,-0.000,-0.243,0.000,1.000,-0.000,0.243,0.000,0.970),s="Running",v=Vector3.new(30.800,0.519,-49.438)},
        {t=0.465,cf=CFrame.new(-658.948,420.102,-642.944,0.966,-0.000,-0.258,0.000,1.000,-0.000,0.258,0.000,0.966),s="Running",v=Vector3.new(30.809,0.437,-49.450)},
        {t=0.470,cf=CFrame.new(-658.712,420.104,-643.327,0.962,-0.000,-0.272,0.000,1.000,-0.000,0.272,0.000,0.962),s="Running",v=Vector3.new(30.125,0.351,-48.351)},
        {t=0.475,cf=CFrame.new(-658.583,420.105,-643.538,0.959,-0.000,-0.285,0.000,1.000,-0.000,0.285,0.000,0.959),s="Running",v=Vector3.new(30.641,0.301,-49.178)},
        {t=0.481,cf=CFrame.new(-658.449,420.105,-643.759,0.954,-0.000,-0.298,0.000,1.000,-0.000,0.298,0.000,0.954),s="Running",v=Vector3.new(30.816,0.250,-49.356)},
        {t=0.486,cf=CFrame.new(-658.314,420.106,-643.979,0.951,-0.000,-0.311,0.000,1.000,-0.000,0.311,0.000,0.951),s="Running",v=Vector3.new(30.885,0.212,-49.385)},
        {t=0.490,cf=CFrame.new(-658.176,420.106,-644.203,0.947,-0.000,-0.322,0.000,1.000,-0.000,0.322,0.000,0.947),s="Running",v=Vector3.new(31.071,0.172,-49.286)},
        {t=0.495,cf=CFrame.new(-658.039,420.107,-644.424,0.943,-0.000,-0.332,0.000,1.000,-0.000,0.332,0.000,0.943),s="Running",v=Vector3.new(31.249,0.145,-49.177)},
        {t=0.500,cf=CFrame.new(-657.795,420.107,-644.813,0.939,-0.000,-0.345,0.000,1.000,-0.000,0.345,0.000,0.939),s="Running",v=Vector3.new(30.794,0.111,-47.927)},
        {t=0.505,cf=CFrame.new(-657.662,420.108,-645.023,0.935,-0.000,-0.354,0.000,1.000,-0.000,0.354,0.000,0.935),s="Running",v=Vector3.new(31.646,0.099,-48.536)},
        {t=0.510,cf=CFrame.new(-657.523,420.108,-645.239,0.931,-0.000,-0.365,0.000,1.000,-0.000,0.365,0.000,0.931),s="Running",v=Vector3.new(32.126,0.084,-48.511)},
        {t=0.515,cf=CFrame.new(-657.380,420.108,-645.459,0.927,-0.000,-0.376,0.000,1.000,-0.000,0.376,0.000,0.927),s="Running",v=Vector3.new(32.584,0.070,-48.278)},
        {t=0.520,cf=CFrame.new(-657.233,420.108,-645.681,0.922,-0.000,-0.387,0.000,1.000,-0.000,0.387,0.000,0.922),s="Running",v=Vector3.new(33.187,0.057,-47.882)},
        {t=0.525,cf=CFrame.new(-657.087,420.108,-645.895,0.918,-0.000,-0.397,0.000,1.000,-0.000,0.397,0.000,0.918),s="Running",v=Vector3.new(33.588,0.049,-47.607)},
        {t=0.531,cf=CFrame.new(-656.931,420.108,-646.120,0.912,-0.000,-0.410,0.000,1.000,-0.000,0.410,0.000,0.912),s="Running",v=Vector3.new(34.137,0.040,-47.215)},
        {t=0.536,cf=CFrame.new(-656.666,420.108,-646.490,0.908,-0.000,-0.420,0.000,1.000,-0.000,0.420,0.000,0.908),s="Running",v=Vector3.new(34.110,0.031,-45.619)},
        {t=0.541,cf=CFrame.new(-656.514,420.108,-646.698,0.902,-0.000,-0.431,0.000,1.000,-0.000,0.431,0.000,0.902),s="Running",v=Vector3.new(35.253,0.027,-45.978)},
        {t=0.546,cf=CFrame.new(-656.356,420.108,-646.909,0.897,-0.000,-0.442,0.000,1.000,-0.000,0.442,0.000,0.897),s="Running",v=Vector3.new(35.984,0.023,-45.719)},
        {t=0.552,cf=CFrame.new(-656.191,420.108,-647.124,0.891,-0.000,-0.454,0.000,1.000,-0.000,0.454,0.000,0.891),s="Running",v=Vector3.new(36.582,0.019,-45.321)},
        {t=0.556,cf=CFrame.new(-655.909,420.108,-647.478,0.886,-0.000,-0.463,0.000,1.000,-0.000,0.463,0.000,0.886),s="Running",v=Vector3.new(36.081,0.015,-44.074)},
        {t=0.564,cf=CFrame.new(-655.740,420.108,-647.691,0.879,-0.000,-0.477,0.000,1.000,-0.000,0.477,0.000,0.879),s="Running",v=Vector3.new(37.036,0.013,-44.556)},
        {t=0.570,cf=CFrame.new(-655.441,420.105,-648.056,0.872,-0.000,-0.490,0.000,1.000,-0.000,0.490,0.000,0.872),s="Running",v=Vector3.new(36.699,-0.194,-43.464)},
        {t=0.575,cf=CFrame.new(-655.275,420.105,-648.256,0.866,-0.000,-0.500,0.000,1.000,-0.000,0.500,0.000,0.866),s="Running",v=Vector3.new(37.636,-0.010,-44.028)},
        {t=0.580,cf=CFrame.new(-654.985,420.106,-648.600,0.861,-0.000,-0.509,0.000,1.000,-0.000,0.509,0.000,0.861),s="Running",v=Vector3.new(37.431,0.020,-42.821)},
        {t=0.585,cf=CFrame.new(-654.825,420.106,-648.787,0.855,-0.000,-0.518,0.000,1.000,-0.000,0.518,0.000,0.855),s="Running",v=Vector3.new(38.633,0.016,-43.143)},
        {t=0.589,cf=CFrame.new(-654.659,420.106,-648.976,0.850,-0.000,-0.526,0.000,1.000,-0.000,0.526,0.000,0.850),s="Running",v=Vector3.new(39.368,0.014,-42.829)},
        {t=0.594,cf=CFrame.new(-654.485,420.107,-649.169,0.845,-0.000,-0.535,0.000,1.000,-0.000,0.535,0.000,0.845),s="Running",v=Vector3.new(39.890,0.012,-42.438)},
        {t=0.600,cf=CFrame.new(-654.176,420.107,-649.502,0.839,-0.000,-0.544,0.000,1.000,-0.000,0.544,0.000,0.839),s="Running",v=Vector3.new(39.240,0.012,-41.289)},
        {t=0.605,cf=CFrame.new(-654.007,420.107,-649.684,0.834,-0.000,-0.551,0.000,1.000,-0.000,0.551,0.000,0.834),s="Running",v=Vector3.new(40.033,0.009,-41.887)},
        {t=0.609,cf=CFrame.new(-653.835,420.107,-649.867,0.830,-0.000,-0.558,0.000,1.000,-0.000,0.558,0.000,0.830),s="Running",v=Vector3.new(40.260,0.008,-42.009)},
        {t=0.614,cf=CFrame.new(-653.660,420.107,-650.054,0.825,-0.000,-0.565,0.000,1.000,-0.000,0.565,0.000,0.825),s="Running",v=Vector3.new(40.362,0.007,-41.996)},
        {t=0.618,cf=CFrame.new(-653.487,420.107,-650.237,0.821,-0.000,-0.571,0.000,1.000,-0.000,0.571,0.000,0.821),s="Running",v=Vector3.new(40.402,0.006,-41.979)},
        {t=0.623,cf=CFrame.new(-653.304,420.108,-650.430,0.817,-0.000,-0.577,0.000,1.000,-0.000,0.577,0.000,0.817),s="Running",v=Vector3.new(40.515,0.006,-41.875)},
        {t=0.628,cf=CFrame.new(-653.121,420.108,-650.623,0.812,-0.000,-0.583,0.000,1.000,-0.000,0.583,0.000,0.812),s="Running",v=Vector3.new(40.624,0.006,-41.770)},
        {t=0.633,cf=CFrame.new(-652.933,420.108,-650.819,0.808,-0.000,-0.590,0.000,1.000,-0.000,0.590,0.000,0.808),s="Running",v=Vector3.new(40.808,0.005,-41.591)},
        {t=0.638,cf=CFrame.new(-652.613,420.108,-651.149,0.803,-0.000,-0.596,0.000,1.000,-0.000,0.596,0.000,0.803),s="Running",v=Vector3.new(40.102,0.006,-40.462)},
        {t=0.643,cf=CFrame.new(-652.434,420.108,-651.332,0.798,-0.000,-0.602,0.000,1.000,-0.000,0.602,0.000,0.798),s="Running",v=Vector3.new(41.038,0.004,-40.904)},
        {t=0.648,cf=CFrame.new(-652.246,420.108,-651.523,0.793,-0.000,-0.609,0.000,1.000,-0.000,0.609,0.000,0.793),s="Running",v=Vector3.new(41.483,0.004,-40.801)},
        {t=0.653,cf=CFrame.new(-651.919,420.108,-651.848,0.788,-0.000,-0.615,0.000,1.000,-0.000,0.615,0.000,0.788),s="Running",v=Vector3.new(40.888,0.004,-39.638)},
        {t=0.658,cf=CFrame.new(-651.741,420.108,-652.025,0.784,-0.000,-0.621,0.000,1.000,-0.000,0.621,0.000,0.784),s="Running",v=Vector3.new(41.876,0.004,-40.038)},
        {t=0.664,cf=CFrame.new(-651.553,420.108,-652.207,0.779,-0.000,-0.626,0.000,1.000,-0.000,0.626,0.000,0.779),s="Running",v=Vector3.new(42.318,0.003,-39.932)},
        {t=0.670,cf=CFrame.new(-651.356,420.108,-652.398,0.773,-0.000,-0.634,0.000,1.000,-0.000,0.634,0.000,0.773),s="Running",v=Vector3.new(42.562,0.003,-39.763)},
        {t=0.674,cf=CFrame.new(-651.028,420.108,-652.707,0.769,-0.000,-0.639,0.000,1.000,-0.000,0.639,0.000,0.769),s="Running",v=Vector3.new(41.853,0.003,-38.639)},
        {t=0.679,cf=CFrame.new(-650.848,420.108,-652.876,0.765,-0.000,-0.644,0.000,1.000,-0.000,0.644,0.000,0.765),s="Running",v=Vector3.new(42.736,0.003,-39.125)},
        {t=0.684,cf=CFrame.new(-650.660,420.108,-653.052,0.760,-0.000,-0.649,0.000,1.000,-0.000,0.649,0.000,0.760),s="Running",v=Vector3.new(43.043,0.003,-39.152)},
        {t=0.689,cf=CFrame.new(-650.471,420.108,-653.227,0.756,-0.000,-0.654,0.000,1.000,-0.000,0.654,0.000,0.756),s="Running",v=Vector3.new(43.181,0.003,-39.092)},
        {t=0.694,cf=CFrame.new(-650.283,420.108,-653.400,0.753,-0.000,-0.659,0.000,1.000,-0.000,0.659,0.000,0.753),s="Running",v=Vector3.new(43.267,0.003,-39.019)},
        {t=0.699,cf=CFrame.new(-650.089,420.108,-653.578,0.748,-0.000,-0.663,0.000,1.000,-0.000,0.663,0.000,0.748),s="Running",v=Vector3.new(43.358,0.003,-38.923)},
        {t=0.704,cf=CFrame.new(-649.893,420.108,-653.757,0.745,-0.000,-0.668,0.000,1.000,-0.000,0.668,0.000,0.745),s="Running",v=Vector3.new(43.449,0.003,-38.823)},
        {t=0.708,cf=CFrame.new(-649.557,420.108,-654.060,0.741,-0.000,-0.671,0.000,1.000,-0.000,0.671,0.000,0.741),s="Running",v=Vector3.new(42.556,0.003,-37.873)},
        {t=0.713,cf=CFrame.new(-649.368,420.108,-654.230,0.737,-0.000,-0.675,0.000,1.000,-0.000,0.675,0.000,0.737),s="Running",v=Vector3.new(43.364,0.003,-38.430)},
        {t=0.718,cf=CFrame.new(-649.176,420.108,-654.403,0.734,-0.000,-0.679,0.000,1.000,-0.000,0.679,0.000,0.734),s="Running",v=Vector3.new(43.628,0.003,-38.500)},
        {t=0.723,cf=CFrame.new(-648.983,420.108,-654.575,0.731,-0.000,-0.683,0.000,1.000,-0.000,0.683,0.000,0.731),s="Running",v=Vector3.new(43.768,0.003,-38.434)},
        {t=0.728,cf=CFrame.new(-648.784,420.108,-654.752,0.727,-0.000,-0.687,0.000,1.000,-0.000,0.687,0.000,0.727),s="Running",v=Vector3.new(43.913,0.003,-38.290)},
        {t=0.733,cf=CFrame.new(-648.441,420.108,-655.055,0.723,-0.000,-0.691,0.000,1.000,-0.000,0.691,0.000,0.723),s="Running",v=Vector3.new(43.052,0.003,-37.307)},
        {t=0.737,cf=CFrame.new(-648.257,420.108,-655.216,0.720,-0.000,-0.694,0.000,1.000,-0.000,0.694,0.000,0.720),s="Running",v=Vector3.new(43.936,0.003,-37.774)},
        {t=0.742,cf=CFrame.new(-648.068,420.108,-655.381,0.716,-0.000,-0.698,0.000,1.000,-0.000,0.698,0.000,0.716),s="Running",v=Vector3.new(44.307,0.003,-37.716)},
        {t=0.747,cf=CFrame.new(-647.878,420.108,-655.545,0.713,-0.000,-0.701,0.000,1.000,-0.000,0.701,0.000,0.713),s="Running",v=Vector3.new(44.584,0.003,-37.481)},
        {t=0.751,cf=CFrame.new(-647.684,420.108,-655.709,0.709,-0.000,-0.705,0.000,1.000,-0.000,0.705,0.000,0.709),s="Running",v=Vector3.new(44.882,0.003,-37.148)},
        {t=0.757,cf=CFrame.new(-647.487,420.108,-655.875,0.705,-0.000,-0.709,0.000,1.000,-0.000,0.709,0.000,0.705),s="Running",v=Vector3.new(45.224,0.003,-36.734)},
        {t=0.761,cf=CFrame.new(-647.289,420.108,-656.038,0.700,-0.000,-0.714,0.000,1.000,-0.000,0.714,0.000,0.700),s="Running",v=Vector3.new(45.567,0.003,-36.309)},
        {t=0.766,cf=CFrame.new(-647.091,420.108,-656.198,0.696,-0.000,-0.718,0.000,1.000,-0.000,0.718,0.000,0.696),s="Running",v=Vector3.new(45.850,0.003,-35.952)},
        {t=0.771,cf=CFrame.new(-646.884,420.108,-656.363,0.692,-0.000,-0.722,0.000,1.000,-0.000,0.722,0.000,0.692),s="Running",v=Vector3.new(46.242,0.003,-35.447)},
        {t=0.775,cf=CFrame.new(-646.526,420.108,-656.640,0.688,-0.000,-0.726,0.000,1.000,-0.000,0.726,0.000,0.688),s="Running",v=Vector3.new(45.456,0.003,-34.337)},
        {t=0.780,cf=CFrame.new(-646.325,420.108,-656.794,0.684,-0.000,-0.730,0.000,1.000,-0.000,0.730,0.000,0.684),s="Running",v=Vector3.new(46.511,0.003,-34.553)},
        {t=0.784,cf=CFrame.new(-646.121,420.108,-656.948,0.680,-0.000,-0.734,0.000,1.000,-0.000,0.734,0.000,0.680),s="Running",v=Vector3.new(46.915,0.003,-34.416)},
        {t=0.789,cf=CFrame.new(-645.912,420.108,-657.104,0.675,-0.000,-0.738,0.000,1.000,-0.000,0.738,0.000,0.675),s="Running",v=Vector3.new(47.155,0.003,-34.191)},
        {t=0.793,cf=CFrame.new(-645.707,420.108,-657.255,0.671,-0.000,-0.741,0.000,1.000,-0.000,0.741,0.000,0.671),s="Running",v=Vector3.new(47.311,0.003,-34.001)},
        {t=0.798,cf=CFrame.new(-645.498,420.108,-657.407,0.667,-0.000,-0.745,0.000,1.000,-0.000,0.745,0.000,0.667),s="Running",v=Vector3.new(47.443,0.003,-33.824)},
        {t=0.803,cf=CFrame.new(-645.290,420.108,-657.559,0.663,-0.000,-0.749,0.000,1.000,-0.000,0.749,0.000,0.663),s="Running",v=Vector3.new(47.577,0.003,-33.637)},
        {t=0.807,cf=CFrame.new(-645.073,420.108,-657.715,0.659,-0.000,-0.752,0.000,1.000,-0.000,0.752,0.000,0.659),s="Running",v=Vector3.new(47.723,0.003,-33.431)},
        {t=0.812,cf=CFrame.new(-644.695,420.108,-657.982,0.655,-0.000,-0.756,0.000,1.000,-0.000,0.756,0.000,0.655),s="Running",v=Vector3.new(46.778,0.003,-32.515)},
        {t=0.829,cf=CFrame.new(-644.095,420.108,-658.406,0.641,-0.000,-0.768,0.000,1.000,-0.000,0.768,0.000,0.641),s="Running",v=Vector3.new(45.711,0.003,-31.200)},
        {t=0.851,cf=CFrame.new(-643.485,420.108,-658.830,0.623,-0.000,-0.782,0.000,1.000,-0.000,0.782,0.000,0.623),s="Running",v=Vector3.new(46.860,0.003,-31.092)},
        {t=0.868,cf=CFrame.new(-642.426,420.108,-659.539,0.610,-0.000,-0.792,0.000,1.000,-0.000,0.792,0.000,0.610),s="Running",v=Vector3.new(41.930,0.003,-27.173)},
        {t=0.876,cf=CFrame.new(-642.054,420.108,-659.783,0.606,-0.000,-0.796,0.000,1.000,-0.000,0.796,0.000,0.606),s="Running",v=Vector3.new(46.103,0.003,-29.796)},
        {t=0.884,cf=CFrame.new(-641.631,420.108,-660.060,0.601,-0.000,-0.800,0.000,1.000,-0.000,0.800,0.000,0.601),s="Running",v=Vector3.new(47.146,0.003,-30.452)},
        {t=0.892,cf=CFrame.new(-641.210,420.108,-660.336,0.596,-0.000,-0.803,0.000,1.000,-0.000,0.803,0.000,0.596),s="Running",v=Vector3.new(47.406,0.003,-30.616)},
        {t=0.900,cf=CFrame.new(-640.787,420.108,-660.612,0.592,-0.000,-0.806,0.000,1.000,-0.000,0.806,0.000,0.592),s="Running",v=Vector3.new(47.471,0.003,-30.657)},
        {t=0.909,cf=CFrame.new(-640.356,420.108,-660.893,0.588,-0.000,-0.809,0.000,1.000,-0.000,0.809,0.000,0.588),s="Running",v=Vector3.new(47.487,0.003,-30.667)},
        {t=0.915,cf=CFrame.new(-639.959,420.108,-661.151,0.585,-0.000,-0.811,0.000,1.000,-0.000,0.811,0.000,0.585),s="Running",v=Vector3.new(47.520,0.003,-30.626)},
        {t=0.923,cf=CFrame.new(-639.697,420.108,-661.322,0.582,-0.000,-0.813,0.000,1.000,-0.000,0.813,0.000,0.582),s="Running",v=Vector3.new(48.657,0.003,-31.262)},
        {t=0.930,cf=CFrame.new(-639.281,420.108,-661.592,0.579,-0.000,-0.815,0.000,1.000,-0.000,0.815,0.000,0.579),s="Running",v=Vector3.new(47.876,0.003,-30.675)},
        {t=0.937,cf=CFrame.new(-638.862,420.108,-661.862,0.576,-0.000,-0.817,0.000,1.000,-0.000,0.817,0.000,0.576),s="Running",v=Vector3.new(47.709,0.003,-30.485)},
        {t=0.944,cf=CFrame.new(-638.456,420.108,-662.123,0.574,-0.000,-0.819,0.000,1.000,-0.000,0.819,0.000,0.574),s="Running",v=Vector3.new(47.681,0.003,-30.416)},
        {t=0.951,cf=CFrame.new(-638.054,420.108,-662.382,0.571,-0.000,-0.821,0.000,1.000,-0.000,0.821,0.000,0.571),s="Running",v=Vector3.new(47.697,0.003,-30.362)},
        {t=0.958,cf=CFrame.new(-637.807,420.108,-662.541,0.569,-0.000,-0.823,0.000,1.000,-0.000,0.823,0.000,0.569),s="Running",v=Vector3.new(48.832,0.003,-30.992)},
        {t=0.962,cf=CFrame.new(-637.416,420.108,-662.790,0.567,-0.000,-0.824,0.000,1.000,-0.000,0.824,0.000,0.567),s="Running",v=Vector3.new(48.045,0.003,-30.411)},
        {t=0.968,cf=CFrame.new(-637.186,420.108,-662.937,0.565,-0.000,-0.825,0.000,1.000,-0.000,0.825,0.000,0.565),s="Running",v=Vector3.new(48.962,0.003,-30.936)},
        {t=0.973,cf=CFrame.new(-636.960,420.108,-663.080,0.564,-0.000,-0.826,0.000,1.000,-0.000,0.826,0.000,0.564),s="Running",v=Vector3.new(49.196,0.003,-31.059)},
        {t=0.978,cf=CFrame.new(-636.730,420.108,-663.227,0.562,-0.000,-0.827,0.000,1.000,-0.000,0.827,0.000,0.562),s="Running",v=Vector3.new(49.256,0.003,-31.088)},
        {t=0.983,cf=CFrame.new(-636.496,420.108,-663.376,0.561,-0.000,-0.828,0.000,1.000,-0.000,0.828,0.000,0.561),s="Running",v=Vector3.new(49.271,0.003,-31.094)},
        {t=0.989,cf=CFrame.new(-636.099,420.108,-663.627,0.559,-0.000,-0.829,0.000,1.000,-0.000,0.829,0.000,0.559),s="Running",v=Vector3.new(48.177,0.003,-30.402)},
        {t=0.994,cf=CFrame.new(-635.877,420.108,-663.768,0.558,-0.000,-0.830,0.000,1.000,-0.000,0.830,0.000,0.558),s="Running",v=Vector3.new(49.029,0.003,-30.880)},
        {t=1.000,cf=CFrame.new(-635.477,420.108,-664.021,0.557,-0.000,-0.831,0.000,1.000,-0.000,0.831,0.000,0.557),s="Running",v=Vector3.new(48.153,0.003,-30.290)},
        {t=1.005,cf=CFrame.new(-635.245,420.108,-664.168,0.555,-0.000,-0.832,0.000,1.000,-0.000,0.832,0.000,0.555),s="Running",v=Vector3.new(49.036,0.003,-30.830)},
        {t=1.011,cf=CFrame.new(-635.002,420.108,-664.322,0.554,-0.000,-0.833,0.000,1.000,-0.000,0.833,0.000,0.554),s="Running",v=Vector3.new(49.257,0.003,-30.965)},
        {t=1.016,cf=CFrame.new(-634.766,420.108,-664.471,0.553,-0.000,-0.833,0.000,1.000,-0.000,0.833,0.000,0.553),s="Running",v=Vector3.new(49.312,0.003,-30.999)},
        {t=1.021,cf=CFrame.new(-634.373,420.108,-664.719,0.552,-0.000,-0.834,0.000,1.000,-0.000,0.834,0.000,0.552),s="Running",v=Vector3.new(48.226,0.003,-30.316)},
        {t=1.026,cf=CFrame.new(-634.155,420.108,-664.857,0.551,-0.000,-0.835,0.000,1.000,-0.000,0.835,0.000,0.551),s="Running",v=Vector3.new(49.055,0.003,-30.836)},
        {t=1.031,cf=CFrame.new(-633.924,420.108,-665.003,0.550,-0.000,-0.835,0.000,1.000,-0.000,0.835,0.000,0.550),s="Running",v=Vector3.new(49.262,0.003,-30.966)},
        {t=1.036,cf=CFrame.new(-633.697,420.108,-665.146,0.549,-0.000,-0.836,0.000,1.000,-0.000,0.836,0.000,0.549),s="Running",v=Vector3.new(49.326,0.003,-30.980)},
        {t=1.041,cf=CFrame.new(-633.469,420.108,-665.290,0.548,-0.000,-0.836,0.000,1.000,-0.000,0.836,0.000,0.548),s="Running",v=Vector3.new(49.361,0.003,-30.952)},
        {t=1.046,cf=CFrame.new(-633.076,420.108,-665.537,0.547,-0.000,-0.837,0.000,1.000,-0.000,0.837,0.000,0.547),s="Running",v=Vector3.new(48.276,0.003,-30.244)},
        {t=1.052,cf=CFrame.new(-632.851,420.108,-665.679,0.546,-0.000,-0.838,0.000,1.000,-0.000,0.838,0.000,0.546),s="Running",v=Vector3.new(49.107,0.003,-30.755)},
        {t=1.058,cf=CFrame.new(-632.615,420.108,-665.828,0.546,-0.000,-0.838,0.000,1.000,-0.000,0.838,0.000,0.546),s="Running",v=Vector3.new(49.315,0.003,-30.882)},
        {t=1.064,cf=CFrame.new(-632.214,420.108,-666.079,0.545,-0.000,-0.839,0.000,1.000,-0.000,0.839,0.000,0.545),s="Running",v=Vector3.new(48.266,0.003,-30.224)},
        {t=1.070,cf=CFrame.new(-631.984,420.108,-666.224,0.544,-0.000,-0.839,0.000,1.000,-0.000,0.839,0.000,0.544),s="Running",v=Vector3.new(49.105,0.003,-30.749)},
        {t=1.084,cf=CFrame.new(-631.471,420.108,-666.546,0.542,-0.000,-0.840,0.000,1.000,-0.000,0.840,0.000,0.542),s="Running",v=Vector3.new(48.175,0.003,-30.253)},
        {t=1.104,cf=CFrame.new(-630.379,420.108,-667.234,0.541,-0.000,-0.841,0.000,1.000,-0.000,0.841,0.000,0.541),s="Running",v=Vector3.new(42.399,0.003,-26.741)},
        {t=1.110,cf=CFrame.new(-630.157,420.108,-667.375,0.540,-0.000,-0.841,0.000,1.000,-0.000,0.841,0.000,0.540),s="Running",v=Vector3.new(47.557,0.003,-30.007)},
        {t=1.116,cf=CFrame.new(-629.922,420.108,-667.523,0.540,-0.000,-0.842,0.000,1.000,-0.000,0.842,0.000,0.540),s="Running",v=Vector3.new(48.847,0.003,-30.824)},
        {t=1.122,cf=CFrame.new(-629.511,420.108,-667.783,0.540,-0.000,-0.842,0.000,1.000,-0.000,0.842,0.000,0.540),s="Running",v=Vector3.new(48.070,0.003,-30.335)},
        {t=1.129,cf=CFrame.new(-629.257,420.108,-667.944,0.539,-0.000,-0.842,0.000,1.000,-0.000,0.842,0.000,0.539),s="Running",v=Vector3.new(48.975,0.003,-30.906)},
        {t=1.136,cf=CFrame.new(-628.830,420.108,-668.214,0.539,-0.000,-0.842,0.000,1.000,-0.000,0.842,0.000,0.539),s="Running",v=Vector3.new(48.103,0.003,-30.355)},
        {t=1.144,cf=CFrame.new(-628.411,420.108,-668.478,0.538,-0.000,-0.843,0.000,1.000,-0.000,0.843,0.000,0.538),s="Running",v=Vector3.new(47.884,0.003,-30.217)},
        {t=1.151,cf=CFrame.new(-627.991,420.108,-668.744,0.538,-0.000,-0.843,0.000,1.000,-0.000,0.843,0.000,0.538),s="Running",v=Vector3.new(47.867,0.003,-30.124)},
        {t=1.158,cf=CFrame.new(-627.745,420.108,-668.899,0.538,-0.000,-0.843,0.000,1.000,-0.000,0.843,0.000,0.538),s="Running",v=Vector3.new(48.964,0.003,-30.790)},
        {t=1.165,cf=CFrame.new(-627.320,420.108,-669.166,0.537,-0.000,-0.843,0.000,1.000,-0.000,0.843,0.000,0.537),s="Running",v=Vector3.new(48.146,0.003,-30.253)},
        {t=1.175,cf=CFrame.new(-626.869,420.108,-669.450,0.537,-0.000,-0.844,0.000,1.000,-0.000,0.844,0.000,0.537),s="Running",v=Vector3.new(47.972,0.003,-30.070)},
        {t=1.181,cf=CFrame.new(-626.462,420.108,-669.705,0.536,-0.000,-0.844,0.000,1.000,-0.000,0.844,0.000,0.536),s="Running",v=Vector3.new(47.931,0.003,-30.020)},
        {t=1.193,cf=CFrame.new(-625.970,420.108,-670.014,0.535,-0.000,-0.845,0.000,1.000,-0.000,0.845,0.000,0.535),s="Running",v=Vector3.new(47.951,0.003,-29.960)},
        {t=1.200,cf=CFrame.new(-625.550,420.108,-670.277,0.535,-0.000,-0.845,0.000,1.000,-0.000,0.845,0.000,0.535),s="Running",v=Vector3.new(47.963,0.003,-29.932)},
        {t=1.206,cf=CFrame.new(-625.150,420.108,-670.527,0.535,-0.000,-0.845,0.000,1.000,-0.000,0.845,0.000,0.535),s="Running",v=Vector3.new(47.976,0.003,-29.910)},
        {t=1.213,cf=CFrame.new(-624.907,420.108,-670.679,0.534,-0.000,-0.845,0.000,1.000,-0.000,0.845,0.000,0.534),s="Running",v=Vector3.new(49.106,0.003,-30.553)},
        {t=1.231,cf=CFrame.new(-624.181,420.108,-671.131,0.532,-0.000,-0.847,0.000,1.000,-0.000,0.847,0.000,0.532),s="Running",v=Vector3.new(47.248,0.003,-29.235)},
        {t=1.238,cf=CFrame.new(-623.646,420.108,-671.463,0.532,-0.000,-0.847,0.000,1.000,-0.000,0.847,0.000,0.532),s="Running",v=Vector3.new(46.829,0.003,-28.831)},
        {t=1.243,cf=CFrame.new(-623.272,420.108,-671.693,0.531,-0.000,-0.847,0.000,1.000,-0.000,0.847,0.000,0.531),s="Running",v=Vector3.new(47.871,0.003,-29.346)},
        {t=1.249,cf=CFrame.new(-623.031,420.108,-671.841,0.530,-0.000,-0.848,0.000,1.000,-0.000,0.848,0.000,0.530),s="Running",v=Vector3.new(49.283,0.003,-30.082)},
        {t=1.254,cf=CFrame.new(-622.791,420.108,-671.988,0.530,-0.000,-0.848,0.000,1.000,-0.000,0.848,0.000,0.530),s="Running",v=Vector3.new(49.655,0.003,-30.234)},
        {t=1.259,cf=CFrame.new(-622.392,420.108,-672.231,0.529,-0.000,-0.849,0.000,1.000,-0.000,0.849,0.000,0.529),s="Running",v=Vector3.new(48.670,0.003,-29.545)},
        {t=1.266,cf=CFrame.new(-622.154,420.108,-672.376,0.528,-0.000,-0.849,0.000,1.000,-0.000,0.849,0.000,0.528),s="Running",v=Vector3.new(49.583,0.003,-29.966)},
        {t=1.272,cf=CFrame.new(-621.900,420.108,-672.530,0.527,-0.000,-0.850,0.000,1.000,-0.000,0.850,0.000,0.527),s="Running",v=Vector3.new(49.842,0.003,-30.020)},
        {t=1.277,cf=CFrame.new(-621.490,420.108,-672.778,0.527,-0.000,-0.850,0.000,1.000,-0.000,0.850,0.000,0.527),s="Running",v=Vector3.new(48.831,0.003,-29.301)},
        {t=1.283,cf=CFrame.new(-621.244,420.108,-672.926,0.526,-0.000,-0.851,0.000,1.000,-0.000,0.851,0.000,0.526),s="Running",v=Vector3.new(49.718,0.003,-29.748)},
        {t=1.289,cf=CFrame.new(-620.834,420.108,-673.172,0.525,-0.000,-0.851,0.000,1.000,-0.000,0.851,0.000,0.525),s="Running",v=Vector3.new(48.865,0.003,-29.125)},
        {t=1.294,cf=CFrame.new(-620.598,420.108,-673.314,0.524,-0.000,-0.852,0.000,1.000,-0.000,0.852,0.000,0.524),s="Running",v=Vector3.new(49.799,0.003,-29.582)},
        {t=1.301,cf=CFrame.new(-620.188,420.108,-673.558,0.523,-0.000,-0.852,0.000,1.000,-0.000,0.852,0.000,0.523),s="Running",v=Vector3.new(48.951,0.003,-28.972)},
        {t=1.306,cf=CFrame.new(-619.954,420.108,-673.698,0.522,-0.000,-0.853,0.000,1.000,-0.000,0.853,0.000,0.522),s="Running",v=Vector3.new(49.874,0.003,-29.452)},
        {t=1.312,cf=CFrame.new(-619.554,420.108,-673.935,0.521,-0.000,-0.853,0.000,1.000,-0.000,0.853,0.000,0.521),s="Running",v=Vector3.new(49.012,0.003,-28.869)},
        {t=1.318,cf=CFrame.new(-619.320,420.108,-674.073,0.520,-0.000,-0.854,0.000,1.000,-0.000,0.854,0.000,0.520),s="Running",v=Vector3.new(49.946,0.003,-29.331)},
        {t=1.324,cf=CFrame.new(-619.071,420.108,-674.220,0.519,-0.000,-0.855,0.000,1.000,-0.000,0.855,0.000,0.519),s="Running",v=Vector3.new(50.230,0.003,-29.360)},
        {t=1.330,cf=CFrame.new(-618.651,420.108,-674.466,0.518,-0.000,-0.855,0.000,1.000,-0.000,0.855,0.000,0.518),s="Running",v=Vector3.new(49.266,0.003,-28.563)},
        {t=1.336,cf=CFrame.new(-618.413,420.108,-674.605,0.517,-0.000,-0.856,0.000,1.000,-0.000,0.856,0.000,0.517),s="Running",v=Vector3.new(50.196,0.003,-28.934)},
        {t=1.341,cf=CFrame.new(-618.007,420.108,-674.840,0.515,-0.000,-0.857,0.000,1.000,-0.000,0.857,0.000,0.515),s="Running",v=Vector3.new(49.370,0.003,-28.260)},
        {t=1.347,cf=CFrame.new(-617.774,420.108,-674.974,0.514,-0.000,-0.858,0.000,1.000,-0.000,0.858,0.000,0.514),s="Running",v=Vector3.new(50.354,0.003,-28.626)},
        {t=1.352,cf=CFrame.new(-617.539,420.108,-675.109,0.512,-0.000,-0.859,0.000,1.000,-0.000,0.859,0.000,0.512),s="Running",v=Vector3.new(50.721,0.003,-28.503)},
        {t=1.358,cf=CFrame.new(-617.129,420.108,-675.340,0.510,-0.000,-0.860,0.000,1.000,-0.000,0.860,0.000,0.510),s="Running",v=Vector3.new(49.809,0.003,-27.604)},
        {t=1.364,cf=CFrame.new(-616.901,420.108,-675.468,0.508,-0.000,-0.861,0.000,1.000,-0.000,0.861,0.000,0.508),s="Running",v=Vector3.new(50.864,0.003,-27.740)},
        {t=1.369,cf=CFrame.new(-616.503,420.108,-675.686,0.506,-0.000,-0.863,0.000,1.000,-0.000,0.863,0.000,0.506),s="Running",v=Vector3.new(50.097,0.003,-26.948)},
        {t=1.374,cf=CFrame.new(-616.272,420.108,-675.811,0.503,-0.000,-0.864,0.000,1.000,-0.000,0.864,0.000,0.503),s="Running",v=Vector3.new(51.184,0.003,-27.113)},
        {t=1.380,cf=CFrame.new(-616.031,420.108,-675.940,0.501,-0.000,-0.865,0.000,1.000,-0.000,0.865,0.000,0.501),s="Running",v=Vector3.new(51.588,0.003,-26.900)},
        {t=1.385,cf=CFrame.new(-615.791,420.108,-676.067,0.499,-0.000,-0.867,0.000,1.000,-0.000,0.867,0.000,0.499),s="Running",v=Vector3.new(51.743,0.003,-26.743)},
        {t=1.391,cf=CFrame.new(-615.546,420.108,-676.195,0.496,-0.000,-0.868,0.000,1.000,-0.000,0.868,0.000,0.496),s="Running",v=Vector3.new(51.842,0.003,-26.587)},
        {t=1.397,cf=CFrame.new(-615.285,420.108,-676.331,0.493,-0.000,-0.870,0.000,1.000,-0.000,0.870,0.000,0.493),s="Running",v=Vector3.new(51.951,0.003,-26.383)},
        {t=1.402,cf=CFrame.new(-614.857,420.108,-676.550,0.491,-0.000,-0.871,0.000,1.000,-0.000,0.871,0.000,0.491),s="Running",v=Vector3.new(50.874,0.003,-25.637)},
        {t=1.408,cf=CFrame.new(-614.607,420.108,-676.677,0.488,-0.000,-0.873,0.000,1.000,-0.000,0.873,0.000,0.488),s="Running",v=Vector3.new(51.806,0.003,-25.952)},
