-- CFrame Auto Walk Recording
-- Total Frames: 6513
-- Recorded HipHeight: 5.058475494384766

return {
    hipHeight = 5.058475494384766,
    frames = {
        {t=0.006,cf=CFrame.new(2661.372,1068.608,-1367.945,0.061,0.000,-0.998,0.000,1.000,0.000,0.998,0.000,0.061),s="Running",v=Vector3.new(0.000,0.010,0.000)},
        {t=0.010,cf=CFrame.new(2661.372,1068.608,-1367.945,0.061,0.000,-0.998,0.000,1.000,0.000,0.998,0.000,0.061),s="Running",v=Vector3.new(0.000,0.010,0.000)},
        {t=0.014,cf=CFrame.new(2661.372,1068.608,-1367.945,0.061,0.000,-0.998,0.000,1.000,0.000,0.998,0.000,0.061),s="Running",v=Vector3.new(0.000,0.010,0.000)},
        {t=0.016,cf=CFrame.new(2661.372,1068.608,-1367.945,0.061,0.000,-0.998,0.000,1.000,0.000,0.998,0.000,0.061),s="Running",v=Vector3.new(0.000,0.010,0.000)},
        {t=0.021,cf=CFrame.new(2661.372,1068.608,-1367.945,0.061,0.000,-0.998,0.000,1.000,0.000,0.998,0.000,0.061),s="Running",v=Vector3.new(0.000,0.010,0.000)},
        {t=0.025,cf=CFrame.new(2661.372,1068.608,-1367.945,0.061,0.000,-0.998,0.000,1.000,0.000,0.998,0.000,0.061),s="Running",v=Vector3.new(0.000,0.010,0.000)},
        {t=0.030,cf=CFrame.new(2661.372,1068.608,-1367.945,0.061,0.000,-0.998,0.000,1.000,0.000,0.998,0.000,0.061),s="Running",v=Vector3.new(0.000,0.010,0.000)},
        {t=0.035,cf=CFrame.new(2661.372,1068.608,-1367.945,0.061,0.000,-0.998,0.000,1.000,0.000,0.998,0.000,0.061),s="Running",v=Vector3.new(0.000,0.010,0.000)},
        {t=0.037,cf=CFrame.new(2661.372,1068.608,-1367.945,0.061,0.000,-0.998,0.000,1.000,0.000,0.998,0.000,0.061),s="Running",v=Vector3.new(0.000,0.010,0.000)},
        {t=0.042,cf=CFrame.new(2661.372,1068.608,-1367.945,0.061,0.000,-0.998,0.000,1.000,0.000,0.998,0.000,0.061),s="Running",v=Vector3.new(0.000,0.010,0.000)},
        {t=0.054,cf=CFrame.new(2661.372,1068.608,-1367.945,0.061,0.000,-0.998,0.000,1.000,0.000,0.998,0.000,0.061),s="Running",v=Vector3.new(0.000,0.010,0.000)},
        {t=0.058,cf=CFrame.new(2661.372,1068.608,-1367.945,0.061,0.000,-0.998,0.000,1.000,0.000,0.998,0.000,0.061),s="Running",v=Vector3.new(0.000,0.010,0.000)},
        {t=0.062,cf=CFrame.new(2661.372,1068.608,-1367.945,0.061,0.000,-0.998,0.000,1.000,0.000,0.998,0.000,0.061),s="Running",v=Vector3.new(0.000,0.010,0.000)},
        {t=0.065,cf=CFrame.new(2661.372,1068.608,-1367.945,0.061,0.000,-0.998,0.000,1.000,0.000,0.998,0.000,0.061),s="Running",v=Vector3.new(0.000,0.010,0.000)},
        {t=0.068,cf=CFrame.new(2661.372,1068.608,-1367.945,0.061,0.000,-0.998,0.000,1.000,0.000,0.998,0.000,0.061),s="Running",v=Vector3.new(0.000,0.010,0.000)},
        {t=0.071,cf=CFrame.new(2661.372,1068.608,-1367.945,0.061,0.000,-0.998,0.000,1.000,0.000,0.998,0.000,0.061),s="Running",v=Vector3.new(0.000,0.010,0.000)},
        {t=0.075,cf=CFrame.new(2661.372,1068.608,-1367.945,0.061,0.000,-0.998,0.000,1.000,0.000,0.998,0.000,0.061),s="Running",v=Vector3.new(0.000,0.010,0.000)},
        {t=0.081,cf=CFrame.new(2661.372,1068.608,-1367.945,0.061,0.000,-0.998,0.000,1.000,0.000,0.998,0.000,0.061),s="Running",v=Vector3.new(0.000,0.010,0.000)},
        {t=0.083,cf=CFrame.new(2661.372,1068.608,-1367.945,0.061,0.000,-0.998,0.000,1.000,0.000,0.998,0.000,0.061),s="Running",v=Vector3.new(0.000,0.010,0.000)},
        {t=0.088,cf=CFrame.new(2661.372,1068.608,-1367.945,0.061,0.000,-0.998,0.000,1.000,0.000,0.998,0.000,0.061),s="Running",v=Vector3.new(0.000,0.010,0.000)},
        {t=0.092,cf=CFrame.new(2661.372,1068.608,-1367.945,0.061,0.000,-0.998,0.000,1.000,0.000,0.998,0.000,0.061),s="Running",v=Vector3.new(0.000,0.010,0.000)},
        {t=0.097,cf=CFrame.new(2661.372,1068.608,-1367.945,0.061,0.000,-0.998,0.000,1.000,0.000,0.998,0.000,0.061),s="Running",v=Vector3.new(0.000,0.010,0.000)},
        {t=0.100,cf=CFrame.new(2661.372,1068.608,-1367.945,0.061,0.000,-0.998,0.000,1.000,0.000,0.998,0.000,0.061),s="Running",v=Vector3.new(0.000,0.010,0.000)},
        {t=0.105,cf=CFrame.new(2661.372,1068.608,-1367.945,0.061,0.000,-0.998,0.000,1.000,0.000,0.998,0.000,0.061),s="Running",v=Vector3.new(0.000,0.010,0.000)},
        {t=0.108,cf=CFrame.new(2661.372,1068.608,-1367.945,0.061,0.000,-0.998,0.000,1.000,0.000,0.998,0.000,0.061),s="Running",v=Vector3.new(0.000,0.010,0.000)},
        {t=0.112,cf=CFrame.new(2661.372,1068.608,-1367.945,0.061,0.000,-0.998,0.000,1.000,0.000,0.998,0.000,0.061),s="Running",v=Vector3.new(0.000,0.010,0.000)},
        {t=0.118,cf=CFrame.new(2661.372,1068.608,-1367.945,0.061,0.000,-0.998,0.000,1.000,0.000,0.998,0.000,0.061),s="Running",v=Vector3.new(0.000,0.010,0.000)},
        {t=0.121,cf=CFrame.new(2661.372,1068.608,-1367.945,0.061,0.000,-0.998,0.000,1.000,0.000,0.998,0.000,0.061),s="Running",v=Vector3.new(0.000,0.010,0.000)},
        {t=0.125,cf=CFrame.new(2661.372,1068.608,-1367.945,0.061,0.000,-0.998,0.000,1.000,0.000,0.998,0.000,0.061),s="Running",v=Vector3.new(0.000,0.010,0.000)},
        {t=0.130,cf=CFrame.new(2661.372,1068.608,-1367.945,0.061,0.000,-0.998,0.000,1.000,0.000,0.998,0.000,0.061),s="Running",v=Vector3.new(0.000,0.010,0.000)},
        {t=0.134,cf=CFrame.new(2661.372,1068.608,-1367.945,0.061,0.000,-0.998,0.000,1.000,0.000,0.998,0.000,0.061),s="Running",v=Vector3.new(0.000,0.010,0.000)},
        {t=0.138,cf=CFrame.new(2661.372,1068.608,-1367.945,0.061,0.000,-0.998,0.000,1.000,0.000,0.998,0.000,0.061),s="Running",v=Vector3.new(0.000,0.010,0.000)},
        {t=0.142,cf=CFrame.new(2661.372,1068.608,-1367.945,0.061,0.000,-0.998,0.000,1.000,0.000,0.998,0.000,0.061),s="Running",v=Vector3.new(0.000,0.010,0.000)},
        {t=0.147,cf=CFrame.new(2661.372,1068.608,-1367.945,0.061,0.000,-0.998,0.000,1.000,0.000,0.998,0.000,0.061),s="Running",v=Vector3.new(0.000,0.010,0.000)},
        {t=0.151,cf=CFrame.new(2661.372,1068.608,-1367.945,0.061,0.000,-0.998,0.000,1.000,0.000,0.998,0.000,0.061),s="Running",v=Vector3.new(0.000,0.010,0.000)},
        {t=0.154,cf=CFrame.new(2661.372,1068.608,-1367.945,0.061,0.000,-0.998,0.000,1.000,0.000,0.998,0.000,0.061),s="Running",v=Vector3.new(0.000,0.010,0.000)},
        {t=0.158,cf=CFrame.new(2661.372,1068.608,-1367.945,0.061,0.000,-0.998,0.000,1.000,0.000,0.998,0.000,0.061),s="Running",v=Vector3.new(0.000,0.010,0.000)},
        {t=0.163,cf=CFrame.new(2661.372,1068.608,-1367.945,0.061,0.000,-0.998,0.000,1.000,0.000,0.998,0.000,0.061),s="Running",v=Vector3.new(0.000,0.010,0.000)},
        {t=0.167,cf=CFrame.new(2661.372,1068.608,-1367.945,0.061,0.000,-0.998,0.000,1.000,0.000,0.998,0.000,0.061),s="Running",v=Vector3.new(0.000,0.010,0.000)},
        {t=0.171,cf=CFrame.new(2661.372,1068.608,-1367.945,0.061,0.000,-0.998,0.000,1.000,0.000,0.998,0.000,0.061),s="Running",v=Vector3.new(0.000,0.010,0.000)},
        {t=0.175,cf=CFrame.new(2661.372,1068.608,-1367.945,0.061,0.000,-0.998,0.000,1.000,0.000,0.998,0.000,0.061),s="Running",v=Vector3.new(0.000,0.010,0.000)},
        {t=0.180,cf=CFrame.new(2661.372,1068.608,-1367.945,0.061,0.000,-0.998,0.000,1.000,0.000,0.998,0.000,0.061),s="Running",v=Vector3.new(0.000,0.010,0.000)},
        {t=0.184,cf=CFrame.new(2661.372,1068.608,-1367.945,0.061,0.000,-0.998,0.000,1.000,0.000,0.998,0.000,0.061),s="Running",v=Vector3.new(0.000,0.010,0.000)},
        {t=0.188,cf=CFrame.new(2661.372,1068.608,-1367.945,0.061,0.000,-0.998,0.000,1.000,0.000,0.998,0.000,0.061),s="Running",v=Vector3.new(0.000,0.010,0.000)},
        {t=0.192,cf=CFrame.new(2661.372,1068.608,-1367.945,0.061,0.000,-0.998,0.000,1.000,0.000,0.998,0.000,0.061),s="Running",v=Vector3.new(0.000,0.010,0.000)},
        {t=0.196,cf=CFrame.new(2661.372,1068.608,-1367.945,0.061,0.000,-0.998,0.000,1.000,0.000,0.998,0.000,0.061),s="Running",v=Vector3.new(0.000,0.010,0.000)},
        {t=0.201,cf=CFrame.new(2661.372,1068.608,-1367.945,0.061,-0.000,-0.998,0.000,1.000,-0.000,0.998,0.000,0.061),s="Running",v=Vector3.new(3.371,0.010,-0.212)},
        {t=0.206,cf=CFrame.new(2661.377,1068.608,-1367.946,0.061,-0.000,-0.998,0.000,1.000,-0.000,0.998,0.000,0.061),s="Running",v=Vector3.new(4.074,0.010,-0.255)},
        {t=0.211,cf=CFrame.new(2661.391,1068.608,-1367.947,0.061,-0.000,-0.998,0.000,1.000,-0.000,0.998,0.000,0.061),s="Running",v=Vector3.new(11.313,0.010,-0.696)},
        {t=0.215,cf=CFrame.new(2661.426,1068.608,-1367.949,0.061,-0.000,-0.998,0.000,1.000,-0.000,0.998,0.000,0.061),s="Running",v=Vector3.new(16.286,0.010,-1.000)},
        {t=0.220,cf=CFrame.new(2661.483,1068.608,-1367.952,0.061,-0.000,-0.998,0.000,1.000,-0.000,0.998,0.000,0.061),s="Running",v=Vector3.new(21.119,0.010,-1.291)},
        {t=0.224,cf=CFrame.new(2661.563,1068.608,-1367.957,0.061,-0.000,-0.998,0.000,1.000,-0.000,0.998,0.000,0.061),s="Running",v=Vector3.new(25.895,0.010,-1.571)},
        {t=0.228,cf=CFrame.new(2661.665,1068.608,-1367.963,0.061,-0.000,-0.998,0.000,1.000,-0.000,0.998,0.000,0.061),s="Running",v=Vector3.new(30.616,0.010,-1.847)},
        {t=0.233,cf=CFrame.new(2661.785,1068.608,-1367.970,0.061,-0.000,-0.998,0.000,1.000,-0.000,0.998,0.000,0.061),s="Running",v=Vector3.new(33.503,0.010,-2.015)},
        {t=0.237,cf=CFrame.new(2661.918,1068.608,-1367.979,0.061,-0.000,-0.998,0.000,1.000,-0.000,0.998,0.000,0.061),s="Running",v=Vector3.new(37.374,0.010,-2.240)},
        {t=0.241,cf=CFrame.new(2662.067,1068.608,-1367.987,0.061,-0.000,-0.998,0.000,1.000,-0.000,0.998,0.000,0.061),s="Running",v=Vector3.new(41.552,0.010,-2.483)},
        {t=0.246,cf=CFrame.new(2662.237,1068.608,-1367.998,0.060,-0.000,-0.998,0.000,1.000,-0.000,0.998,0.000,0.060),s="Running",v=Vector3.new(46.239,0.010,-2.756)},
        {t=0.251,cf=CFrame.new(2662.438,1068.608,-1368.010,0.060,-0.000,-0.998,0.000,1.000,-0.000,0.998,0.000,0.060),s="Running",v=Vector3.new(51.783,0.010,-3.079)},
        {t=0.256,cf=CFrame.new(2662.667,1068.608,-1368.023,0.060,-0.000,-0.998,0.000,1.000,-0.000,0.998,0.000,0.060),s="Running",v=Vector3.new(56.146,0.010,-3.332)},
        {t=0.260,cf=CFrame.new(2662.909,1068.608,-1368.038,0.060,-0.000,-0.998,0.000,1.000,-0.000,0.998,0.000,0.060),s="Running",v=Vector3.new(57.621,0.010,-3.418)},
        {t=0.264,cf=CFrame.new(2663.353,1068.608,-1368.064,0.060,-0.000,-0.998,0.000,1.000,-0.000,0.998,0.000,0.060),s="Running",v=Vector3.new(56.990,0.010,-3.380)},
        {t=0.269,cf=CFrame.new(2663.589,1068.608,-1368.078,0.060,-0.000,-0.998,0.000,1.000,-0.000,0.998,0.000,0.060),s="Running",v=Vector3.new(57.993,-0.610,-3.440)},
        {t=0.273,cf=CFrame.new(2663.831,1068.606,-1368.092,0.060,-0.000,-0.998,0.000,1.000,-0.000,0.998,0.000,0.060),s="Running",v=Vector3.new(58.276,-1.604,-3.456)},
        {t=0.278,cf=CFrame.new(2664.078,1068.595,-1368.107,0.060,-0.000,-0.998,0.000,1.000,-0.000,0.998,0.000,0.060),s="Running",v=Vector3.new(58.361,-2.761,-3.461)},
        {t=0.282,cf=CFrame.new(2664.327,1068.579,-1368.122,0.060,-0.000,-0.998,0.000,1.000,-0.000,0.998,0.000,0.060),s="Running",v=Vector3.new(58.385,-4.435,-3.463)},
        {t=0.286,cf=CFrame.new(2664.571,1068.557,-1368.136,0.060,-0.000,-0.998,0.000,1.000,-0.000,0.998,0.000,0.060),s="Running",v=Vector3.new(58.393,-5.710,-3.463)},
        {t=0.290,cf=CFrame.new(2664.808,1068.529,-1368.150,0.060,-0.000,-0.998,0.000,1.000,-0.000,0.998,0.000,0.060),s="Running",v=Vector3.new(58.114,-6.808,-3.447)},
        {t=0.294,cf=CFrame.new(2665.048,1068.496,-1368.165,0.060,-0.000,-0.998,0.000,1.000,-0.000,0.998,0.000,0.060),s="Running",v=Vector3.new(58.045,-8.427,-3.443)},
        {t=0.299,cf=CFrame.new(2665.294,1068.456,-1368.179,0.060,-0.000,-0.998,0.000,1.000,-0.000,0.998,0.000,0.060),s="Running",v=Vector3.new(58.027,-9.865,-3.441)},
        {t=0.303,cf=CFrame.new(2665.539,1068.410,-1368.194,0.060,-0.000,-0.998,0.000,1.000,-0.000,0.998,0.000,0.060),s="Running",v=Vector3.new(58.023,-2.671,-3.441)},
        {t=0.307,cf=CFrame.new(2665.780,1068.386,-1368.208,0.060,-0.000,-0.998,0.000,1.000,-0.000,0.998,0.000,0.060),s="Running",v=Vector3.new(58.022,-1.303,-3.441)},
        {t=0.312,cf=CFrame.new(2666.022,1068.365,-1368.222,0.060,-0.000,-0.998,0.000,1.000,-0.000,0.998,0.000,0.060),s="Running",v=Vector3.new(58.022,-1.044,-3.441)},
        {t=0.315,cf=CFrame.new(2666.265,1068.344,-1368.237,0.060,-0.000,-0.998,0.000,1.000,-0.000,0.998,0.000,0.060),s="Running",v=Vector3.new(58.022,-0.944,-3.441)},
        {t=0.320,cf=CFrame.new(2666.506,1068.323,-1368.251,0.060,-0.000,-0.998,0.000,1.000,-0.000,0.998,0.000,0.060),s="Running",v=Vector3.new(58.022,-11.223,-3.441)},
        {t=0.324,cf=CFrame.new(2666.754,1068.266,-1368.266,0.060,-0.000,-0.998,0.000,1.000,-0.000,0.998,0.000,0.060),s="Running",v=Vector3.new(58.022,-10.930,-3.441)},
        {t=0.329,cf=CFrame.new(2667.000,1068.210,-1368.280,0.060,-0.000,-0.998,0.000,1.000,-0.000,0.998,0.000,0.060),s="Running",v=Vector3.new(58.022,-9.522,-3.441)},
        {t=0.333,cf=CFrame.new(2667.246,1068.163,-1368.295,0.060,-0.000,-0.998,0.000,1.000,-0.000,0.998,0.000,0.060),s="Running",v=Vector3.new(58.022,-5.410,-3.441)},
        {t=0.337,cf=CFrame.new(2667.494,1068.133,-1368.310,0.060,-0.000,-0.998,0.000,1.000,-0.000,0.998,0.000,0.060),s="Running",v=Vector3.new(58.022,-2.128,-3.441)},
        {t=0.341,cf=CFrame.new(2667.739,1068.118,-1368.324,0.060,-0.000,-0.998,0.000,1.000,-0.000,0.998,0.000,0.060),s="Running",v=Vector3.new(58.022,-0.829,-3.441)},
        {t=0.345,cf=CFrame.new(2667.982,1068.108,-1368.339,0.060,-0.000,-0.998,0.000,1.000,-0.000,0.998,0.000,0.060),s="Running",v=Vector3.new(58.022,0.125,-3.441)},
        {t=0.350,cf=CFrame.new(2668.227,1068.106,-1368.353,0.060,-0.000,-0.998,0.000,1.000,-0.000,0.998,0.000,0.060),s="Running",v=Vector3.new(58.022,0.860,-3.441)},
        {t=0.354,cf=CFrame.new(2668.469,1068.107,-1368.367,0.060,-0.000,-0.998,0.000,1.000,-0.000,0.998,0.000,0.060),s="Running",v=Vector3.new(58.022,1.088,-3.441)},
        {t=0.358,cf=CFrame.new(2668.720,1068.107,-1368.382,0.060,-0.000,-0.998,0.000,1.000,-0.000,0.998,0.000,0.060),s="Running",v=Vector3.new(58.022,1.109,-3.441)},
        {t=0.362,cf=CFrame.new(2668.966,1068.108,-1368.397,0.060,-0.000,-0.998,0.000,1.000,-0.000,0.998,0.000,0.060),s="Running",v=Vector3.new(58.022,1.086,-3.441)},
        {t=0.367,cf=CFrame.new(2669.217,1068.109,-1368.412,0.060,-0.000,-0.998,0.000,1.000,-0.000,0.998,0.000,0.060),s="Running",v=Vector3.new(58.022,0.962,-3.441)},
        {t=0.371,cf=CFrame.new(2669.465,1068.109,-1368.426,0.060,-0.000,-0.998,0.000,1.000,-0.000,0.998,0.000,0.060),s="Running",v=Vector3.new(58.022,0.802,-3.441)},
        {t=0.376,cf=CFrame.new(2669.913,1068.104,-1368.453,0.059,-0.000,-0.998,0.000,1.000,-0.000,0.998,0.000,0.059),s="Running",v=Vector3.new(56.617,0.422,-3.358)},
        {t=0.379,cf=CFrame.new(2669.936,1068.104,-1368.454,0.059,-0.000,-0.998,0.000,1.000,-0.000,0.998,0.000,0.059),s="Running",v=Vector3.new(59.076,0.705,-3.490)},
        {t=0.383,cf=CFrame.new(2670.191,1068.105,-1368.469,0.059,-0.000,-0.998,0.000,1.000,-0.000,0.998,0.000,0.059),s="Running",v=Vector3.new(58.289,0.606,-3.392)},
        {t=0.389,cf=CFrame.new(2670.453,1068.106,-1368.485,0.059,-0.000,-0.998,0.000,1.000,-0.000,0.998,0.000,0.059),s="Running",v=Vector3.new(58.094,0.527,-3.333)},
        {t=0.392,cf=CFrame.new(2670.701,1068.107,-1368.499,0.059,-0.000,-0.998,0.000,1.000,-0.000,0.998,0.000,0.059),s="Running",v=Vector3.new(58.048,0.441,-3.273)},
        {t=0.397,cf=CFrame.new(2670.949,1068.107,-1368.513,0.059,-0.000,-0.998,0.000,1.000,-0.000,0.998,0.000,0.059),s="Running",v=Vector3.new(58.036,0.408,-3.256)},
        {t=0.401,cf=CFrame.new(2671.201,1068.108,-1368.527,0.059,-0.000,-0.998,0.000,1.000,-0.000,0.998,0.000,0.059),s="Running",v=Vector3.new(58.035,0.347,-3.225)},
        {t=0.405,cf=CFrame.new(2671.449,1068.109,-1368.541,0.059,-0.000,-0.998,0.000,1.000,-0.000,0.998,0.000,0.059),s="Running",v=Vector3.new(58.037,0.290,-3.176)},
        {t=0.409,cf=CFrame.new(2671.702,1068.109,-1368.555,0.058,-0.000,-0.998,0.000,1.000,-0.000,0.998,0.000,0.058),s="Running",v=Vector3.new(58.038,0.242,-3.151)},
        {t=0.430,cf=CFrame.new(2672.646,1068.105,-1368.605,0.055,-0.000,-0.998,0.000,1.000,-0.000,0.998,0.000,0.055),s="Running",v=Vector3.new(53.842,0.105,-2.516)},
        {t=0.445,cf=CFrame.new(2673.585,1068.107,-1368.648,0.051,-0.000,-0.999,0.000,1.000,-0.000,0.999,0.000,0.051),s="Running",v=Vector3.new(51.406,0.075,-1.793)},
        {t=0.471,cf=CFrame.new(2674.736,1068.108,-1368.682,0.037,-0.000,-0.999,0.000,1.000,-0.000,0.999,0.000,0.037),s="Running",v=Vector3.new(50.818,0.031,-0.056)},
        {t=0.481,cf=CFrame.new(2675.379,1068.108,-1368.685,0.030,-0.000,-1.000,0.000,1.000,-0.000,1.000,0.000,0.030),s="Running",v=Vector3.new(53.472,0.022,0.878)},
        {t=0.489,cf=CFrame.new(2675.871,1068.108,-1368.680,0.024,-0.000,-1.000,0.000,1.000,-0.000,1.000,0.000,0.024),s="Running",v=Vector3.new(55.533,0.015,1.535)},
        {t=0.498,cf=CFrame.new(2676.381,1068.108,-1368.669,0.018,-0.000,-1.000,0.000,1.000,-0.000,1.000,0.000,0.018),s="Running",v=Vector3.new(56.023,0.011,2.319)},
        {t=0.504,cf=CFrame.new(2676.856,1068.108,-1368.653,0.013,-0.000,-1.000,0.000,1.000,-0.000,1.000,0.000,0.013),s="Running",v=Vector3.new(56.126,0.011,2.899)},
        {t=0.511,cf=CFrame.new(2677.341,1068.108,-1368.632,0.007,-0.000,-1.000,0.000,1.000,-0.000,1.000,0.000,0.007),s="Running",v=Vector3.new(56.127,0.010,3.465)},
        {t=0.517,cf=CFrame.new(2677.622,1068.108,-1368.617,0.002,-0.000,-1.000,0.000,1.000,-0.000,1.000,0.000,0.002),s="Running",v=Vector3.new(57.494,0.010,4.215)},
        {t=0.521,cf=CFrame.new(2677.895,1068.108,-1368.600,-0.002,-0.000,-1.000,0.000,1.000,-0.000,1.000,0.000,-0.002),s="Running",v=Vector3.new(57.821,0.010,4.597)},
        {t=0.525,cf=CFrame.new(2678.161,1068.108,-1368.582,-0.006,-0.000,-1.000,0.000,1.000,-0.000,1.000,0.000,-0.006),s="Running",v=Vector3.new(57.867,0.010,5.097)},
        {t=0.530,cf=CFrame.new(2678.452,1068.108,-1368.560,-0.011,-0.000,-1.000,0.000,1.000,-0.000,1.000,0.000,-0.011),s="Running",v=Vector3.new(57.854,0.010,5.492)},
        {t=0.535,cf=CFrame.new(2678.723,1068.108,-1368.538,-0.016,-0.000,-1.000,0.000,1.000,-0.000,1.000,0.000,-0.016),s="Running",v=Vector3.new(57.828,0.010,5.811)},
        {t=0.539,cf=CFrame.new(2678.991,1068.108,-1368.514,-0.020,-0.000,-1.000,0.000,1.000,-0.000,1.000,0.000,-0.020),s="Running",v=Vector3.new(57.790,0.010,6.189)},
        {t=0.543,cf=CFrame.new(2679.255,1068.108,-1368.489,-0.024,-0.000,-1.000,0.000,1.000,-0.000,1.000,0.000,-0.024),s="Running",v=Vector3.new(57.750,0.010,6.558)},
        {t=0.548,cf=CFrame.new(2679.538,1068.108,-1368.461,-0.029,-0.000,-1.000,0.000,1.000,-0.000,1.000,0.000,-0.029),s="Running",v=Vector3.new(57.698,0.010,7.006)},
        {t=0.552,cf=CFrame.new(2679.805,1068.108,-1368.432,-0.033,-0.000,-0.999,0.000,1.000,-0.000,0.999,0.000,-0.033),s="Running",v=Vector3.new(57.678,0.010,7.172)},
        {t=0.555,cf=CFrame.new(2680.059,1068.108,-1368.403,-0.037,-0.000,-0.999,0.000,1.000,-0.000,0.999,0.000,-0.037),s="Running",v=Vector3.new(57.666,0.010,7.270)},
        {t=0.560,cf=CFrame.new(2680.318,1068.108,-1368.374,-0.041,-0.000,-0.999,0.000,1.000,-0.000,0.999,0.000,-0.041),s="Running",v=Vector3.new(57.617,0.010,7.647)},
        {t=0.564,cf=CFrame.new(2680.586,1068.108,-1368.342,-0.046,-0.000,-0.999,0.000,1.000,-0.000,0.999,0.000,-0.046),s="Running",v=Vector3.new(57.557,0.010,8.084)},
        {t=0.568,cf=CFrame.new(2680.848,1068.108,-1368.309,-0.051,-0.000,-0.999,0.000,1.000,-0.000,0.999,0.000,-0.051),s="Running",v=Vector3.new(57.511,0.010,8.403)},
        {t=0.572,cf=CFrame.new(2681.105,1068.108,-1368.274,-0.054,-0.000,-0.999,0.000,1.000,-0.000,0.999,0.000,-0.054),s="Running",v=Vector3.new(57.474,0.010,8.660)},
        {t=0.576,cf=CFrame.new(2681.369,1068.108,-1368.238,-0.058,-0.000,-0.998,0.000,1.000,-0.000,0.998,0.000,-0.058),s="Running",v=Vector3.new(57.438,0.010,8.898)},
        {t=0.581,cf=CFrame.new(2681.828,1068.108,-1368.172,-0.064,-0.000,-0.998,0.000,1.000,-0.000,0.998,0.000,-0.064),s="Running",v=Vector3.new(56.029,0.010,8.798)},
        {t=0.586,cf=CFrame.new(2682.077,1068.108,-1368.136,-0.068,-0.000,-0.998,0.000,1.000,-0.000,0.998,0.000,-0.068),s="Running",v=Vector3.new(57.035,0.010,9.189)},
        {t=0.590,cf=CFrame.new(2682.328,1068.108,-1368.099,-0.073,-0.000,-0.997,0.000,1.000,-0.000,0.997,0.000,-0.073),s="Running",v=Vector3.new(57.256,0.010,9.476)},
        {t=0.594,cf=CFrame.new(2682.577,1068.108,-1368.061,-0.076,-0.000,-0.997,0.000,1.000,-0.000,0.997,0.000,-0.076),s="Running",v=Vector3.new(57.284,0.010,9.708)},
        {t=0.598,cf=CFrame.new(2682.831,1068.108,-1368.021,-0.081,-0.000,-0.997,0.000,1.000,-0.000,0.997,0.000,-0.081),s="Running",v=Vector3.new(57.272,0.010,9.879)},
        {t=0.602,cf=CFrame.new(2683.091,1068.108,-1367.980,-0.085,-0.000,-0.996,0.000,1.000,-0.000,0.996,0.000,-0.085),s="Running",v=Vector3.new(57.262,0.010,9.963)},
        {t=0.606,cf=CFrame.new(2683.342,1068.108,-1367.939,-0.088,-0.000,-0.996,0.000,1.000,-0.000,0.996,0.000,-0.088),s="Running",v=Vector3.new(57.258,0.010,9.993)},
        {t=0.612,cf=CFrame.new(2683.598,1068.108,-1367.898,-0.092,-0.000,-0.996,0.000,1.000,-0.000,0.996,0.000,-0.092),s="Running",v=Vector3.new(57.249,0.010,10.045)},
        {t=0.616,cf=CFrame.new(2683.865,1068.108,-1367.855,-0.096,-0.000,-0.995,0.000,1.000,-0.000,0.995,0.000,-0.096),s="Running",v=Vector3.new(57.242,0.010,10.086)},
        {t=0.621,cf=CFrame.new(2684.120,1068.108,-1367.813,-0.099,-0.000,-0.995,0.000,1.000,-0.000,0.995,0.000,-0.099),s="Running",v=Vector3.new(57.239,0.010,10.100)},
        {t=0.626,cf=CFrame.new(2684.383,1068.108,-1367.770,-0.103,-0.000,-0.995,0.000,1.000,-0.000,0.995,0.000,-0.103),s="Running",v=Vector3.new(57.238,0.010,10.106)},
        {t=0.630,cf=CFrame.new(2684.636,1068.108,-1367.728,-0.106,-0.000,-0.994,0.000,1.000,-0.000,0.994,0.000,-0.106),s="Running",v=Vector3.new(57.238,0.010,10.108)},
        {t=0.633,cf=CFrame.new(2684.885,1068.108,-1367.686,-0.108,-0.000,-0.994,0.000,1.000,-0.000,0.994,0.000,-0.108),s="Running",v=Vector3.new(57.238,0.010,10.109)},
        {t=0.638,cf=CFrame.new(2685.150,1068.108,-1367.642,-0.112,-0.000,-0.994,0.000,1.000,-0.000,0.994,0.000,-0.112),s="Running",v=Vector3.new(57.238,0.010,10.109)},
        {t=0.642,cf=CFrame.new(2685.399,1068.108,-1367.599,-0.114,-0.000,-0.994,0.000,1.000,-0.000,0.994,0.000,-0.114),s="Running",v=Vector3.new(57.238,0.010,10.110)},
        {t=0.647,cf=CFrame.new(2685.846,1068.108,-1367.523,-0.117,-0.000,-0.993,0.000,1.000,-0.000,0.993,0.000,-0.117),s="Running",v=Vector3.new(55.852,0.010,9.865)},
        {t=0.651,cf=CFrame.new(2686.082,1068.108,-1367.484,-0.119,-0.000,-0.993,0.000,1.000,-0.000,0.993,0.000,-0.119),s="Running",v=Vector3.new(56.891,0.010,10.048)},
        {t=0.654,cf=CFrame.new(2686.107,1068.108,-1367.480,-0.120,-0.000,-0.993,0.000,1.000,-0.000,0.993,0.000,-0.120),s="Running",v=Vector3.new(58.537,0.010,10.339)},
        {t=0.659,cf=CFrame.new(2686.385,1068.108,-1367.434,-0.123,-0.000,-0.992,0.000,1.000,-0.000,0.992,0.000,-0.123),s="Running",v=Vector3.new(57.562,0.010,10.167)},
        {t=0.662,cf=CFrame.new(2686.632,1068.108,-1367.392,-0.125,-0.000,-0.992,0.000,1.000,-0.000,0.992,0.000,-0.125),s="Running",v=Vector3.new(57.317,0.010,10.133)},
        {t=0.667,cf=CFrame.new(2686.889,1068.108,-1367.348,-0.127,-0.000,-0.992,0.000,1.000,-0.000,0.992,0.000,-0.127),s="Running",v=Vector3.new(57.248,0.010,10.170)},
        {t=0.670,cf=CFrame.new(2687.131,1068.108,-1367.307,-0.129,-0.000,-0.992,0.000,1.000,-0.000,0.992,0.000,-0.129),s="Running",v=Vector3.new(57.229,0.010,10.189)},
        {t=0.675,cf=CFrame.new(2687.385,1068.108,-1367.263,-0.131,-0.000,-0.991,0.000,1.000,-0.000,0.991,0.000,-0.131),s="Running",v=Vector3.new(57.223,0.010,10.201)},
        {t=0.680,cf=CFrame.new(2687.646,1068.108,-1367.219,-0.133,-0.000,-0.991,0.000,1.000,-0.000,0.991,0.000,-0.133),s="Running",v=Vector3.new(57.221,0.010,10.207)},
        {t=0.684,cf=CFrame.new(2687.900,1068.108,-1367.175,-0.135,-0.000,-0.991,0.000,1.000,-0.000,0.991,0.000,-0.135),s="Running",v=Vector3.new(57.220,0.010,10.209)},
        {t=0.689,cf=CFrame.new(2688.344,1068.108,-1367.097,-0.137,-0.000,-0.991,0.000,1.000,-0.000,0.991,0.000,-0.137),s="Running",v=Vector3.new(55.834,0.010,9.962)},
        {t=0.692,cf=CFrame.new(2688.367,1068.108,-1367.094,-0.138,-0.000,-0.990,0.000,1.000,-0.000,0.990,0.000,-0.138),s="Running",v=Vector3.new(58.259,0.010,10.395)},
        {t=0.698,cf=CFrame.new(2688.641,1068.108,-1367.047,-0.140,-0.000,-0.990,0.000,1.000,-0.000,0.990,0.000,-0.140),s="Running",v=Vector3.new(57.480,0.010,10.256)},
        {t=0.703,cf=CFrame.new(2688.898,1068.108,-1367.003,-0.142,-0.000,-0.990,0.000,1.000,-0.000,0.990,0.000,-0.142),s="Running",v=Vector3.new(57.285,0.010,10.221)},
        {t=0.708,cf=CFrame.new(2689.351,1068.108,-1366.924,-0.143,-0.000,-0.990,0.000,1.000,-0.000,0.990,0.000,-0.143),s="Running",v=Vector3.new(55.851,0.010,9.965)},
        {t=0.712,cf=CFrame.new(2689.593,1068.108,-1366.882,-0.145,-0.000,-0.989,0.000,1.000,-0.000,0.989,0.000,-0.145),s="Running",v=Vector3.new(56.877,0.010,10.148)},
        {t=0.716,cf=CFrame.new(2689.841,1068.108,-1366.839,-0.146,-0.000,-0.989,0.000,1.000,-0.000,0.989,0.000,-0.146),s="Running",v=Vector3.new(57.134,0.010,10.194)},
        {t=0.719,cf=CFrame.new(2689.868,1068.108,-1366.834,-0.147,-0.000,-0.989,0.000,1.000,-0.000,0.989,0.000,-0.147),s="Running",v=Vector3.new(58.584,0.010,10.453)},
        {t=0.722,cf=CFrame.new(2690.125,1068.108,-1366.789,-0.148,-0.000,-0.989,0.000,1.000,-0.000,0.989,0.000,-0.148),s="Running",v=Vector3.new(57.561,0.010,10.270)},
        {t=0.725,cf=CFrame.new(2690.369,1068.108,-1366.746,-0.149,-0.000,-0.989,0.000,1.000,-0.000,0.989,0.000,-0.149),s="Running",v=Vector3.new(57.305,0.010,10.225)},
        {t=0.729,cf=CFrame.new(2690.624,1068.108,-1366.702,-0.150,-0.000,-0.989,0.000,1.000,-0.000,0.989,0.000,-0.150),s="Running",v=Vector3.new(57.241,0.010,10.213)},
        {t=0.734,cf=CFrame.new(2690.879,1068.108,-1366.657,-0.151,-0.000,-0.989,0.000,1.000,-0.000,0.989,0.000,-0.151),s="Running",v=Vector3.new(57.225,0.010,10.211)},
        {t=0.737,cf=CFrame.new(2691.118,1068.108,-1366.615,-0.152,-0.000,-0.988,0.000,1.000,-0.000,0.988,0.000,-0.152),s="Running",v=Vector3.new(57.221,0.010,10.210)},
        {t=0.743,cf=CFrame.new(2691.389,1068.108,-1366.568,-0.153,-0.000,-0.988,0.000,1.000,-0.000,0.988,0.000,-0.153),s="Running",v=Vector3.new(57.220,0.010,10.210)},
        {t=0.747,cf=CFrame.new(2691.641,1068.108,-1366.524,-0.154,-0.000,-0.988,0.000,1.000,-0.000,0.988,0.000,-0.154),s="Running",v=Vector3.new(57.220,0.010,10.210)},
        {t=0.750,cf=CFrame.new(2691.888,1068.108,-1366.480,-0.155,-0.000,-0.988,0.000,1.000,-0.000,0.988,0.000,-0.155),s="Running",v=Vector3.new(57.220,0.010,10.210)},
        {t=0.755,cf=CFrame.new(2692.140,1068.108,-1366.436,-0.156,-0.000,-0.988,0.000,1.000,-0.000,0.988,0.000,-0.156),s="Running",v=Vector3.new(57.220,0.010,10.210)},
        {t=0.758,cf=CFrame.new(2692.379,1068.108,-1366.394,-0.156,-0.000,-0.988,0.000,1.000,-0.000,0.988,0.000,-0.156),s="Running",v=Vector3.new(57.220,0.010,10.210)},
        {t=0.763,cf=CFrame.new(2692.632,1068.108,-1366.350,-0.157,-0.000,-0.988,0.000,1.000,-0.000,0.988,0.000,-0.157),s="Running",v=Vector3.new(57.220,0.010,10.210)},
        {t=0.767,cf=CFrame.new(2692.879,1068.108,-1366.306,-0.158,-0.000,-0.987,0.000,1.000,-0.000,0.987,0.000,-0.158),s="Running",v=Vector3.new(57.220,0.010,10.210)},
        {t=0.771,cf=CFrame.new(2693.130,1068.108,-1366.262,-0.159,-0.000,-0.987,0.000,1.000,-0.000,0.987,0.000,-0.159),s="Running",v=Vector3.new(57.220,0.010,10.210)},
        {t=0.776,cf=CFrame.new(2693.381,1068.108,-1366.218,-0.159,-0.000,-0.987,0.000,1.000,-0.000,0.987,0.000,-0.159),s="Running",v=Vector3.new(57.220,0.010,10.210)},
        {t=0.781,cf=CFrame.new(2693.640,1068.108,-1366.172,-0.160,-0.000,-0.987,0.000,1.000,-0.000,0.987,0.000,-0.160),s="Running",v=Vector3.new(57.220,0.010,10.210)},
        {t=0.786,cf=CFrame.new(2694.085,1068.108,-1366.094,-0.161,-0.000,-0.987,0.000,1.000,-0.000,0.987,0.000,-0.161),s="Running",v=Vector3.new(55.834,0.010,9.962)},
        {t=0.790,cf=CFrame.new(2694.325,1068.108,-1366.051,-0.162,-0.000,-0.987,0.000,1.000,-0.000,0.987,0.000,-0.162),s="Running",v=Vector3.new(56.873,0.010,10.148)},
        {t=0.795,cf=CFrame.new(2694.583,1068.108,-1366.006,-0.162,-0.000,-0.987,0.000,1.000,-0.000,0.987,0.000,-0.162),s="Running",v=Vector3.new(57.133,0.010,10.194)},
        {t=0.800,cf=CFrame.new(2694.833,1068.108,-1365.962,-0.163,-0.000,-0.987,0.000,1.000,-0.000,0.987,0.000,-0.163),s="Running",v=Vector3.new(57.198,0.010,10.206)},
        {t=0.804,cf=CFrame.new(2695.082,1068.108,-1365.918,-0.163,-0.000,-0.987,0.000,1.000,-0.000,0.987,0.000,-0.163),s="Running",v=Vector3.new(57.214,0.010,10.209)},
        {t=0.808,cf=CFrame.new(2695.329,1068.108,-1365.874,-0.164,-0.000,-0.986,0.000,1.000,-0.000,0.986,0.000,-0.164),s="Running",v=Vector3.new(57.220,0.010,10.202)},
        {t=0.813,cf=CFrame.new(2695.767,1068.108,-1365.796,-0.164,-0.000,-0.986,0.000,1.000,-0.000,0.986,0.000,-0.164),s="Running",v=Vector3.new(55.843,0.010,9.909)},
        {t=0.817,cf=CFrame.new(2695.791,1068.108,-1365.792,-0.165,-0.000,-0.986,0.000,1.000,-0.000,0.986,0.000,-0.165),s="Running",v=Vector3.new(58.273,0.010,10.315)},
        {t=0.821,cf=CFrame.new(2696.043,1068.108,-1365.748,-0.165,-0.000,-0.986,0.000,1.000,-0.000,0.986,0.000,-0.165),s="Running",v=Vector3.new(57.505,0.010,10.112)},
        {t=0.827,cf=CFrame.new(2696.493,1068.108,-1365.670,-0.165,-0.000,-0.986,0.000,1.000,-0.000,0.986,0.000,-0.165),s="Running",v=Vector3.new(55.941,0.010,9.739)},
        {t=0.831,cf=CFrame.new(2696.734,1068.108,-1365.628,-0.165,-0.000,-0.986,0.000,1.000,-0.000,0.986,0.000,-0.165),s="Running",v=Vector3.new(56.943,0.010,9.844)},
        {t=0.835,cf=CFrame.new(2696.975,1068.108,-1365.587,-0.165,-0.000,-0.986,0.000,1.000,-0.000,0.986,0.000,-0.165),s="Running",v=Vector3.new(57.203,0.010,9.819)},
        {t=0.840,cf=CFrame.new(2697.220,1068.108,-1365.545,-0.165,-0.000,-0.986,0.000,1.000,-0.000,0.986,0.000,-0.165),s="Running",v=Vector3.new(57.276,0.010,9.765)},
        {t=0.843,cf=CFrame.new(2697.461,1068.108,-1365.504,-0.165,-0.000,-0.986,0.000,1.000,-0.000,0.986,0.000,-0.165),s="Running",v=Vector3.new(57.308,0.010,9.669)},
        {t=0.848,cf=CFrame.new(2697.708,1068.108,-1365.462,-0.165,-0.000,-0.986,0.000,1.000,-0.000,0.986,0.000,-0.165),s="Running",v=Vector3.new(57.335,0.010,9.532)},
        {t=0.852,cf=CFrame.new(2697.949,1068.108,-1365.422,-0.165,-0.000,-0.986,0.000,1.000,-0.000,0.986,0.000,-0.165),s="Running",v=Vector3.new(57.350,0.010,9.447)},
        {t=0.856,cf=CFrame.new(2698.192,1068.108,-1365.383,-0.164,-0.000,-0.986,0.000,1.000,-0.000,0.986,0.000,-0.164),s="Running",v=Vector3.new(57.365,0.010,9.358)},
        {t=0.859,cf=CFrame.new(2698.215,1068.108,-1365.379,-0.164,-0.000,-0.986,0.000,1.000,-0.000,0.986,0.000,-0.164),s="Running",v=Vector3.new(58.765,0.010,9.516)},
        {t=0.864,cf=CFrame.new(2698.478,1068.108,-1365.336,-0.164,-0.000,-0.987,0.000,1.000,-0.000,0.987,0.000,-0.164),s="Running",v=Vector3.new(57.750,0.010,9.183)},
        {t=0.868,cf=CFrame.new(2698.729,1068.108,-1365.297,-0.163,-0.000,-0.987,0.000,1.000,-0.000,0.987,0.000,-0.163),s="Running",v=Vector3.new(57.511,0.010,9.003)},
        {t=0.872,cf=CFrame.new(2698.987,1068.108,-1365.256,-0.162,-0.000,-0.987,0.000,1.000,-0.000,0.987,0.000,-0.162),s="Running",v=Vector3.new(57.475,0.010,8.804)},
        {t=0.876,cf=CFrame.new(2699.232,1068.108,-1365.219,-0.162,-0.000,-0.987,0.000,1.000,-0.000,0.987,0.000,-0.162),s="Running",v=Vector3.new(57.467,0.010,8.747)},
        {t=0.880,cf=CFrame.new(2699.668,1068.108,-1365.152,-0.161,-0.000,-0.987,0.000,1.000,-0.000,0.987,0.000,-0.161),s="Running",v=Vector3.new(56.096,0.010,8.374)},
        {t=0.885,cf=CFrame.new(2699.910,1068.108,-1365.116,-0.160,-0.000,-0.987,0.000,1.000,-0.000,0.987,0.000,-0.160),s="Running",v=Vector3.new(57.171,0.010,8.307)},
        {t=0.890,cf=CFrame.new(2700.153,1068.108,-1365.080,-0.159,-0.000,-0.987,0.000,1.000,-0.000,0.987,0.000,-0.159),s="Running",v=Vector3.new(57.457,0.010,8.173)},
        {t=0.894,cf=CFrame.new(2700.403,1068.108,-1365.044,-0.157,-0.000,-0.988,0.000,1.000,-0.000,0.988,0.000,-0.157),s="Running",v=Vector3.new(57.552,0.010,7.970)},
        {t=0.899,cf=CFrame.new(2700.659,1068.108,-1365.009,-0.156,-0.000,-0.988,0.000,1.000,-0.000,0.988,0.000,-0.156),s="Running",v=Vector3.new(57.599,0.010,7.742)},
        {t=0.904,cf=CFrame.new(2700.912,1068.108,-1364.974,-0.154,-0.000,-0.988,0.000,1.000,-0.000,0.988,0.000,-0.154),s="Running",v=Vector3.new(57.634,0.010,7.512)},
        {t=0.911,cf=CFrame.new(2701.386,1068.108,-1364.912,-0.152,-0.000,-0.988,0.000,1.000,-0.000,0.988,0.000,-0.152),s="Running",v=Vector3.new(56.273,0.010,7.068)},
        {t=0.916,cf=CFrame.new(2701.653,1068.108,-1364.878,-0.150,-0.000,-0.989,0.000,1.000,-0.000,0.989,0.000,-0.150),s="Running",v=Vector3.new(57.347,0.010,6.992)},
        {t=0.921,cf=CFrame.new(2701.915,1068.108,-1364.846,-0.148,-0.000,-0.989,0.000,1.000,-0.000,0.989,0.000,-0.148),s="Running",v=Vector3.new(57.634,0.010,6.810)},
        {t=0.925,cf=CFrame.new(2702.168,1068.108,-1364.815,-0.147,-0.000,-0.989,0.000,1.000,-0.000,0.989,0.000,-0.147),s="Running",v=Vector3.new(57.722,0.010,6.622)},
        {t=0.930,cf=CFrame.new(2702.438,1068.108,-1364.784,-0.145,-0.000,-0.989,0.000,1.000,-0.000,0.989,0.000,-0.145),s="Running",v=Vector3.new(57.765,0.010,6.389)},
        {t=0.934,cf=CFrame.new(2702.703,1068.108,-1364.754,-0.143,-0.000,-0.990,0.000,1.000,-0.000,0.990,0.000,-0.143),s="Running",v=Vector3.new(57.792,0.010,6.179)},
        {t=0.939,cf=CFrame.new(2702.963,1068.108,-1364.725,-0.140,-0.000,-0.990,0.000,1.000,-0.000,0.990,0.000,-0.140),s="Running",v=Vector3.new(57.815,0.010,5.967)},
        {t=0.943,cf=CFrame.new(2703.214,1068.108,-1364.698,-0.139,-0.000,-0.990,0.000,1.000,-0.000,0.990,0.000,-0.139),s="Running",v=Vector3.new(57.842,0.010,5.703)},
        {t=0.947,cf=CFrame.new(2703.473,1068.108,-1364.672,-0.136,-0.000,-0.991,0.000,1.000,-0.000,0.991,0.000,-0.136),s="Running",v=Vector3.new(57.870,0.010,5.411)},
        {t=0.951,cf=CFrame.new(2703.726,1068.108,-1364.647,-0.134,-0.000,-0.991,0.000,1.000,-0.000,0.991,0.000,-0.134),s="Running",v=Vector3.new(57.894,0.010,5.153)},
        {t=0.956,cf=CFrame.new(2703.988,1068.108,-1364.623,-0.131,-0.000,-0.991,0.000,1.000,-0.000,0.991,0.000,-0.131),s="Running",v=Vector3.new(57.918,0.010,4.864)},
        {t=0.961,cf=CFrame.new(2704.430,1068.108,-1364.584,-0.128,-0.000,-0.992,0.000,1.000,-0.000,0.992,0.000,-0.128),s="Running",v=Vector3.new(56.537,0.010,4.494)},
        {t=0.966,cf=CFrame.new(2704.670,1068.108,-1364.564,-0.125,-0.000,-0.992,0.000,1.000,-0.000,0.992,0.000,-0.125),s="Running",v=Vector3.new(57.608,0.010,4.324)},
        {t=0.970,cf=CFrame.new(2704.917,1068.108,-1364.545,-0.122,-0.000,-0.993,0.000,1.000,-0.000,0.993,0.000,-0.122),s="Running",v=Vector3.new(57.898,0.010,3.972)},
        {t=0.974,cf=CFrame.new(2705.165,1068.108,-1364.527,-0.119,-0.000,-0.993,0.000,1.000,-0.000,0.993,0.000,-0.119),s="Running",v=Vector3.new(57.986,0.010,3.641)},
        {t=0.980,cf=CFrame.new(2705.442,1068.108,-1364.508,-0.115,-0.000,-0.993,0.000,1.000,-0.000,0.993,0.000,-0.115),s="Running",v=Vector3.new(58.034,0.010,3.090)},
        {t=0.984,cf=CFrame.new(2705.701,1068.108,-1364.493,-0.113,-0.000,-0.994,0.000,1.000,-0.000,0.994,0.000,-0.113),s="Running",v=Vector3.new(58.050,0.010,2.881)},
        {t=0.988,cf=CFrame.new(2705.962,1068.108,-1364.479,-0.109,-0.000,-0.994,0.000,1.000,-0.000,0.994,0.000,-0.109),s="Running",v=Vector3.new(58.060,0.010,2.706)},
        {t=0.993,cf=CFrame.new(2706.229,1068.108,-1364.465,-0.106,-0.000,-0.994,0.000,1.000,-0.000,0.994,0.000,-0.106),s="Running",v=Vector3.new(58.071,0.010,2.446)},
        {t=0.998,cf=CFrame.new(2706.688,1068.108,-1364.444,-0.102,-0.000,-0.995,0.000,1.000,-0.000,0.995,0.000,-0.102),s="Running",v=Vector3.new(56.673,0.010,2.184)},
        {t=1.003,cf=CFrame.new(2706.944,1068.108,-1364.432,-0.099,-0.000,-0.995,0.000,1.000,-0.000,0.995,0.000,-0.099),s="Running",v=Vector3.new(57.735,0.010,2.034)},
        {t=1.008,cf=CFrame.new(2707.198,1068.108,-1364.422,-0.096,-0.000,-0.995,0.000,1.000,-0.000,0.995,0.000,-0.096),s="Running",v=Vector3.new(58.003,0.010,1.925)},
        {t=1.012,cf=CFrame.new(2707.453,1068.108,-1364.412,-0.093,-0.000,-0.996,0.000,1.000,-0.000,0.996,0.000,-0.093),s="Running",v=Vector3.new(58.071,0.010,1.873)},
        {t=1.016,cf=CFrame.new(2707.705,1068.108,-1364.402,-0.091,-0.000,-0.996,0.000,1.000,-0.000,0.996,0.000,-0.091),s="Running",v=Vector3.new(58.089,0.010,1.832)},
        {t=1.020,cf=CFrame.new(2707.964,1068.108,-1364.393,-0.088,-0.000,-0.996,0.000,1.000,-0.000,0.996,0.000,-0.088),s="Running",v=Vector3.new(58.095,0.010,1.777)},
        {t=1.024,cf=CFrame.new(2708.211,1068.108,-1364.384,-0.086,-0.000,-0.996,0.000,1.000,-0.000,0.996,0.000,-0.086),s="Running",v=Vector3.new(58.097,0.010,1.756)},
        {t=1.029,cf=CFrame.new(2708.466,1068.108,-1364.375,-0.083,-0.000,-0.997,0.000,1.000,-0.000,0.997,0.000,-0.083),s="Running",v=Vector3.new(58.097,0.010,1.745)},
        {t=1.033,cf=CFrame.new(2708.718,1068.108,-1364.366,-0.081,-0.000,-0.997,0.000,1.000,-0.000,0.997,0.000,-0.081),s="Running",v=Vector3.new(58.099,0.010,1.688)},
        {t=1.038,cf=CFrame.new(2708.971,1068.108,-1364.358,-0.078,-0.000,-0.997,0.000,1.000,-0.000,0.997,0.000,-0.078),s="Running",v=Vector3.new(58.100,0.010,1.657)},
        {t=1.042,cf=CFrame.new(2709.229,1068.108,-1364.349,-0.077,-0.000,-0.997,0.000,1.000,-0.000,0.997,0.000,-0.077),s="Running",v=Vector3.new(58.100,0.010,1.640)},
        {t=1.047,cf=CFrame.new(2709.490,1068.108,-1364.341,-0.074,-0.000,-0.997,0.000,1.000,-0.000,0.997,0.000,-0.074),s="Running",v=Vector3.new(58.100,0.010,1.635)},
        {t=1.051,cf=CFrame.new(2709.745,1068.108,-1364.332,-0.072,-0.000,-0.997,0.000,1.000,-0.000,0.997,0.000,-0.072),s="Running",v=Vector3.new(58.101,0.010,1.634)},
        {t=1.055,cf=CFrame.new(2709.994,1068.108,-1364.324,-0.071,-0.000,-0.997,0.000,1.000,-0.000,0.997,0.000,-0.071),s="Running",v=Vector3.new(58.101,0.010,1.633)},
        {t=1.059,cf=CFrame.new(2710.242,1068.108,-1364.317,-0.069,-0.000,-0.998,0.000,1.000,-0.000,0.998,0.000,-0.069),s="Running",v=Vector3.new(58.101,0.010,1.633)},
        {t=1.063,cf=CFrame.new(2710.495,1068.108,-1364.308,-0.067,-0.000,-0.998,0.000,1.000,-0.000,0.998,0.000,-0.067),s="Running",v=Vector3.new(58.101,0.010,1.633)},
        {t=1.067,cf=CFrame.new(2710.757,1068.108,-1364.300,-0.066,-0.000,-0.998,0.000,1.000,-0.000,0.998,0.000,-0.066),s="Running",v=Vector3.new(58.101,0.010,1.633)},
        {t=1.071,cf=CFrame.new(2711.014,1068.108,-1364.292,-0.064,-0.000,-0.998,0.000,1.000,-0.000,0.998,0.000,-0.064),s="Running",v=Vector3.new(58.101,0.010,1.633)},
        {t=1.075,cf=CFrame.new(2711.263,1068.108,-1364.284,-0.063,-0.000,-0.998,0.000,1.000,-0.000,0.998,0.000,-0.063),s="Running",v=Vector3.new(58.101,0.010,1.633)},
        {t=1.080,cf=CFrame.new(2711.518,1068.108,-1364.276,-0.061,-0.000,-0.998,0.000,1.000,-0.000,0.998,0.000,-0.061),s="Running",v=Vector3.new(58.101,0.010,1.633)},
        {t=1.084,cf=CFrame.new(2711.765,1068.108,-1364.269,-0.060,-0.000,-0.998,0.000,1.000,-0.000,0.998,0.000,-0.060),s="Running",v=Vector3.new(58.101,0.010,1.633)},
        {t=1.088,cf=CFrame.new(2712.014,1068.108,-1364.261,-0.059,-0.000,-0.998,0.000,1.000,-0.000,0.998,0.000,-0.059),s="Running",v=Vector3.new(58.101,0.010,1.633)},
        {t=1.092,cf=CFrame.new(2712.262,1068.108,-1364.254,-0.057,-0.000,-0.998,0.000,1.000,-0.000,0.998,0.000,-0.057),s="Running",v=Vector3.new(58.101,0.010,1.633)},
        {t=1.097,cf=CFrame.new(2712.517,1068.108,-1364.246,-0.056,-0.000,-0.998,0.000,1.000,-0.000,0.998,0.000,-0.056),s="Running",v=Vector3.new(58.101,0.010,1.633)},
        {t=1.102,cf=CFrame.new(2712.774,1068.108,-1364.238,-0.055,-0.000,-0.998,0.000,1.000,-0.000,0.998,0.000,-0.055),s="Running",v=Vector3.new(58.101,0.010,1.633)},
        {t=1.108,cf=CFrame.new(2713.240,1068.108,-1364.224,-0.053,-0.000,-0.999,0.000,1.000,-0.000,0.999,0.000,-0.053),s="Running",v=Vector3.new(56.694,0.010,1.593)},
