-- CFrame Auto Walk Recording
-- Total Frames: 4896
-- Recorded HipHeight: 5.058475494384766

return {
    hipHeight = 5.058475494384766,
    frames = {
        {t=0.005,cf=CFrame.new(1579.115,754.774,-514.384,0.290,0.000,0.957,0.000,1.000,0.000,-0.957,0.000,0.290),s="Running",v=Vector3.new(0.000,0.606,0.000)},
        {t=0.008,cf=CFrame.new(1579.115,754.776,-514.384,0.290,0.000,0.957,0.000,1.000,0.000,-0.957,0.000,0.290),s="Running",v=Vector3.new(0.000,0.521,0.000)},
        {t=0.011,cf=CFrame.new(1579.115,754.776,-514.384,0.290,0.000,0.957,0.000,1.000,0.000,-0.957,0.000,0.290),s="Running",v=Vector3.new(0.000,0.521,0.000)},
        {t=0.018,cf=CFrame.new(1579.115,754.780,-514.384,0.290,0.000,0.957,0.000,1.000,0.000,-0.957,0.000,0.290),s="Running",v=Vector3.new(0.000,0.385,0.000)},
        {t=0.022,cf=CFrame.new(1579.115,754.781,-514.384,0.290,0.000,0.957,0.000,1.000,0.000,-0.957,0.000,0.290),s="Running",v=Vector3.new(0.000,0.330,0.000)},
        {t=0.025,cf=CFrame.new(1579.115,754.782,-514.384,0.290,0.000,0.957,0.000,1.000,0.000,-0.957,0.000,0.290),s="Running",v=Vector3.new(0.000,0.283,0.000)},
        {t=0.030,cf=CFrame.new(1579.115,754.783,-514.384,0.290,0.000,0.957,0.000,1.000,0.000,-0.957,0.000,0.290),s="Running",v=Vector3.new(0.000,0.244,0.000)},
        {t=0.034,cf=CFrame.new(1579.115,754.784,-514.384,0.290,0.000,0.957,0.000,1.000,0.000,-0.957,0.000,0.290),s="Running",v=Vector3.new(0.000,0.209,0.000)},
        {t=0.038,cf=CFrame.new(1579.115,754.785,-514.384,0.290,0.000,0.957,0.000,1.000,0.000,-0.957,0.000,0.290),s="Running",v=Vector3.new(0.000,0.180,0.000)},
        {t=0.043,cf=CFrame.new(1579.115,754.786,-514.384,0.290,0.000,0.957,0.000,1.000,0.000,-0.957,0.000,0.290),s="Running",v=Vector3.new(0.000,0.154,0.000)},
        {t=0.049,cf=CFrame.new(1579.115,754.786,-514.384,0.290,0.000,0.957,0.000,1.000,0.000,-0.957,0.000,0.290),s="Running",v=Vector3.new(0.000,0.133,0.000)},
        {t=0.054,cf=CFrame.new(1579.115,754.787,-514.384,0.290,0.000,0.957,0.000,1.000,0.000,-0.957,0.000,0.290),s="Running",v=Vector3.new(0.000,0.114,0.000)},
        {t=0.059,cf=CFrame.new(1579.115,754.788,-514.384,0.290,0.000,0.957,0.000,1.000,0.000,-0.957,0.000,0.290),s="Running",v=Vector3.new(0.000,0.083,0.000)},
        {t=0.064,cf=CFrame.new(1579.115,754.788,-514.384,0.290,0.000,0.957,0.000,1.000,0.000,-0.957,0.000,0.290),s="Running",v=Vector3.new(0.000,0.071,0.000)},
        {t=0.068,cf=CFrame.new(1579.115,754.788,-514.384,0.290,0.000,0.957,0.000,1.000,0.000,-0.957,0.000,0.290),s="Running",v=Vector3.new(0.000,0.061,0.000)},
        {t=0.071,cf=CFrame.new(1579.115,754.788,-514.384,0.290,0.000,0.957,0.000,1.000,0.000,-0.957,0.000,0.290),s="Running",v=Vector3.new(0.000,0.052,0.000)},
        {t=0.076,cf=CFrame.new(1579.115,754.789,-514.384,0.290,0.000,0.957,0.000,1.000,0.000,-0.957,0.000,0.290),s="Running",v=Vector3.new(0.000,0.044,0.000)},
        {t=0.080,cf=CFrame.new(1579.115,754.789,-514.384,0.290,0.000,0.957,0.000,1.000,0.000,-0.957,0.000,0.290),s="Running",v=Vector3.new(0.000,0.038,0.000)},
        {t=0.084,cf=CFrame.new(1579.115,754.789,-514.384,0.290,0.000,0.957,0.000,1.000,0.000,-0.957,0.000,0.290),s="Running",v=Vector3.new(0.000,0.032,0.000)},
        {t=0.088,cf=CFrame.new(1579.115,754.789,-514.384,0.290,0.000,0.957,0.000,1.000,0.000,-0.957,0.000,0.290),s="Running",v=Vector3.new(0.000,0.027,0.000)},
        {t=0.092,cf=CFrame.new(1579.115,754.789,-514.384,0.290,0.000,0.957,0.000,1.000,0.000,-0.957,0.000,0.290),s="Running",v=Vector3.new(0.000,0.023,0.000)},
        {t=0.095,cf=CFrame.new(1579.115,754.789,-514.384,0.290,0.000,0.957,0.000,1.000,0.000,-0.957,0.000,0.290),s="Running",v=Vector3.new(0.000,0.023,0.000)},
        {t=0.100,cf=CFrame.new(1579.115,754.789,-514.384,0.290,0.000,0.957,0.000,1.000,0.000,-0.957,0.000,0.290),s="Running",v=Vector3.new(0.000,0.017,0.000)},
        {t=0.103,cf=CFrame.new(1579.115,754.789,-514.384,0.290,0.000,0.957,0.000,1.000,0.000,-0.957,0.000,0.290),s="Running",v=Vector3.new(0.000,0.017,0.000)},
        {t=0.108,cf=CFrame.new(1579.115,754.789,-514.384,0.290,0.000,0.957,0.000,1.000,0.000,-0.957,0.000,0.290),s="Running",v=Vector3.new(0.000,0.012,0.000)},
        {t=0.112,cf=CFrame.new(1579.115,754.789,-514.384,0.290,0.000,0.957,0.000,1.000,0.000,-0.957,0.000,0.290),s="Running",v=Vector3.new(0.000,0.010,0.000)},
        {t=0.116,cf=CFrame.new(1579.115,754.789,-514.384,0.290,0.000,0.957,0.000,1.000,0.000,-0.957,0.000,0.290),s="Running",v=Vector3.new(0.000,0.009,0.000)},
        {t=0.119,cf=CFrame.new(1579.115,754.789,-514.384,0.290,0.000,0.957,0.000,1.000,0.000,-0.957,0.000,0.290),s="Running",v=Vector3.new(0.000,0.009,0.000)},
        {t=0.125,cf=CFrame.new(1579.115,754.789,-514.384,0.290,0.000,0.957,0.000,1.000,0.000,-0.957,0.000,0.290),s="Running",v=Vector3.new(0.000,0.006,0.000)},
        {t=0.127,cf=CFrame.new(1579.115,754.789,-514.384,0.290,0.000,0.957,0.000,1.000,0.000,-0.957,0.000,0.290),s="Running",v=Vector3.new(0.000,0.006,0.000)},
        {t=0.134,cf=CFrame.new(1579.115,754.789,-514.384,0.290,0.000,0.957,0.000,1.000,0.000,-0.957,0.000,0.290),s="Running",v=Vector3.new(0.000,0.005,0.000)},
        {t=0.138,cf=CFrame.new(1579.115,754.789,-514.384,0.290,0.000,0.957,0.000,1.000,0.000,-0.957,0.000,0.290),s="Running",v=Vector3.new(0.000,0.005,0.000)},
        {t=0.142,cf=CFrame.new(1579.115,754.789,-514.384,0.290,0.000,0.957,0.000,1.000,0.000,-0.957,0.000,0.290),s="Running",v=Vector3.new(0.000,0.005,0.000)},
        {t=0.145,cf=CFrame.new(1579.115,754.789,-514.384,0.290,0.000,0.957,0.000,1.000,0.000,-0.957,0.000,0.290),s="Running",v=Vector3.new(0.000,0.005,0.000)},
        {t=0.151,cf=CFrame.new(1579.115,754.789,-514.384,0.290,0.000,0.957,0.000,1.000,0.000,-0.957,0.000,0.290),s="Running",v=Vector3.new(-43.056,6.830,-13.085)},
        {t=0.156,cf=CFrame.new(1578.960,754.802,-514.431,0.290,0.000,0.957,0.000,1.000,0.000,-0.957,0.000,0.290),s="Running",v=Vector3.new(-52.743,8.266,-16.028)},
        {t=0.160,cf=CFrame.new(1578.759,754.822,-514.492,0.290,0.000,0.957,0.000,1.000,0.000,-0.957,0.000,0.290),s="Running",v=Vector3.new(-55.170,7.402,-16.744)},
        {t=0.164,cf=CFrame.new(1578.547,754.842,-514.556,0.290,0.000,0.957,0.000,1.000,0.000,-0.957,0.000,0.290),s="Running",v=Vector3.new(-55.778,6.444,-16.919)},
        {t=0.169,cf=CFrame.new(1578.328,754.854,-514.623,0.290,0.000,0.957,0.000,1.000,0.000,-0.957,0.000,0.290),s="Running",v=Vector3.new(-55.931,5.342,-16.960)},
        {t=0.173,cf=CFrame.new(1578.110,754.866,-514.689,0.290,0.000,0.957,0.000,1.000,0.000,-0.957,0.000,0.290),s="Running",v=Vector3.new(-55.969,4.568,-16.970)},
        {t=0.177,cf=CFrame.new(1577.890,754.874,-514.756,0.290,0.000,0.957,0.000,1.000,0.000,-0.957,0.000,0.290),s="Running",v=Vector3.new(-55.987,3.883,-16.945)},
        {t=0.182,cf=CFrame.new(1577.667,754.878,-514.823,0.290,0.000,0.957,0.000,1.000,0.000,-0.957,0.000,0.290),s="Running",v=Vector3.new(-56.001,3.238,-16.907)},
        {t=0.187,cf=CFrame.new(1577.443,754.881,-514.891,0.290,0.000,0.957,0.000,1.000,0.000,-0.957,0.000,0.290),s="Running",v=Vector3.new(-56.017,2.741,-16.856)},
        {t=0.192,cf=CFrame.new(1577.028,754.879,-515.016,0.289,0.000,0.957,0.000,1.000,0.000,-0.957,0.000,0.289),s="Running",v=Vector3.new(-54.966,1.726,-16.443)},
        {t=0.198,cf=CFrame.new(1576.810,754.871,-515.081,0.289,0.000,0.957,0.000,1.000,0.000,-0.957,0.000,0.289),s="Running",v=Vector3.new(-55.807,1.432,-16.579)},
        {t=0.203,cf=CFrame.new(1576.585,754.863,-515.147,0.288,0.000,0.958,0.000,1.000,0.000,-0.958,0.000,0.288),s="Running",v=Vector3.new(-56.048,1.170,-16.508)},
        {t=0.209,cf=CFrame.new(1576.166,754.852,-515.271,0.288,0.000,0.958,0.000,1.000,0.000,-0.958,0.000,0.288),s="Running",v=Vector3.new(-55.061,0.714,-16.059)},
        {t=0.213,cf=CFrame.new(1575.948,754.846,-515.334,0.287,0.000,0.958,0.000,1.000,0.000,-0.958,0.000,0.287),s="Running",v=Vector3.new(-55.913,0.741,-16.202)},
        {t=0.218,cf=CFrame.new(1575.724,754.841,-515.399,0.287,0.000,0.958,0.000,1.000,0.000,-0.958,0.000,0.287),s="Running",v=Vector3.new(-56.134,0.634,-16.208)},
        {t=0.223,cf=CFrame.new(1575.500,754.837,-515.463,0.286,0.000,0.958,0.000,1.000,0.000,-0.958,0.000,0.286),s="Running",v=Vector3.new(-56.205,0.536,-16.157)},
        {t=0.227,cf=CFrame.new(1575.272,754.833,-515.529,0.286,0.000,0.958,0.000,1.000,0.000,-0.958,0.000,0.286),s="Running",v=Vector3.new(-56.244,0.435,-16.069)},
        {t=0.233,cf=CFrame.new(1575.036,754.828,-515.596,0.285,0.000,0.959,0.000,1.000,0.000,-0.959,0.000,0.285),s="Running",v=Vector3.new(-56.267,0.322,-16.001)},
        {t=0.238,cf=CFrame.new(1574.608,754.818,-515.718,0.284,0.000,0.959,0.000,1.000,0.000,-0.959,0.000,0.284),s="Running",v=Vector3.new(-55.203,0.014,-15.629)},
        {t=0.243,cf=CFrame.new(1574.382,754.813,-515.781,0.283,0.000,0.959,0.000,1.000,0.000,-0.959,0.000,0.283),s="Running",v=Vector3.new(-56.034,0.088,-15.794)},
        {t=0.250,cf=CFrame.new(1574.148,754.809,-515.847,0.282,0.000,0.959,0.000,1.000,0.000,-0.959,0.000,0.282),s="Running",v=Vector3.new(-56.277,-0.103,-15.707)},
        {t=0.257,cf=CFrame.new(1573.689,754.791,-515.975,0.281,0.000,0.960,0.000,1.000,0.000,-0.960,0.000,0.281),s="Running",v=Vector3.new(-55.234,-6.786,-15.241)},
        {t=0.262,cf=CFrame.new(1573.447,754.754,-516.042,0.280,0.000,0.960,0.000,1.000,0.000,-0.960,0.000,0.280),s="Running",v=Vector3.new(-55.997,-11.555,-15.250)},
        {t=0.267,cf=CFrame.new(1573.017,754.640,-516.158,0.279,0.000,0.960,0.000,1.000,0.000,-0.960,0.000,0.279),s="Running",v=Vector3.new(-55.106,-14.302,-14.909)},
        {t=0.272,cf=CFrame.new(1572.790,754.574,-516.220,0.277,0.000,0.961,0.000,1.000,0.000,-0.961,0.000,0.277),s="Running",v=Vector3.new(-55.511,-15.497,-14.870)},
        {t=0.276,cf=CFrame.new(1572.564,754.504,-516.280,0.276,0.000,0.961,0.000,1.000,0.000,-0.961,0.000,0.276),s="Running",v=Vector3.new(-55.642,-16.364,-14.769)},
        {t=0.281,cf=CFrame.new(1572.332,754.429,-516.342,0.275,0.000,0.961,0.000,1.000,0.000,-0.961,0.000,0.275),s="Running",v=Vector3.new(-55.798,-17.326,-14.623)},
        {t=0.286,cf=CFrame.new(1572.099,754.351,-516.403,0.274,0.000,0.962,0.000,1.000,0.000,-0.962,0.000,0.274),s="Running",v=Vector3.new(-55.884,-18.212,-14.516)},
        {t=0.290,cf=CFrame.new(1571.864,754.268,-516.464,0.273,0.000,0.962,0.000,1.000,0.000,-0.962,0.000,0.273),s="Running",v=Vector3.new(-56.025,-19.146,-14.467)},
        {t=0.295,cf=CFrame.new(1571.624,754.180,-516.526,0.271,0.000,0.962,0.000,1.000,0.000,-0.962,0.000,0.271),s="Running",v=Vector3.new(-56.140,-20.144,-14.388)},
        {t=0.301,cf=CFrame.new(1571.374,754.086,-516.590,0.270,0.000,0.963,0.000,1.000,0.000,-0.963,0.000,0.270),s="Running",v=Vector3.new(-56.207,-21.225,-14.332)},
        {t=0.306,cf=CFrame.new(1570.948,753.897,-516.698,0.269,0.000,0.963,0.000,1.000,0.000,-0.963,0.000,0.269),s="Running",v=Vector3.new(-54.810,-22.454,-13.932)},
        {t=0.310,cf=CFrame.new(1570.712,753.797,-516.759,0.268,0.000,0.963,0.000,1.000,0.000,-0.963,0.000,0.268),s="Running",v=Vector3.new(-55.902,-23.401,-14.150)},
        {t=0.315,cf=CFrame.new(1570.471,753.692,-516.820,0.267,0.000,0.964,0.000,1.000,0.000,-0.964,0.000,0.267),s="Running",v=Vector3.new(-56.178,-24.294,-14.194)},
        {t=0.320,cf=CFrame.new(1570.223,753.583,-516.882,0.265,0.000,0.964,0.000,1.000,0.000,-0.964,0.000,0.265),s="Running",v=Vector3.new(-56.260,-25.269,-14.154)},
        {t=0.325,cf=CFrame.new(1569.975,753.469,-516.945,0.264,0.000,0.964,0.000,1.000,0.000,-0.964,0.000,0.264),s="Running",v=Vector3.new(-56.269,-26.192,-14.122)},
        {t=0.330,cf=CFrame.new(1569.547,753.242,-517.052,0.263,0.000,0.965,0.000,1.000,0.000,-0.965,0.000,0.263),s="Running",v=Vector3.new(-54.829,-23.074,-13.731)},
        {t=0.338,cf=CFrame.new(1569.284,753.149,-517.118,0.262,0.000,0.965,0.000,1.000,0.000,-0.965,0.000,0.262),s="Running",v=Vector3.new(-55.786,-6.159,-13.909)},
        {t=0.342,cf=CFrame.new(1568.859,753.140,-517.224,0.260,0.000,0.965,0.000,1.000,0.000,-0.965,0.000,0.260),s="Running",v=Vector3.new(-54.710,0.119,-13.562)},
        {t=0.347,cf=CFrame.new(1568.625,753.148,-517.282,0.259,0.000,0.966,0.000,1.000,0.000,-0.966,0.000,0.259),s="Running",v=Vector3.new(-55.899,0.962,-13.809)},
        {t=0.351,cf=CFrame.new(1568.389,753.159,-517.341,0.259,0.000,0.966,0.000,1.000,0.000,-0.966,0.000,0.259),s="Running",v=Vector3.new(-56.145,0.550,-13.805)},
        {t=0.355,cf=CFrame.new(1568.153,753.168,-517.399,0.258,0.000,0.966,0.000,1.000,0.000,-0.966,0.000,0.258),s="Running",v=Vector3.new(-55.912,-0.116,-13.671)},
        {t=0.360,cf=CFrame.new(1567.917,753.173,-517.457,0.256,0.000,0.967,0.000,1.000,0.000,-0.967,0.000,0.256),s="Running",v=Vector3.new(-55.751,-1.087,-13.526)},
        {t=0.364,cf=CFrame.new(1567.681,753.174,-517.514,0.255,0.000,0.967,0.000,1.000,0.000,-0.967,0.000,0.255),s="Running",v=Vector3.new(-54.958,-2.331,-13.190)},
        {t=0.368,cf=CFrame.new(1567.447,753.163,-517.571,0.254,0.000,0.967,0.000,1.000,0.000,-0.967,0.000,0.254),s="Running",v=Vector3.new(-53.828,-4.218,-12.836)},
        {t=0.372,cf=CFrame.new(1567.221,753.144,-517.625,0.253,0.000,0.967,0.000,1.000,0.000,-0.967,0.000,0.253),s="Running",v=Vector3.new(-53.359,-5.737,-12.652)},
        {t=0.377,cf=CFrame.new(1566.998,753.118,-517.678,0.252,0.000,0.968,0.000,1.000,0.000,-0.968,0.000,0.252),s="Running",v=Vector3.new(-53.165,-7.349,-12.518)},
        {t=0.381,cf=CFrame.new(1566.773,753.085,-517.731,0.251,0.000,0.968,0.000,1.000,0.000,-0.968,0.000,0.251),s="Running",v=Vector3.new(-53.254,-8.969,-12.440)},
        {t=0.385,cf=CFrame.new(1566.547,753.045,-517.784,0.250,0.000,0.968,0.000,1.000,0.000,-0.968,0.000,0.250),s="Running",v=Vector3.new(-53.480,-10.430,-12.395)},
        {t=0.389,cf=CFrame.new(1566.321,752.999,-517.837,0.249,0.000,0.969,0.000,1.000,0.000,-0.969,0.000,0.249),s="Running",v=Vector3.new(-53.609,-11.633,-12.373)},
        {t=0.394,cf=CFrame.new(1566.092,752.948,-517.890,0.248,0.000,0.969,0.000,1.000,0.000,-0.969,0.000,0.248),s="Running",v=Vector3.new(-53.679,-12.699,-12.314)},
        {t=0.398,cf=CFrame.new(1565.862,752.892,-517.943,0.246,0.000,0.969,0.000,1.000,0.000,-0.969,0.000,0.246),s="Running",v=Vector3.new(-53.718,-13.662,-12.238)},
        {t=0.403,cf=CFrame.new(1565.621,752.831,-517.998,0.245,0.000,0.970,0.000,1.000,0.000,-0.970,0.000,0.245),s="Running",v=Vector3.new(-53.963,-14.650,-12.228)},
        {t=0.408,cf=CFrame.new(1565.388,752.766,-518.051,0.244,0.000,0.970,0.000,1.000,0.000,-0.970,0.000,0.244),s="Running",v=Vector3.new(-54.371,-15.528,-12.239)},
        {t=0.412,cf=CFrame.new(1564.979,752.628,-518.143,0.242,0.000,0.970,0.000,1.000,0.000,-0.970,0.000,0.242),s="Running",v=Vector3.new(-52.830,-16.667,-11.791)},
        {t=0.416,cf=CFrame.new(1564.758,752.557,-518.193,0.241,0.000,0.970,0.000,1.000,0.000,-0.970,0.000,0.241),s="Running",v=Vector3.new(-54.060,-17.328,-11.972)},
        {t=0.421,cf=CFrame.new(1564.527,752.484,-518.244,0.240,0.000,0.971,0.000,1.000,0.000,-0.971,0.000,0.240),s="Running",v=Vector3.new(-54.709,-18.156,-12.011)},
        {t=0.424,cf=CFrame.new(1564.505,752.483,-518.250,0.239,0.000,0.971,0.000,1.000,0.000,-0.971,0.000,0.239),s="Running",v=Vector3.new(-56.470,-18.596,-12.339)},
        {t=0.428,cf=CFrame.new(1564.256,752.401,-518.304,0.238,0.000,0.971,0.000,1.000,0.000,-0.971,0.000,0.238),s="Running",v=Vector3.new(-55.772,-19.655,-12.117)},
        {t=0.433,cf=CFrame.new(1563.826,752.229,-518.398,0.236,0.000,0.972,0.000,1.000,0.000,-0.972,0.000,0.236),s="Running",v=Vector3.new(-54.012,-20.899,-11.634)},
        {t=0.438,cf=CFrame.new(1563.587,752.138,-518.450,0.235,0.000,0.972,0.000,1.000,0.000,-0.972,0.000,0.235),s="Running",v=Vector3.new(-55.135,-21.788,-11.818)},
        {t=0.443,cf=CFrame.new(1563.345,752.044,-518.502,0.234,0.000,0.972,0.000,1.000,0.000,-0.972,0.000,0.234),s="Running",v=Vector3.new(-55.877,-22.680,-11.942)},
        {t=0.447,cf=CFrame.new(1563.099,751.945,-518.555,0.233,0.000,0.973,0.000,1.000,0.000,-0.973,0.000,0.233),s="Running",v=Vector3.new(-56.364,-23.655,-11.988)},
        {t=0.452,cf=CFrame.new(1562.844,751.841,-518.610,0.232,0.000,0.973,0.000,1.000,0.000,-0.973,0.000,0.232),s="Running",v=Vector3.new(-56.597,-24.619,-12.009)},
        {t=0.457,cf=CFrame.new(1562.595,751.736,-518.663,0.230,0.000,0.973,0.000,1.000,0.000,-0.973,0.000,0.230),s="Running",v=Vector3.new(-56.638,-16.530,-12.007)},
        {t=0.461,cf=CFrame.new(1562.350,751.701,-518.715,0.229,0.000,0.973,0.000,1.000,0.000,-0.973,0.000,0.229),s="Running",v=Vector3.new(-56.613,-5.398,-11.975)},
        {t=0.465,cf=CFrame.new(1562.099,751.694,-518.769,0.228,0.000,0.974,0.000,1.000,0.000,-0.974,0.000,0.228),s="Running",v=Vector3.new(-56.493,-1.563,-11.907)},
        {t=0.470,cf=CFrame.new(1561.850,751.695,-518.822,0.227,0.000,0.974,0.000,1.000,0.000,-0.974,0.000,0.227),s="Running",v=Vector3.new(-56.252,0.429,-11.815)},
        {t=0.473,cf=CFrame.new(1561.607,751.701,-518.873,0.226,0.000,0.974,0.000,1.000,0.000,-0.974,0.000,0.226),s="Running",v=Vector3.new(-55.994,2.074,-11.706)},
        {t=0.477,cf=CFrame.new(1561.373,751.711,-518.922,0.225,0.000,0.974,0.000,1.000,0.000,-0.974,0.000,0.225),s="Running",v=Vector3.new(-55.886,2.643,-11.660)},
        {t=0.482,cf=CFrame.new(1561.128,751.725,-518.974,0.224,0.000,0.975,0.000,1.000,0.000,-0.975,0.000,0.224),s="Running",v=Vector3.new(-56.110,3.811,-11.598)},
        {t=0.486,cf=CFrame.new(1560.882,751.743,-519.025,0.223,0.000,0.975,0.000,1.000,0.000,-0.975,0.000,0.223),s="Running",v=Vector3.new(-56.400,4.704,-11.550)},
        {t=0.490,cf=CFrame.new(1560.636,751.764,-519.076,0.222,0.000,0.975,0.000,1.000,0.000,-0.975,0.000,0.222),s="Running",v=Vector3.new(-56.653,5.104,-11.468)},
        {t=0.494,cf=CFrame.new(1560.386,751.788,-519.127,0.221,0.000,0.975,0.000,1.000,0.000,-0.975,0.000,0.221),s="Running",v=Vector3.new(-56.796,5.132,-11.391)},
        {t=0.499,cf=CFrame.new(1560.129,751.812,-519.179,0.219,0.000,0.976,0.000,1.000,0.000,-0.976,0.000,0.219),s="Running",v=Vector3.new(-56.822,4.758,-11.300)},
        {t=0.506,cf=CFrame.new(1559.674,751.855,-519.270,0.218,0.000,0.976,0.000,1.000,0.000,-0.976,0.000,0.218),s="Running",v=Vector3.new(-55.040,3.621,-10.809)},
        {t=0.513,cf=CFrame.new(1559.223,751.887,-519.359,0.215,0.000,0.977,0.000,1.000,0.000,-0.977,0.000,0.215),s="Running",v=Vector3.new(-54.510,1.972,-10.528)},
        {t=0.521,cf=CFrame.new(1558.773,751.902,-519.447,0.213,0.000,0.977,0.000,1.000,0.000,-0.977,0.000,0.213),s="Running",v=Vector3.new(-54.388,-0.392,-10.320)},
        {t=0.529,cf=CFrame.new(1558.492,751.895,-519.501,0.210,0.000,0.978,0.000,1.000,0.000,-0.978,0.000,0.210),s="Running",v=Vector3.new(-55.829,-2.808,-10.409)},
        {t=0.533,cf=CFrame.new(1558.062,751.862,-519.582,0.209,0.000,0.978,0.000,1.000,0.000,-0.978,0.000,0.209),s="Running",v=Vector3.new(-54.755,-4.266,-10.095)},
        {t=0.539,cf=CFrame.new(1557.805,751.840,-519.630,0.207,0.000,0.978,0.000,1.000,0.000,-0.978,0.000,0.207),s="Running",v=Vector3.new(-55.956,-5.321,-10.178)},
        {t=0.544,cf=CFrame.new(1557.552,751.814,-519.677,0.206,0.000,0.979,0.000,1.000,0.000,-0.979,0.000,0.206),s="Running",v=Vector3.new(-56.267,-6.342,-10.144)},
        {t=0.634,cf=CFrame.new(1553.493,751.733,-520.384,0.177,0.000,0.984,0.000,1.000,0.000,-0.984,0.000,0.177),s="Running",v=Vector3.new(-44.366,5.600,-7.179)},
        {t=0.642,cf=CFrame.new(1552.824,751.816,-520.494,0.175,0.000,0.984,0.000,1.000,0.000,-0.984,0.000,0.175),s="Running",v=Vector3.new(-49.635,5.222,-7.935)},
        {t=0.647,cf=CFrame.new(1552.540,751.843,-520.540,0.174,0.000,0.985,0.000,1.000,0.000,-0.985,0.000,0.174),s="Running",v=Vector3.new(-55.273,4.514,-8.756)},
        {t=0.653,cf=CFrame.new(1552.056,751.890,-520.618,0.173,0.000,0.985,0.000,1.000,0.000,-0.985,0.000,0.173),s="Running",v=Vector3.new(-55.205,3.650,-8.647)},
        {t=0.658,cf=CFrame.new(1551.769,751.911,-520.664,0.172,0.000,0.985,0.000,1.000,0.000,-0.985,0.000,0.172),s="Running",v=Vector3.new(-56.689,2.749,-8.787)},
        {t=0.662,cf=CFrame.new(1551.495,751.929,-520.707,0.171,0.000,0.985,0.000,1.000,0.000,-0.985,0.000,0.171),s="Running",v=Vector3.new(-57.106,2.039,-8.775)},
        {t=0.666,cf=CFrame.new(1551.220,751.943,-520.751,0.170,0.000,0.985,0.000,1.000,0.000,-0.985,0.000,0.170),s="Running",v=Vector3.new(-57.230,1.362,-8.753)},
        {t=0.671,cf=CFrame.new(1550.915,751.954,-520.799,0.169,0.000,0.986,0.000,1.000,0.000,-0.986,0.000,0.169),s="Running",v=Vector3.new(-57.304,0.244,-8.666)},
        {t=0.675,cf=CFrame.new(1550.637,751.960,-520.842,0.168,0.000,0.986,0.000,1.000,0.000,-0.986,0.000,0.168),s="Running",v=Vector3.new(-57.158,3.374,-8.571)},
        {t=0.679,cf=CFrame.new(1550.352,751.972,-520.886,0.167,0.000,0.986,0.000,1.000,0.000,-0.986,0.000,0.167),s="Running",v=Vector3.new(-57.153,3.305,-8.483)},
        {t=0.685,cf=CFrame.new(1550.040,751.983,-520.934,0.166,0.000,0.986,0.000,1.000,0.000,-0.986,0.000,0.166),s="Running",v=Vector3.new(-56.689,2.425,-8.299)},
        {t=0.689,cf=CFrame.new(1549.761,751.992,-520.976,0.165,0.000,0.986,0.000,1.000,0.000,-0.986,0.000,0.165),s="Running",v=Vector3.new(-55.853,2.441,-8.077)},
        {t=0.694,cf=CFrame.new(1549.468,752.001,-521.020,0.163,0.000,0.987,0.000,1.000,0.000,-0.987,0.000,0.163),s="Running",v=Vector3.new(-55.500,3.341,-7.909)},
        {t=0.699,cf=CFrame.new(1549.183,752.015,-521.062,0.162,0.000,0.987,0.000,1.000,0.000,-0.987,0.000,0.162),s="Running",v=Vector3.new(-54.221,4.784,-7.619)},
        {t=0.704,cf=CFrame.new(1548.731,752.048,-521.127,0.160,0.000,0.987,0.000,1.000,0.000,-0.987,0.000,0.160),s="Running",v=Vector3.new(-52.444,6.501,-7.213)},
        {t=0.709,cf=CFrame.new(1548.464,752.076,-521.165,0.159,0.000,0.987,0.000,1.000,0.000,-0.987,0.000,0.159),s="Running",v=Vector3.new(-54.071,8.611,-7.275)},
        {t=0.714,cf=CFrame.new(1548.188,752.114,-521.204,0.157,0.000,0.988,0.000,1.000,0.000,-0.988,0.000,0.157),s="Running",v=Vector3.new(-55.313,9.989,-7.310)},
        {t=0.720,cf=CFrame.new(1547.904,752.159,-521.243,0.156,0.000,0.988,0.000,1.000,0.000,-0.988,0.000,0.156),s="Running",v=Vector3.new(-56.215,10.783,-7.313)},
        {t=0.724,cf=CFrame.new(1547.634,752.205,-521.280,0.154,0.000,0.988,0.000,1.000,0.000,-0.988,0.000,0.154),s="Running",v=Vector3.new(-56.722,11.070,-7.262)},
        {t=0.729,cf=CFrame.new(1547.177,752.278,-521.340,0.153,0.000,0.988,0.000,1.000,0.000,-0.988,0.000,0.153),s="Running",v=Vector3.new(-55.711,10.312,-6.974)},
        {t=0.734,cf=CFrame.new(1546.902,752.322,-521.377,0.151,0.000,0.989,0.000,1.000,0.000,-0.989,0.000,0.151),s="Running",v=Vector3.new(-57.075,9.973,-6.964)},
        {t=0.740,cf=CFrame.new(1546.612,752.367,-521.414,0.149,0.000,0.989,0.000,1.000,0.000,-0.989,0.000,0.149),s="Running",v=Vector3.new(-57.406,8.886,-6.768)},
        {t=0.747,cf=CFrame.new(1546.114,752.445,-521.476,0.146,0.000,0.989,0.000,1.000,0.000,-0.989,0.000,0.146),s="Running",v=Vector3.new(-55.821,5.942,-6.354)},
        {t=0.754,cf=CFrame.new(1545.816,752.477,-521.512,0.143,0.000,0.990,0.000,1.000,0.000,-0.990,0.000,0.143),s="Running",v=Vector3.new(-55.881,4.418,-6.135)},
        {t=0.759,cf=CFrame.new(1545.365,752.525,-521.563,0.141,0.000,0.990,0.000,1.000,0.000,-0.990,0.000,0.141),s="Running",v=Vector3.new(-54.691,0.885,-5.876)},
        {t=0.764,cf=CFrame.new(1545.079,752.557,-521.597,0.139,0.000,0.990,0.000,1.000,0.000,-0.990,0.000,0.139),s="Running",v=Vector3.new(-56.049,33.079,-5.986)},
        {t=0.770,cf=CFrame.new(1544.539,753.010,-521.657,0.137,0.000,0.991,0.000,1.000,0.000,-0.991,0.000,0.137),s="Jumping",v=Vector3.new(-58.353,51.612,-6.118)},
        {t=0.775,cf=CFrame.new(1544.239,753.235,-521.690,0.135,0.000,0.991,0.000,1.000,0.000,-0.991,0.000,0.135),s="Freefall",v=Vector3.new(-59.075,50.483,-6.063)},
        {t=0.780,cf=CFrame.new(1543.935,753.456,-521.723,0.133,0.000,0.991,0.000,1.000,0.000,-0.991,0.000,0.133),s="Freefall",v=Vector3.new(-59.348,49.527,-6.003)},
        {t=0.786,cf=CFrame.new(1543.632,753.672,-521.756,0.131,0.000,0.991,0.000,1.000,0.000,-0.991,0.000,0.131),s="Freefall",v=Vector3.new(-59.450,48.668,-5.947)},
        {t=0.791,cf=CFrame.new(1543.100,754.071,-521.811,0.130,0.000,0.992,0.000,1.000,0.000,-0.992,0.000,0.130),s="Freefall",v=Vector3.new(-59.343,47.584,-5.873)},
        {t=0.797,cf=CFrame.new(1542.806,754.271,-521.842,0.128,0.000,0.992,0.000,1.000,0.000,-0.992,0.000,0.128),s="Freefall",v=Vector3.new(-59.472,46.802,-5.830)},
        {t=0.802,cf=CFrame.new(1542.507,754.473,-521.873,0.126,0.000,0.992,0.000,1.000,0.000,-0.992,0.000,0.126),s="Freefall",v=Vector3.new(-59.512,45.747,-5.754)},
        {t=0.808,cf=CFrame.new(1541.985,754.845,-521.925,0.124,0.000,0.992,0.000,1.000,0.000,-0.992,0.000,0.124),s="Freefall",v=Vector3.new(-59.377,44.510,-5.699)},
        {t=0.812,cf=CFrame.new(1541.702,755.031,-521.954,0.123,0.000,0.992,0.000,1.000,0.000,-0.992,0.000,0.123),s="Freefall",v=Vector3.new(-59.495,43.568,-5.655)},
        {t=0.817,cf=CFrame.new(1541.423,755.214,-521.982,0.122,0.000,0.993,0.000,1.000,0.000,-0.993,0.000,0.122),s="Freefall",v=Vector3.new(-59.528,44.452,-5.615)},
        {t=0.823,cf=CFrame.new(1541.128,755.406,-522.011,0.120,0.000,0.993,0.000,1.000,0.000,-0.993,0.000,0.120),s="Freefall",v=Vector3.new(-59.537,41.936,-5.595)},
        {t=0.827,cf=CFrame.new(1540.842,755.587,-522.039,0.119,0.000,0.993,0.000,1.000,0.000,-0.993,0.000,0.119),s="Freefall",v=Vector3.new(-59.539,40.585,-5.588)},
        {t=0.832,cf=CFrame.new(1540.563,755.760,-522.067,0.118,0.000,0.993,0.000,1.000,0.000,-0.993,0.000,0.118),s="Freefall",v=Vector3.new(-59.540,39.639,-5.585)},
        {t=0.838,cf=CFrame.new(1540.037,756.086,-522.117,0.116,0.000,0.993,0.000,1.000,0.000,-0.993,0.000,0.116),s="Freefall",v=Vector3.new(-59.392,38.295,-5.570)},
        {t=0.847,cf=CFrame.new(1539.493,756.403,-522.171,0.114,0.000,0.993,0.000,1.000,0.000,-0.993,0.000,0.114),s="Freefall",v=Vector3.new(-59.355,36.745,-5.567)},
        {t=0.854,cf=CFrame.new(1538.963,756.705,-522.222,0.113,0.000,0.994,0.000,1.000,0.000,-0.994,0.000,0.113),s="Freefall",v=Vector3.new(-59.345,35.109,-5.566)},
        {t=0.861,cf=CFrame.new(1538.668,756.861,-522.251,0.112,0.000,0.994,0.000,1.000,0.000,-0.994,0.000,0.112),s="Freefall",v=Vector3.new(-59.491,33.763,-5.579)},
        {t=0.866,cf=CFrame.new(1538.161,757.132,-522.299,0.111,0.000,0.994,0.000,1.000,0.000,-0.994,0.000,0.111),s="Freefall",v=Vector3.new(-59.380,32.811,-5.569)},
        {t=0.871,cf=CFrame.new(1537.893,757.268,-522.325,0.110,0.000,0.994,0.000,1.000,0.000,-0.994,0.000,0.110),s="Freefall",v=Vector3.new(-59.500,32.024,-5.580)},
        {t=0.876,cf=CFrame.new(1537.623,757.402,-522.352,0.109,0.000,0.994,0.000,1.000,0.000,-0.994,0.000,0.109),s="Freefall",v=Vector3.new(-59.530,30.950,-5.583)},
        {t=0.880,cf=CFrame.new(1537.356,757.531,-522.377,0.108,0.000,0.994,0.000,1.000,0.000,-0.994,0.000,0.108),s="Freefall",v=Vector3.new(-59.538,30.119,-5.584)},
        {t=0.885,cf=CFrame.new(1537.089,757.656,-522.403,0.108,0.000,0.994,0.000,1.000,0.000,-0.994,0.000,0.108),s="Freefall",v=Vector3.new(-59.540,29.331,-5.584)},
        {t=0.890,cf=CFrame.new(1536.821,757.778,-522.429,0.107,0.000,0.994,0.000,1.000,0.000,-0.994,0.000,0.107),s="Freefall",v=Vector3.new(-59.541,28.502,-5.576)},
        {t=0.895,cf=CFrame.new(1536.557,757.896,-522.454,0.106,0.000,0.994,0.000,1.000,0.000,-0.994,0.000,0.106),s="Freefall",v=Vector3.new(-59.546,27.694,-5.524)},
        {t=0.900,cf=CFrame.new(1536.055,758.116,-522.502,0.105,0.000,0.994,0.000,1.000,0.000,-0.994,0.000,0.105),s="Freefall",v=Vector3.new(-59.405,26.492,-5.431)},
        {t=0.906,cf=CFrame.new(1535.783,758.228,-522.527,0.104,0.000,0.995,0.000,1.000,0.000,-0.995,0.000,0.104),s="Freefall",v=Vector3.new(-59.522,25.128,-5.369)},
        {t=0.912,cf=CFrame.new(1535.282,758.427,-522.573,0.103,0.000,0.995,0.000,1.000,0.000,-0.995,0.000,0.103),s="Freefall",v=Vector3.new(-59.406,23.982,-5.307)},
        {t=0.923,cf=CFrame.new(1534.741,758.626,-522.622,0.102,0.000,0.995,0.000,1.000,0.000,-0.995,0.000,0.102),s="Freefall",v=Vector3.new(-59.380,21.826,-5.269)},
        {t=0.932,cf=CFrame.new(1533.990,758.880,-522.690,0.101,0.000,0.995,0.000,1.000,0.000,-0.995,0.000,0.101),s="Freefall",v=Vector3.new(-59.225,19.668,-5.245)},
        {t=0.940,cf=CFrame.new(1533.725,758.961,-522.714,0.100,0.000,0.995,0.000,1.000,0.000,-0.995,0.000,0.100),s="Freefall",v=Vector3.new(-59.483,18.826,-5.265)},
        {t=0.944,cf=CFrame.new(1533.226,759.108,-522.759,0.099,0.000,0.995,0.000,1.000,0.000,-0.995,0.000,0.099),s="Freefall",v=Vector3.new(-59.399,17.321,-5.257)},
        {t=0.950,cf=CFrame.new(1532.973,759.177,-522.781,0.098,0.000,0.995,0.000,1.000,0.000,-0.995,0.000,0.098),s="Freefall",v=Vector3.new(-59.528,16.717,-5.252)},
        {t=0.958,cf=CFrame.new(1532.685,759.250,-522.807,0.098,0.000,0.995,0.000,1.000,0.000,-0.995,0.000,0.098),s="Freefall",v=Vector3.new(-59.565,15.023,-5.193)},
        {t=0.963,cf=CFrame.new(1532.190,759.365,-522.851,0.097,0.000,0.995,0.000,1.000,0.000,-0.995,0.000,0.097),s="Freefall",v=Vector3.new(-59.426,14.009,-5.164)},
        {t=0.967,cf=CFrame.new(1531.932,759.422,-522.873,0.097,0.000,0.995,0.000,1.000,0.000,-0.995,0.000,0.097),s="Freefall",v=Vector3.new(-59.540,12.994,-5.167)},
        {t=0.971,cf=CFrame.new(1531.676,759.473,-522.896,0.096,0.000,0.995,0.000,1.000,0.000,-0.995,0.000,0.096),s="Freefall",v=Vector3.new(-59.568,12.225,-5.166)},
        {t=0.975,cf=CFrame.new(1531.423,759.522,-522.918,0.096,0.000,0.995,0.000,1.000,0.000,-0.995,0.000,0.096),s="Freefall",v=Vector3.new(-59.579,11.455,-5.119)},
        {t=0.979,cf=CFrame.new(1531.176,759.565,-522.939,0.095,0.000,0.995,0.000,1.000,0.000,-0.995,0.000,0.095),s="Freefall",v=Vector3.new(-59.583,11.096,-5.102)},
        {t=0.984,cf=CFrame.new(1530.927,759.608,-522.961,0.095,0.000,0.996,0.000,1.000,0.000,-0.996,0.000,0.095),s="Freefall",v=Vector3.new(-59.585,10.312,-5.082)},
        {t=0.988,cf=CFrame.new(1530.671,759.648,-522.983,0.094,0.000,0.996,0.000,1.000,0.000,-0.996,0.000,0.094),s="Freefall",v=Vector3.new(-59.586,9.130,-5.070)},
        {t=0.992,cf=CFrame.new(1530.418,759.683,-523.005,0.094,0.000,0.996,0.000,1.000,0.000,-0.996,0.000,0.094),s="Freefall",v=Vector3.new(-59.589,8.329,-5.038)},
        {t=0.997,cf=CFrame.new(1530.159,759.716,-523.027,0.093,0.000,0.996,0.000,1.000,0.000,-0.996,0.000,0.093),s="Freefall",v=Vector3.new(-59.593,7.222,-4.988)},
        {t=1.002,cf=CFrame.new(1529.903,759.743,-523.048,0.093,0.000,0.996,0.000,1.000,0.000,-0.996,0.000,0.093),s="Freefall",v=Vector3.new(-59.594,6.518,-4.971)},
        {t=1.006,cf=CFrame.new(1529.651,759.768,-523.070,0.092,0.000,0.996,0.000,1.000,0.000,-0.996,0.000,0.092),s="Freefall",v=Vector3.new(-59.595,5.805,-4.964)},
        {t=1.011,cf=CFrame.new(1529.387,759.790,-523.092,0.092,0.000,0.996,0.000,1.000,0.000,-0.996,0.000,0.092),s="Freefall",v=Vector3.new(-59.595,4.384,-4.961)},
        {t=1.015,cf=CFrame.new(1529.128,759.805,-523.113,0.091,0.000,0.996,0.000,1.000,0.000,-0.996,0.000,0.091),s="Freefall",v=Vector3.new(-59.598,3.550,-4.927)},
        {t=1.020,cf=CFrame.new(1528.865,759.818,-523.135,0.091,0.000,0.996,0.000,1.000,0.000,-0.996,0.000,0.091),s="Freefall",v=Vector3.new(-59.601,2.694,-4.889)},
        {t=1.024,cf=CFrame.new(1528.604,759.827,-523.157,0.090,0.000,0.996,0.000,1.000,0.000,-0.996,0.000,0.090),s="Freefall",v=Vector3.new(-59.606,1.829,-4.830)},
        {t=1.031,cf=CFrame.new(1528.093,759.833,-523.198,0.090,0.000,0.996,0.000,1.000,0.000,-0.996,0.000,0.090),s="Freefall",v=Vector3.new(-59.462,0.239,-4.766)},
        {t=1.038,cf=CFrame.new(1527.820,759.832,-523.220,0.089,0.000,0.996,0.000,1.000,0.000,-0.996,0.000,0.089),s="Freefall",v=Vector3.new(-59.575,-0.843,-4.756)},
        {t=1.044,cf=CFrame.new(1527.318,759.816,-523.260,0.088,0.000,0.996,0.000,1.000,0.000,-0.996,0.000,0.088),s="Freefall",v=Vector3.new(-59.456,-2.133,-4.717)},
        {t=1.049,cf=CFrame.new(1526.824,759.790,-523.300,0.088,0.000,0.996,0.000,1.000,0.000,-0.996,0.000,0.088),s="Freefall",v=Vector3.new(-59.430,-3.378,-4.664)},
        {t=1.054,cf=CFrame.new(1526.573,759.774,-523.320,0.087,0.000,0.996,0.000,1.000,0.000,-0.996,0.000,0.087),s="Freefall",v=Vector3.new(-59.573,-4.154,-4.655)},
        {t=1.059,cf=CFrame.new(1526.320,759.754,-523.339,0.087,0.000,0.996,0.000,1.000,0.000,-0.996,0.000,0.087),s="Freefall",v=Vector3.new(-59.608,-5.060,-4.650)},
        {t=1.062,cf=CFrame.new(1526.068,759.731,-523.359,0.087,0.000,0.996,0.000,1.000,0.000,-0.996,0.000,0.087),s="Freefall",v=Vector3.new(-59.617,-5.886,-4.649)},
        {t=1.066,cf=CFrame.new(1525.818,759.704,-523.379,0.086,0.000,0.996,0.000,1.000,0.000,-0.996,0.000,0.086),s="Freefall",v=Vector3.new(-59.620,-6.643,-4.648)},
        {t=1.071,cf=CFrame.new(1525.565,759.674,-523.399,0.086,0.000,0.996,0.000,1.000,0.000,-0.996,0.000,0.086),s="Freefall",v=Vector3.new(-59.620,-7.511,-4.647)},
        {t=1.075,cf=CFrame.new(1525.310,759.639,-523.418,0.085,0.000,0.996,0.000,1.000,0.000,-0.996,0.000,0.085),s="Freefall",v=Vector3.new(-59.620,-8.432,-4.647)},
        {t=1.080,cf=CFrame.new(1525.057,759.602,-523.438,0.085,0.000,0.996,0.000,1.000,0.000,-0.996,0.000,0.085),s="Freefall",v=Vector3.new(-59.621,-9.258,-4.647)},
        {t=1.084,cf=CFrame.new(1524.807,759.560,-523.458,0.085,0.000,0.996,0.000,1.000,0.000,-0.996,0.000,0.085),s="Freefall",v=Vector3.new(-59.621,-9.976,-4.647)},
        {t=1.087,cf=CFrame.new(1524.558,759.516,-523.477,0.085,0.000,0.996,0.000,1.000,0.000,-0.996,0.000,0.085),s="Freefall",v=Vector3.new(-59.621,-10.651,-4.647)},
        {t=1.091,cf=CFrame.new(1524.310,759.470,-523.497,0.084,0.000,0.996,0.000,1.000,0.000,-0.996,0.000,0.084),s="Freefall",v=Vector3.new(-59.621,-11.354,-4.647)},
        {t=1.095,cf=CFrame.new(1524.061,759.421,-523.516,0.084,0.000,0.996,0.000,1.000,0.000,-0.996,0.000,0.084),s="Freefall",v=Vector3.new(-59.621,-12.182,-4.647)},
        {t=1.100,cf=CFrame.new(1523.812,759.368,-523.535,0.084,0.000,0.996,0.000,1.000,0.000,-0.996,0.000,0.084),s="Freefall",v=Vector3.new(-59.621,-13.014,-4.647)},
        {t=1.105,cf=CFrame.new(1523.560,759.311,-523.555,0.083,0.000,0.997,0.000,1.000,0.000,-0.997,0.000,0.083),s="Freefall",v=Vector3.new(-59.621,-13.946,-4.647)},
        {t=1.109,cf=CFrame.new(1523.309,759.250,-523.575,0.083,0.000,0.997,0.000,1.000,0.000,-0.997,0.000,0.083),s="Freefall",v=Vector3.new(-59.621,-14.843,-4.647)},
        {t=1.115,cf=CFrame.new(1522.819,759.119,-523.613,0.083,0.000,0.997,0.000,1.000,0.000,-0.997,0.000,0.083),s="Freefall",v=Vector3.new(-59.472,-16.176,-4.636)},
        {t=1.120,cf=CFrame.new(1522.572,759.049,-523.632,0.083,0.000,0.997,0.000,1.000,0.000,-0.997,0.000,0.083),s="Freefall",v=Vector3.new(-59.583,-16.979,-4.644)},
        {t=1.126,cf=CFrame.new(1522.317,758.975,-523.652,0.082,0.000,0.997,0.000,1.000,0.000,-0.997,0.000,0.082),s="Freefall",v=Vector3.new(-59.611,-18.069,-4.646)},
        {t=1.131,cf=CFrame.new(1522.062,758.896,-523.672,0.082,0.000,0.997,0.000,1.000,0.000,-0.997,0.000,0.082),s="Freefall",v=Vector3.new(-59.618,-19.062,-4.647)},
        {t=1.139,cf=CFrame.new(1521.566,758.728,-523.711,0.082,0.000,0.997,0.000,1.000,0.000,-0.997,0.000,0.082),s="Freefall",v=Vector3.new(-59.472,-20.530,-4.632)},
        {t=1.143,cf=CFrame.new(1521.084,758.552,-523.748,0.081,0.000,0.997,0.000,1.000,0.000,-0.997,0.000,0.081),s="Freefall",v=Vector3.new(-59.439,-21.509,-4.582)},
        {t=1.147,cf=CFrame.new(1521.079,758.552,-523.749,0.081,0.000,0.997,0.000,1.000,0.000,-0.997,0.000,0.081),s="Freefall",v=Vector3.new(-59.729,-21.992,-4.574)},
        {t=1.151,cf=CFrame.new(1520.829,758.457,-523.768,0.081,0.000,0.997,0.000,1.000,0.000,-0.997,0.000,0.081),s="Freefall",v=Vector3.new(-59.653,-22.880,-4.553)},
        {t=1.156,cf=CFrame.new(1520.578,758.359,-523.787,0.081,0.000,0.997,0.000,1.000,0.000,-0.997,0.000,0.081),s="Freefall",v=Vector3.new(-59.638,-23.694,-4.498)},
        {t=1.160,cf=CFrame.new(1520.328,758.257,-523.806,0.080,0.000,0.997,0.000,1.000,0.000,-0.997,0.000,0.080),s="Freefall",v=Vector3.new(-59.636,-24.540,-4.462)},
        {t=1.164,cf=CFrame.new(1520.079,758.153,-523.824,0.080,0.000,0.997,0.000,1.000,0.000,-0.997,0.000,0.080),s="Freefall",v=Vector3.new(-59.639,-25.279,-4.405)},
        {t=1.169,cf=CFrame.new(1519.830,758.045,-523.843,0.080,0.000,0.997,0.000,1.000,0.000,-0.997,0.000,0.080),s="Freefall",v=Vector3.new(-59.645,-26.107,-4.319)},
        {t=1.174,cf=CFrame.new(1519.335,757.818,-523.879,0.079,0.000,0.997,0.000,1.000,0.000,-0.997,0.000,0.079),s="Freefall",v=Vector3.new(-59.501,-27.772,-4.247)},
        {t=1.179,cf=CFrame.new(1519.085,757.699,-523.896,0.078,0.000,0.997,0.000,1.000,0.000,-0.997,0.000,0.078),s="Freefall",v=Vector3.new(-59.617,-28.615,-4.186)},
        {t=1.183,cf=CFrame.new(1518.836,757.577,-523.914,0.078,0.000,0.997,0.000,1.000,0.000,-0.997,0.000,0.078),s="Freefall",v=Vector3.new(-59.650,-29.323,-4.115)},
        {t=1.191,cf=CFrame.new(1518.572,757.447,-523.932,0.077,0.000,0.997,0.000,1.000,0.000,-0.997,0.000,0.077),s="Freefall",v=Vector3.new(-59.666,-30.541,-3.983)},
        {t=1.196,cf=CFrame.new(1518.076,757.182,-523.965,0.076,0.000,0.997,0.000,1.000,0.000,-0.997,0.000,0.076),s="Freefall",v=Vector3.new(-59.527,-32.068,-3.851)},
        {t=1.201,cf=CFrame.new(1517.824,757.044,-523.981,0.075,0.000,0.997,0.000,1.000,0.000,-0.997,0.000,0.075),s="Freefall",v=Vector3.new(-59.645,-32.887,-3.775)},
        {t=1.205,cf=CFrame.new(1517.575,756.904,-523.996,0.075,0.000,0.997,0.000,1.000,0.000,-0.997,0.000,0.075),s="Freefall",v=Vector3.new(-59.675,-33.549,-3.739)},
        {t=1.209,cf=CFrame.new(1517.324,756.761,-524.012,0.074,0.000,0.997,0.000,1.000,0.000,-0.997,0.000,0.074),s="Freefall",v=Vector3.new(-59.686,-34.420,-3.670)},
        {t=1.213,cf=CFrame.new(1517.076,756.616,-524.027,0.074,0.000,0.997,0.000,1.000,0.000,-0.997,0.000,0.074),s="Freefall",v=Vector3.new(-59.690,-35.087,-3.637)},
        {t=1.218,cf=CFrame.new(1516.823,756.466,-524.042,0.073,0.000,0.997,0.000,1.000,0.000,-0.997,0.000,0.073),s="Freefall",v=Vector3.new(-59.695,-36.054,-3.565)},
        {t=1.222,cf=CFrame.new(1516.574,756.313,-524.057,0.072,0.000,0.997,0.000,1.000,0.000,-0.997,0.000,0.072),s="Freefall",v=Vector3.new(-59.697,-36.750,-3.531)},
        {t=1.226,cf=CFrame.new(1516.327,756.158,-524.072,0.072,0.000,0.997,0.000,1.000,0.000,-0.997,0.000,0.072),s="Freefall",v=Vector3.new(-59.700,-37.462,-3.475)},
        {t=1.230,cf=CFrame.new(1516.081,756.002,-524.086,0.071,0.000,0.997,0.000,1.000,0.000,-0.997,0.000,0.071),s="Freefall",v=Vector3.new(-59.703,-38.147,-3.437)},
        {t=1.233,cf=CFrame.new(1515.837,755.843,-524.100,0.070,0.000,0.998,0.000,1.000,0.000,-0.998,0.000,0.070),s="Freefall",v=Vector3.new(-59.705,-38.828,-3.393)},
        {t=1.237,cf=CFrame.new(1515.593,755.682,-524.113,0.070,0.000,0.998,0.000,1.000,0.000,-0.998,0.000,0.070),s="Freefall",v=Vector3.new(-59.708,-39.561,-3.343)},
        {t=1.241,cf=CFrame.new(1515.349,755.518,-524.127,0.069,0.000,0.998,0.000,1.000,0.000,-0.998,0.000,0.069),s="Freefall",v=Vector3.new(-59.710,-40.362,-3.303)},
        {t=1.245,cf=CFrame.new(1515.098,755.346,-524.141,0.069,0.000,0.998,0.000,1.000,0.000,-0.998,0.000,0.069),s="Freefall",v=Vector3.new(-59.714,-41.584,-3.229)},
        {t=1.250,cf=CFrame.new(1514.845,755.167,-524.154,0.068,0.000,0.998,0.000,1.000,0.000,-0.998,0.000,0.068),s="Freefall",v=Vector3.new(-59.716,-42.564,-3.202)},
        {t=1.254,cf=CFrame.new(1514.596,754.987,-524.167,0.067,0.000,0.998,0.000,1.000,0.000,-0.998,0.000,0.067),s="Freefall",v=Vector3.new(-59.716,-43.279,-3.194)},
        {t=1.259,cf=CFrame.new(1514.343,754.802,-524.181,0.067,0.000,0.998,0.000,1.000,0.000,-0.998,0.000,0.067),s="Freefall",v=Vector3.new(-59.719,-44.205,-3.138)},
        {t=1.263,cf=CFrame.new(1514.093,754.613,-524.194,0.066,0.000,0.998,0.000,1.000,0.000,-0.998,0.000,0.066),s="Freefall",v=Vector3.new(-59.721,-45.021,-3.108)},
        {t=1.266,cf=CFrame.new(1513.845,754.424,-524.206,0.065,0.000,0.998,0.000,1.000,0.000,-0.998,0.000,0.065),s="Freefall",v=Vector3.new(-59.721,-45.648,-3.095)},
