-- CFrame Auto Walk Recording
-- Total Frames: 1765
-- Recorded HipHeight: 5.058475494384766

return {
    hipHeight = 5.058475494384766,
    frames = {
        {t=0.005,cf=CFrame.new(-196.233,400.827,-793.293,0.322,-0.000,-0.947,0.000,1.000,-0.000,0.947,0.000,0.322),s="Running",v=Vector3.new(-0.000,0.002,0.000)},
        {t=0.009,cf=CFrame.new(-196.233,400.827,-793.293,0.322,-0.000,-0.947,0.000,1.000,-0.000,0.947,0.000,0.322),s="Running",v=Vector3.new(-0.000,0.002,0.000)},
        {t=0.013,cf=CFrame.new(-196.233,400.827,-793.293,0.322,-0.000,-0.947,0.000,1.000,-0.000,0.947,0.000,0.322),s="Running",v=Vector3.new(-0.000,0.002,0.000)},
        {t=0.017,cf=CFrame.new(-196.233,400.827,-793.293,0.322,-0.000,-0.947,0.000,1.000,-0.000,0.947,0.000,0.322),s="Running",v=Vector3.new(-0.000,0.002,0.000)},
        {t=0.021,cf=CFrame.new(-196.233,400.827,-793.293,0.322,-0.000,-0.947,0.000,1.000,-0.000,0.947,0.000,0.322),s="Running",v=Vector3.new(-0.000,0.002,0.000)},
        {t=0.025,cf=CFrame.new(-196.233,400.827,-793.293,0.322,-0.000,-0.947,0.000,1.000,-0.000,0.947,0.000,0.322),s="Running",v=Vector3.new(-0.000,0.002,0.000)},
        {t=0.029,cf=CFrame.new(-196.233,400.827,-793.293,0.322,-0.000,-0.947,0.000,1.000,-0.000,0.947,0.000,0.322),s="Running",v=Vector3.new(-0.000,0.002,0.000)},
        {t=0.033,cf=CFrame.new(-196.233,400.827,-793.293,0.322,0.000,-0.947,-0.000,1.000,0.000,0.947,-0.000,0.322),s="Running",v=Vector3.new(-0.000,0.002,0.000)},
        {t=0.036,cf=CFrame.new(-196.233,400.827,-793.293,0.322,0.000,-0.947,-0.000,1.000,0.000,0.947,-0.000,0.322),s="Running",v=Vector3.new(-0.000,0.002,0.000)},
        {t=0.041,cf=CFrame.new(-196.233,400.827,-793.293,0.322,0.000,-0.947,-0.000,1.000,0.000,0.947,-0.000,0.322),s="Running",v=Vector3.new(-0.000,0.002,0.000)},
        {t=0.045,cf=CFrame.new(-196.233,400.827,-793.293,0.322,0.000,-0.947,-0.000,1.000,0.000,0.947,-0.000,0.322),s="Running",v=Vector3.new(-0.000,0.002,0.000)},
        {t=0.050,cf=CFrame.new(-196.233,400.827,-793.293,0.320,0.000,-0.947,-0.000,1.000,0.000,0.947,-0.000,0.320),s="Running",v=Vector3.new(-0.000,0.002,0.000)},
        {t=0.054,cf=CFrame.new(-196.233,400.827,-793.293,0.315,0.000,-0.949,-0.000,1.000,0.000,0.949,-0.000,0.315),s="Running",v=Vector3.new(-0.000,0.002,0.000)},
        {t=0.059,cf=CFrame.new(-196.233,400.827,-793.293,0.307,0.000,-0.952,-0.000,1.000,0.000,0.952,-0.000,0.307),s="Running",v=Vector3.new(-0.000,0.002,0.000)},
        {t=0.063,cf=CFrame.new(-196.233,400.827,-793.293,0.300,0.000,-0.954,-0.000,1.000,0.000,0.954,-0.000,0.300),s="Running",v=Vector3.new(-0.000,0.002,0.000)},
        {t=0.068,cf=CFrame.new(-196.233,400.827,-793.293,0.287,0.000,-0.958,-0.000,1.000,0.000,0.958,-0.000,0.287),s="Running",v=Vector3.new(-0.000,0.002,0.000)},
        {t=0.073,cf=CFrame.new(-196.233,400.827,-793.293,0.268,0.000,-0.963,-0.000,1.000,0.000,0.963,-0.000,0.268),s="Running",v=Vector3.new(-0.000,0.002,0.000)},
        {t=0.077,cf=CFrame.new(-196.233,400.827,-793.293,0.251,0.000,-0.968,-0.000,1.000,0.000,0.968,-0.000,0.251),s="Running",v=Vector3.new(-0.000,0.002,0.000)},
        {t=0.082,cf=CFrame.new(-196.233,400.827,-793.293,0.223,0.000,-0.975,-0.000,1.000,0.000,0.975,-0.000,0.223),s="Running",v=Vector3.new(0.000,0.002,0.000)},
        {t=0.087,cf=CFrame.new(-196.233,400.827,-793.293,0.200,0.000,-0.980,-0.000,1.000,0.000,0.980,-0.000,0.200),s="Running",v=Vector3.new(0.000,0.002,-0.000)},
        {t=0.092,cf=CFrame.new(-196.233,400.827,-793.293,0.156,0.000,-0.988,-0.000,1.000,0.000,0.988,-0.000,0.156),s="Running",v=Vector3.new(0.000,0.002,-0.000)},
        {t=0.098,cf=CFrame.new(-196.177,400.827,-793.302,0.106,0.000,-0.994,-0.000,1.000,0.000,0.994,-0.000,0.106),s="Running",v=Vector3.new(8.897,0.002,-1.403)},
        {t=0.103,cf=CFrame.new(-196.122,400.827,-793.310,0.059,0.000,-0.998,-0.000,1.000,0.000,0.998,0.000,0.059),s="Running",v=Vector3.new(13.380,0.002,-1.838)},
        {t=0.108,cf=CFrame.new(-196.047,400.827,-793.318,0.013,0.000,-1.000,-0.000,1.000,0.000,1.000,0.000,0.013),s="Running",v=Vector3.new(17.881,0.002,-2.000)},
        {t=0.113,cf=CFrame.new(-195.842,400.827,-793.333,-0.032,0.000,-0.999,-0.000,1.000,0.000,0.999,0.000,-0.032),s="Running",v=Vector3.new(26.884,0.002,-1.741)},
        {t=0.118,cf=CFrame.new(-195.711,400.827,-793.338,-0.090,0.000,-0.996,-0.000,1.000,0.000,0.996,0.000,-0.090),s="Running",v=Vector3.new(31.360,0.002,-1.243)},
        {t=0.124,cf=CFrame.new(-195.562,400.827,-793.339,-0.149,0.000,-0.989,-0.000,1.000,0.000,0.989,0.000,-0.149),s="Running",v=Vector3.new(35.746,0.002,-0.219)},
        {t=0.128,cf=CFrame.new(-195.396,400.827,-793.333,-0.211,0.000,-0.978,-0.000,1.000,0.000,0.978,0.000,-0.211),s="Running",v=Vector3.new(39.945,0.002,1.409)},
        {t=0.133,cf=CFrame.new(-195.213,400.827,-793.318,-0.273,0.000,-0.962,-0.000,1.000,0.000,0.962,0.000,-0.273),s="Running",v=Vector3.new(43.807,0.002,3.726)},
        {t=0.140,cf=CFrame.new(-194.807,400.827,-793.249,-0.335,-0.000,-0.942,-0.000,1.000,-0.000,0.942,0.000,-0.335),s="Running",v=Vector3.new(50.465,0.002,9.792)},
        {t=0.145,cf=CFrame.new(-194.587,400.827,-793.192,-0.403,-0.000,-0.915,-0.000,1.000,-0.000,0.915,0.000,-0.403),s="Running",v=Vector3.new(52.752,0.002,13.672)},
        {t=0.153,cf=CFrame.new(-194.363,400.827,-793.117,-0.463,-0.000,-0.886,-0.000,1.000,-0.000,0.886,0.000,-0.463),s="Running",v=Vector3.new(53.659,0.002,18.083)},
        {t=0.162,cf=CFrame.new(-193.697,400.827,-792.802,-0.563,-0.000,-0.826,-0.000,1.000,-0.000,0.826,0.000,-0.563),s="Running",v=Vector3.new(53.222,0.002,27.040)},
        {t=0.169,cf=CFrame.new(-193.275,400.827,-792.537,-0.633,-0.000,-0.774,-0.000,1.000,-0.000,0.774,0.000,-0.633),s="Running",v=Vector3.new(50.222,0.002,32.639)},
        {t=0.176,cf=CFrame.new(-193.075,400.827,-792.387,-0.688,-0.000,-0.725,-0.000,1.000,-0.000,0.725,0.000,-0.688),s="Running",v=Vector3.new(47.902,0.002,35.930)},
        {t=0.183,cf=CFrame.new(-192.703,400.827,-792.055,-0.743,-0.000,-0.669,-0.000,1.000,-0.000,0.669,0.000,-0.743),s="Running",v=Vector3.new(44.149,0.002,40.535)},
        {t=0.190,cf=CFrame.new(-192.360,400.827,-791.692,-0.783,-0.000,-0.623,-0.000,1.000,-0.000,0.623,0.000,-0.783),s="Running",v=Vector3.new(40.720,0.002,44.010)},
        {t=0.196,cf=CFrame.new(-192.199,400.827,-791.501,-0.810,-0.000,-0.586,-0.000,1.000,-0.000,0.586,-0.000,-0.810),s="Running",v=Vector3.new(38.620,0.002,45.847)},
        {t=0.202,cf=CFrame.new(-192.047,400.827,-791.303,-0.835,-0.000,-0.551,-0.000,1.000,-0.000,0.551,-0.000,-0.835),s="Running",v=Vector3.new(36.476,0.002,47.566)},
        {t=0.209,cf=CFrame.new(-191.764,400.827,-790.891,-0.859,-0.000,-0.512,-0.000,1.000,-0.000,0.512,-0.000,-0.859),s="Running",v=Vector3.new(33.519,0.002,49.732)},
        {t=0.217,cf=CFrame.new(-191.502,400.827,-790.465,-0.878,-0.000,-0.479,-0.000,1.000,-0.000,0.479,-0.000,-0.878),s="Running",v=Vector3.new(31.120,0.002,51.281)},
        {t=0.226,cf=CFrame.new(-191.257,400.827,-790.029,-0.894,-0.000,-0.448,-0.000,1.000,-0.000,0.448,-0.000,-0.894),s="Running",v=Vector3.new(29.061,0.002,52.481)},
        {t=0.235,cf=CFrame.new(-191.029,400.827,-789.585,-0.906,-0.000,-0.424,-0.000,1.000,-0.000,0.424,-0.000,-0.906),s="Running",v=Vector3.new(27.176,0.002,53.484)},
        {t=0.242,cf=CFrame.new(-190.813,400.827,-789.134,-0.914,-0.000,-0.405,-0.000,1.000,-0.000,0.405,-0.000,-0.914),s="Running",v=Vector3.new(25.695,0.002,54.215)},
        {t=0.248,cf=CFrame.new(-190.608,400.827,-788.678,-0.918,0.000,-0.396,0.000,1.000,-0.000,0.396,-0.000,-0.918),s="Running",v=Vector3.new(24.503,0.002,54.765)},
        {t=0.268,cf=CFrame.new(-190.309,400.827,-787.990,-0.920,0.000,-0.392,0.000,1.000,0.000,0.392,-0.000,-0.920),s="Running",v=Vector3.new(23.772,0.002,55.089)},
        {t=0.300,cf=CFrame.new(-189.524,400.613,-786.150,-0.921,0.000,-0.389,0.000,1.000,0.000,0.389,0.000,-0.921),s="Running",v=Vector3.new(23.539,-9.354,55.190)},
        {t=0.321,cf=CFrame.new(-189.136,400.590,-785.234,-0.922,0.000,-0.387,0.000,1.000,0.000,0.387,0.000,-0.922),s="Running",v=Vector3.new(23.213,-0.185,54.946)},
        {t=0.327,cf=CFrame.new(-188.752,400.590,-784.320,-0.924,0.000,-0.383,0.000,1.000,0.000,0.383,0.000,-0.924),s="Running",v=Vector3.new(23.038,-0.004,54.804)},
        {t=0.337,cf=CFrame.new(-188.561,400.513,-783.862,-0.924,0.000,-0.383,0.000,1.000,0.000,0.383,0.000,-0.924),s="Running",v=Vector3.new(22.829,-10.827,55.005)},
        {t=0.343,cf=CFrame.new(-188.466,400.464,-783.632,-0.925,0.000,-0.379,0.000,1.000,0.000,0.379,0.000,-0.925),s="Running",v=Vector3.new(22.903,-11.848,55.255)},
        {t=0.348,cf=CFrame.new(-188.276,400.355,-783.170,-0.929,0.000,-0.371,0.000,1.000,0.000,0.371,0.000,-0.929),s="Running",v=Vector3.new(22.775,-13.483,55.453)},
        {t=0.353,cf=CFrame.new(-188.183,400.295,-782.939,-0.930,-0.000,-0.366,-0.000,1.000,0.000,0.366,0.000,-0.930),s="Running",v=Vector3.new(22.413,-14.300,55.481)},
        {t=0.358,cf=CFrame.new(-188.091,400.232,-782.707,-0.933,-0.000,-0.360,-0.000,1.000,0.000,0.360,0.000,-0.933),s="Running",v=Vector3.new(22.089,-15.118,55.548)},
        {t=0.363,cf=CFrame.new(-188.000,400.166,-782.475,-0.936,-0.000,-0.352,-0.000,1.000,-0.000,0.352,0.000,-0.936),s="Running",v=Vector3.new(21.724,-15.935,55.670)},
        {t=0.368,cf=CFrame.new(-187.911,400.096,-782.243,-0.940,-0.000,-0.342,-0.000,1.000,-0.000,0.342,0.000,-0.940),s="Running",v=Vector3.new(21.277,-16.753,55.816)},
        {t=0.373,cf=CFrame.new(-187.739,399.946,-781.776,-0.943,-0.000,-0.332,-0.000,1.000,-0.000,0.332,0.000,-0.943),s="Running",v=Vector3.new(20.535,-18.388,56.058)},
        {t=0.378,cf=CFrame.new(-187.656,399.901,-781.542,-0.947,-0.000,-0.321,-0.000,1.000,-0.000,0.321,0.000,-0.947),s="Running",v=Vector3.new(20.086,-10.817,56.199)},
        {t=0.382,cf=CFrame.new(-187.575,399.868,-781.307,-0.951,-0.000,-0.309,-0.000,1.000,-0.000,0.309,0.000,-0.951),s="Running",v=Vector3.new(19.488,-7.935,56.406)},
        {t=0.387,cf=CFrame.new(-187.496,399.846,-781.070,-0.955,-0.000,-0.296,-0.000,1.000,-0.000,0.296,0.000,-0.955),s="Running",v=Vector3.new(18.872,-5.233,56.753)},
        {t=0.392,cf=CFrame.new(-187.420,399.829,-780.833,-0.959,-0.000,-0.284,-0.000,1.000,-0.000,0.284,0.000,-0.959),s="Running",v=Vector3.new(18.143,-4.182,57.044)},
        {t=0.397,cf=CFrame.new(-187.348,399.820,-780.594,-0.962,-0.000,-0.274,-0.000,1.000,-0.000,0.274,0.000,-0.962),s="Running",v=Vector3.new(17.449,-2.188,57.343)},
        {t=0.403,cf=CFrame.new(-187.209,399.815,-780.114,-0.966,-0.000,-0.260,-0.000,1.000,-0.000,0.260,0.000,-0.966),s="Running",v=Vector3.new(16.569,-0.308,57.639)},
        {t=0.408,cf=CFrame.new(-187.142,399.815,-779.873,-0.969,-0.000,-0.249,-0.000,1.000,-0.000,0.249,0.000,-0.969),s="Running",v=Vector3.new(15.968,0.057,57.786)},
        {t=0.413,cf=CFrame.new(-187.078,399.817,-779.632,-0.971,-0.000,-0.238,-0.000,1.000,-0.000,0.238,0.000,-0.971),s="Running",v=Vector3.new(15.276,0.400,57.864)},
        {t=0.418,cf=CFrame.new(-186.957,399.825,-779.148,-0.974,-0.000,-0.226,-0.000,1.000,-0.000,0.226,0.000,-0.974),s="Running",v=Vector3.new(14.408,1.203,58.081)},
        {t=0.423,cf=CFrame.new(-186.900,399.832,-778.905,-0.976,-0.000,-0.216,-0.000,1.000,-0.000,0.216,0.000,-0.976),s="Running",v=Vector3.new(13.881,1.542,58.239)},
        {t=0.427,cf=CFrame.new(-186.844,399.839,-778.662,-0.979,-0.000,-0.206,-0.000,1.000,-0.000,0.206,-0.000,-0.979),s="Running",v=Vector3.new(13.306,1.811,58.408)},
        {t=0.432,cf=CFrame.new(-186.791,399.848,-778.418,-0.981,-0.000,-0.196,-0.000,1.000,-0.000,0.196,-0.000,-0.981),s="Running",v=Vector3.new(12.714,1.989,58.588)},
        {t=0.437,cf=CFrame.new(-186.741,399.856,-778.173,-0.983,-0.000,-0.185,-0.000,1.000,-0.000,0.185,-0.000,-0.983),s="Running",v=Vector3.new(12.107,2.059,58.734)},
        {t=0.442,cf=CFrame.new(-186.693,399.865,-777.928,-0.985,-0.000,-0.173,-0.000,1.000,-0.000,0.173,-0.000,-0.985),s="Running",v=Vector3.new(11.495,2.003,58.875)},
        {t=0.447,cf=CFrame.new(-186.604,399.879,-777.436,-0.987,-0.000,-0.160,-0.000,1.000,-0.000,0.160,-0.000,-0.987),s="Running",v=Vector3.new(10.557,1.589,59.044)},
        {t=0.452,cf=CFrame.new(-186.562,399.884,-777.190,-0.989,-0.000,-0.148,-0.000,1.000,-0.000,0.148,-0.000,-0.989),s="Running",v=Vector3.new(9.939,1.232,59.116)},
        {t=0.457,cf=CFrame.new(-186.524,399.887,-776.943,-0.991,-0.000,-0.135,-0.000,1.000,-0.000,0.135,-0.000,-0.991),s="Running",v=Vector3.new(9.247,0.801,59.160)},
        {t=0.462,cf=CFrame.new(-186.488,399.887,-776.696,-0.993,-0.000,-0.122,-0.000,1.000,-0.000,0.122,-0.000,-0.993),s="Running",v=Vector3.new(8.542,-0.017,59.290)},
        {t=0.466,cf=CFrame.new(-186.456,399.884,-776.449,-0.994,0.000,-0.113,0.000,1.000,-0.000,0.113,-0.000,-0.994),s="Running",v=Vector3.new(7.758,-0.834,59.407)},
        {t=0.472,cf=CFrame.new(-186.397,399.871,-775.952,-0.995,0.000,-0.099,0.000,1.000,-0.000,0.099,-0.000,-0.995),s="Running",v=Vector3.new(6.913,-1.623,59.565)},
        {t=0.477,cf=CFrame.new(-186.371,399.867,-775.704,-0.996,0.000,-0.089,0.000,1.000,-0.000,0.089,-0.000,-0.996),s="Running",v=Vector3.new(6.307,-0.880,59.651)},
        {t=0.482,cf=CFrame.new(-186.347,399.868,-775.455,-0.997,0.000,-0.075,0.000,1.000,-0.000,0.075,-0.000,-0.997),s="Running",v=Vector3.new(5.688,0.221,59.718)},
        {t=0.486,cf=CFrame.new(-186.327,399.871,-775.206,-0.998,0.000,-0.068,0.000,1.000,0.000,0.068,-0.000,-0.998),s="Running",v=Vector3.new(4.934,0.663,59.785)},
        {t=0.492,cf=CFrame.new(-186.291,399.886,-774.708,-0.998,0.000,-0.061,0.000,1.000,0.000,0.061,-0.000,-0.998),s="Running",v=Vector3.new(4.183,2.019,59.815)},
        {t=0.495,cf=CFrame.new(-186.291,399.886,-774.708,-0.998,0.000,-0.056,0.000,1.000,0.000,0.056,-0.000,-0.998),s="Running",v=Vector3.new(4.183,2.019,59.815)},
        {t=0.500,cf=CFrame.new(-186.276,399.896,-774.458,-0.999,0.000,-0.054,0.000,1.000,0.000,0.054,-0.000,-0.999),s="Running",v=Vector3.new(3.649,2.185,59.846)},
        {t=0.505,cf=CFrame.new(-186.262,399.906,-774.209,-0.999,0.000,-0.050,0.000,1.000,0.000,0.050,-0.000,-0.999),s="Running",v=Vector3.new(3.383,2.627,59.844)},
        {t=0.509,cf=CFrame.new(-186.249,399.920,-773.960,-0.999,0.000,-0.050,0.000,1.000,0.000,0.050,-0.000,-0.999),s="Running",v=Vector3.new(3.151,3.176,59.830)},
        {t=0.516,cf=CFrame.new(-186.223,399.948,-773.461,-0.999,0.000,-0.050,0.000,1.000,0.000,0.050,-0.000,-0.999),s="Running",v=Vector3.new(3.032,3.458,59.823)},
        {t=0.524,cf=CFrame.new(-186.198,399.966,-772.963,-0.999,0.000,-0.050,0.000,1.000,0.000,0.050,-0.000,-0.999),s="Running",v=Vector3.new(3.011,1.547,59.751)},
        {t=0.531,cf=CFrame.new(-186.186,399.970,-772.714,-0.999,0.000,-0.050,0.000,1.000,0.000,0.050,-0.000,-0.999),s="Running",v=Vector3.new(3.008,1.147,59.713)},
        {t=0.544,cf=CFrame.new(-186.161,399.981,-772.217,-0.999,0.000,-0.052,0.000,1.000,0.000,0.052,-0.000,-0.999),s="Running",v=Vector3.new(3.006,1.361,59.693)},
        {t=0.552,cf=CFrame.new(-186.109,400.015,-771.221,-0.998,0.000,-0.056,0.000,1.000,0.000,0.056,0.000,-0.998),s="Running",v=Vector3.new(3.112,2.430,59.774)},
        {t=0.563,cf=CFrame.new(-186.082,400.034,-770.722,-0.998,0.000,-0.056,0.000,1.000,0.000,0.056,0.000,-0.998),s="Running",v=Vector3.new(3.300,2.225,59.886)},
        {t=0.578,cf=CFrame.new(-186.026,400.062,-769.724,-0.998,-0.000,-0.056,-0.000,1.000,0.000,0.056,0.000,-0.998),s="Running",v=Vector3.new(3.331,1.313,59.905)},
        {t=0.583,cf=CFrame.new(-186.012,400.067,-769.474,-0.998,-0.000,-0.056,-0.000,1.000,0.000,0.056,0.000,-0.998),s="Running",v=Vector3.new(3.331,1.133,59.906)},
        {t=0.587,cf=CFrame.new(-185.998,400.071,-769.224,-0.998,-0.000,-0.056,-0.000,1.000,0.000,0.056,0.000,-0.998),s="Running",v=Vector3.new(3.331,0.971,59.907)},
        {t=0.592,cf=CFrame.new(-185.985,400.074,-768.975,-0.998,-0.000,-0.056,-0.000,1.000,0.000,0.056,0.000,-0.998),s="Running",v=Vector3.new(3.331,0.831,59.907)},
        {t=0.596,cf=CFrame.new(-185.971,400.077,-768.725,-0.998,-0.000,-0.056,-0.000,1.000,-0.000,0.056,0.000,-0.998),s="Running",v=Vector3.new(3.331,0.715,59.907)},
        {t=0.601,cf=CFrame.new(-185.957,400.080,-768.475,-0.998,-0.000,-0.056,-0.000,1.000,-0.000,0.056,0.000,-0.998),s="Running",v=Vector3.new(3.331,0.623,59.907)},
        {t=0.605,cf=CFrame.new(-185.943,400.082,-768.226,-0.998,-0.000,-0.056,-0.000,1.000,-0.000,0.056,0.000,-0.998),s="Running",v=Vector3.new(3.331,0.548,59.907)},
        {t=0.609,cf=CFrame.new(-185.929,400.084,-767.976,-0.998,-0.000,-0.056,-0.000,1.000,-0.000,0.056,0.000,-0.998),s="Running",v=Vector3.new(3.331,0.489,59.907)},
        {t=0.613,cf=CFrame.new(-185.901,400.088,-767.477,-0.998,-0.000,-0.056,-0.000,1.000,-0.000,0.056,0.000,-0.998),s="Running",v=Vector3.new(3.331,0.409,59.907)},
        {t=0.618,cf=CFrame.new(-185.887,400.089,-767.227,-0.998,-0.000,-0.056,-0.000,1.000,-0.000,0.056,0.000,-0.998),s="Running",v=Vector3.new(3.331,0.384,59.907)},
        {t=0.623,cf=CFrame.new(-185.873,400.091,-766.978,-0.998,-0.000,-0.056,-0.000,1.000,-0.000,0.056,0.000,-0.998),s="Running",v=Vector3.new(3.331,0.368,59.907)},
        {t=0.627,cf=CFrame.new(-185.860,400.092,-766.728,-0.998,-0.000,-0.056,-0.000,1.000,-0.000,0.056,0.000,-0.998),s="Running",v=Vector3.new(3.331,0.358,59.907)},
        {t=0.631,cf=CFrame.new(-185.846,400.094,-766.478,-0.998,-0.000,-0.056,-0.000,1.000,-0.000,0.056,0.000,-0.998),s="Running",v=Vector3.new(3.331,0.320,59.904)},
        {t=0.635,cf=CFrame.new(-185.832,400.095,-766.229,-0.998,-0.000,-0.056,-0.000,1.000,-0.000,0.056,0.000,-0.998),s="Running",v=Vector3.new(3.330,0.241,59.890)},
        {t=0.640,cf=CFrame.new(-185.818,400.092,-765.979,-0.998,-0.000,-0.056,-0.000,1.000,-0.000,0.056,0.000,-0.998),s="Running",v=Vector3.new(3.330,-0.576,59.885)},
        {t=0.644,cf=CFrame.new(-185.804,400.086,-765.730,-0.998,-0.000,-0.056,-0.000,1.000,-0.000,0.056,0.000,-0.998),s="Running",v=Vector3.new(3.329,-1.394,59.858)},
        {t=0.648,cf=CFrame.new(-185.790,400.077,-765.480,-0.998,-0.000,-0.056,-0.000,1.000,-0.000,0.056,0.000,-0.998),s="Running",v=Vector3.new(3.328,-2.211,59.847)},
        {t=0.654,cf=CFrame.new(-185.776,400.065,-765.231,-0.998,-0.000,-0.056,-0.000,1.000,-0.000,0.056,0.000,-0.998),s="Running",v=Vector3.new(3.326,-3.029,59.806)},
        {t=0.658,cf=CFrame.new(-185.762,400.049,-764.982,-0.998,-0.000,-0.056,-0.000,1.000,-0.000,0.056,0.000,-0.998),s="Running",v=Vector3.new(3.322,-3.846,59.742)},
        {t=0.663,cf=CFrame.new(-185.749,400.030,-764.734,-0.998,-0.000,-0.056,-0.000,1.000,-0.000,0.056,0.000,-0.998),s="Running",v=Vector3.new(3.321,-4.531,59.718)},
        {t=0.667,cf=CFrame.new(-185.735,400.013,-764.484,-0.998,-0.000,-0.056,-0.000,1.000,-0.000,0.056,0.000,-0.998),s="Running",v=Vector3.new(3.324,-3.901,59.772)},
        {t=0.672,cf=CFrame.new(-185.721,399.998,-764.235,-0.998,-0.000,-0.056,-0.000,1.000,-0.000,0.056,0.000,-0.998),s="Running",v=Vector3.new(3.325,-3.665,59.792)},
        {t=0.675,cf=CFrame.new(-185.707,399.987,-763.986,-0.998,-0.000,-0.056,-0.000,1.000,-0.000,0.056,0.000,-0.998),s="Running",v=Vector3.new(3.328,-2.688,59.841)},
        {t=0.679,cf=CFrame.new(-185.693,399.981,-763.737,-0.998,-0.000,-0.056,-0.000,1.000,-0.000,0.056,-0.000,-0.998),s="Running",v=Vector3.new(3.330,-1.434,59.880)},
        {t=0.684,cf=CFrame.new(-185.679,399.977,-763.487,-0.998,0.000,-0.056,0.000,1.000,-0.000,0.056,-0.000,-0.998),s="Running",v=Vector3.new(3.331,-0.964,59.895)},
        {t=0.688,cf=CFrame.new(-185.665,399.977,-763.237,-0.998,0.000,-0.056,0.000,1.000,-0.000,0.056,-0.000,-0.998),s="Running",v=Vector3.new(3.331,0.098,59.900)},
        {t=0.693,cf=CFrame.new(-185.638,399.991,-762.738,-0.998,0.000,-0.056,0.000,1.000,-0.000,0.056,-0.000,-0.998),s="Running",v=Vector3.new(3.329,1.860,59.873)},
        {t=0.698,cf=CFrame.new(-185.624,400.002,-762.489,-0.998,0.000,-0.056,0.000,1.000,-0.000,0.056,-0.000,-0.998),s="Running",v=Vector3.new(3.328,2.555,59.849)},
        {t=0.702,cf=CFrame.new(-185.610,400.013,-762.240,-0.998,0.000,-0.056,0.000,1.000,-0.000,0.056,-0.000,-0.998),s="Running",v=Vector3.new(3.328,2.815,59.839)},
        {t=0.706,cf=CFrame.new(-185.596,400.022,-761.990,-0.998,0.000,-0.056,0.000,1.000,-0.000,0.056,-0.000,-0.998),s="Running",v=Vector3.new(3.327,1.997,59.822)},
        {t=0.710,cf=CFrame.new(-185.582,400.026,-761.741,-0.998,0.000,-0.056,0.000,1.000,0.000,0.056,-0.000,-0.998),s="Running",v=Vector3.new(3.325,1.164,59.801)},
        {t=0.715,cf=CFrame.new(-185.568,400.030,-761.492,-0.998,0.000,-0.056,0.000,1.000,0.000,0.056,-0.000,-0.998),s="Running",v=Vector3.new(3.325,0.849,59.793)},
        {t=0.720,cf=CFrame.new(-185.555,400.034,-761.244,-0.998,0.000,-0.056,0.000,1.000,0.000,0.056,-0.000,-0.998),s="Running",v=Vector3.new(3.317,0.891,59.650)},
        {t=0.725,cf=CFrame.new(-185.541,400.039,-760.995,-0.998,0.000,-0.056,0.000,1.000,0.000,0.056,-0.000,-0.998),s="Running",v=Vector3.new(3.314,1.206,59.597)},
        {t=0.729,cf=CFrame.new(-185.527,400.046,-760.748,-0.998,0.000,-0.056,0.000,1.000,0.000,0.056,-0.000,-0.998),s="Running",v=Vector3.new(3.303,1.750,59.402)},
        {t=0.734,cf=CFrame.new(-185.513,400.056,-760.502,-0.998,0.000,-0.056,0.000,1.000,0.000,0.056,-0.000,-0.998),s="Running",v=Vector3.new(3.287,2.442,59.102)},
        {t=0.739,cf=CFrame.new(-185.500,400.069,-760.254,-0.998,0.000,-0.056,0.000,1.000,0.000,0.056,-0.000,-0.998),s="Running",v=Vector3.new(3.298,3.191,59.314)},
        {t=0.743,cf=CFrame.new(-185.472,400.105,-759.761,-0.998,0.000,-0.056,0.000,1.000,0.000,0.056,-0.000,-0.998),s="Running",v=Vector3.new(3.289,4.580,59.146)},
        {t=0.747,cf=CFrame.new(-185.458,400.126,-759.513,-0.998,0.000,-0.056,0.000,1.000,0.000,0.056,-0.000,-0.998),s="Running",v=Vector3.new(3.308,4.999,59.485)},
        {t=0.753,cf=CFrame.new(-185.445,400.147,-759.265,-0.998,0.000,-0.056,0.000,1.000,0.000,0.056,-0.000,-0.998),s="Running",v=Vector3.new(3.315,5.239,59.612)},
        {t=0.757,cf=CFrame.new(-185.431,400.169,-759.016,-0.998,0.000,-0.056,0.000,1.000,0.000,0.056,-0.000,-0.998),s="Running",v=Vector3.new(3.324,5.236,59.781)},
        {t=0.762,cf=CFrame.new(-185.417,400.190,-758.767,-0.998,0.000,-0.056,0.000,1.000,0.000,0.056,-0.000,-0.998),s="Running",v=Vector3.new(3.328,5.014,59.844)},
        {t=0.766,cf=CFrame.new(-185.403,400.209,-758.517,-0.998,0.000,-0.056,0.000,1.000,0.000,0.056,-0.000,-0.998),s="Running",v=Vector3.new(3.329,4.538,59.866)},
        {t=0.772,cf=CFrame.new(-185.389,400.226,-758.268,-0.998,0.000,-0.056,0.000,1.000,0.000,0.056,-0.000,-0.998),s="Running",v=Vector3.new(3.329,3.948,59.874)},
        {t=0.776,cf=CFrame.new(-185.361,400.251,-757.769,-0.998,0.000,-0.056,0.000,1.000,0.000,0.056,-0.000,-0.998),s="Running",v=Vector3.new(3.330,2.711,59.876)},
        {t=0.783,cf=CFrame.new(-185.347,400.260,-757.519,-0.998,0.000,-0.056,0.000,1.000,0.000,0.056,-0.000,-0.998),s="Running",v=Vector3.new(3.330,2.269,59.891)},
        {t=0.788,cf=CFrame.new(-185.334,400.268,-757.270,-0.999,0.000,-0.052,0.000,1.000,0.000,0.052,0.000,-0.999),s="Running",v=Vector3.new(3.331,1.960,59.898)},
        {t=0.794,cf=CFrame.new(-185.307,400.283,-756.771,-0.999,-0.000,-0.045,-0.000,1.000,0.000,0.045,0.000,-0.999),s="Running",v=Vector3.new(3.149,1.714,59.875)},
        {t=0.801,cf=CFrame.new(-185.295,400.290,-756.521,-0.999,-0.000,-0.035,-0.000,1.000,0.000,0.035,0.000,-0.999),s="Running",v=Vector3.new(2.870,1.587,59.911)},
        {t=0.807,cf=CFrame.new(-185.276,400.301,-756.021,-1.000,-0.000,-0.024,-0.000,1.000,0.000,0.024,0.000,-1.000),s="Running",v=Vector3.new(2.187,1.294,59.952)},
        {t=0.811,cf=CFrame.new(-185.269,400.305,-755.772,-1.000,-0.000,-0.012,-0.000,1.000,0.000,0.012,0.000,-1.000),s="Running",v=Vector3.new(1.722,0.999,59.889)},
        {t=0.817,cf=CFrame.new(-185.264,400.308,-755.522,-1.000,-0.000,-0.003,-0.000,1.000,0.000,0.003,0.000,-1.000),s="Running",v=Vector3.new(1.091,0.595,59.898)},
        {t=0.823,cf=CFrame.new(-185.261,400.302,-755.024,-1.000,-0.000,0.009,-0.000,1.000,0.000,-0.009,0.000,-1.000),s="Running",v=Vector3.new(0.315,-1.040,59.788)},
        {t=0.829,cf=CFrame.new(-185.262,400.295,-754.775,-1.000,-0.000,0.021,-0.000,1.000,0.000,-0.021,0.000,-1.000),s="Running",v=Vector3.new(-0.221,-1.857,59.809)},
        {t=0.835,cf=CFrame.new(-185.266,400.283,-754.525,-0.999,-0.000,0.037,-0.000,1.000,0.000,-0.037,0.000,-0.999),s="Running",v=Vector3.new(-0.880,-2.675,59.839)},
        {t=0.841,cf=CFrame.new(-185.281,400.251,-754.027,-0.999,-0.000,0.049,-0.000,1.000,0.000,-0.049,0.000,-0.999),s="Running",v=Vector3.new(-2.029,-4.310,59.848)},
        {t=0.845,cf=CFrame.new(-185.292,400.230,-753.777,-0.998,-0.000,0.060,-0.000,1.000,0.000,-0.060,0.000,-0.998),s="Running",v=Vector3.new(-2.605,-5.127,59.853)},
        {t=0.851,cf=CFrame.new(-185.305,400.214,-753.528,-0.998,-0.000,0.068,-0.000,1.000,0.000,-0.068,-0.000,-0.998),s="Running",v=Vector3.new(-3.213,-3.613,59.840)},
        {t=0.856,cf=CFrame.new(-185.338,400.193,-753.029,-0.997,-0.000,0.079,-0.000,1.000,0.000,-0.079,-0.000,-0.997),s="Running",v=Vector3.new(-3.977,-2.474,59.819)},
        {t=0.862,cf=CFrame.new(-185.356,400.185,-752.780,-0.996,-0.000,0.084,-0.000,1.000,0.000,-0.084,-0.000,-0.996),s="Running",v=Vector3.new(-4.448,-1.861,59.804)},
        {t=0.867,cf=CFrame.new(-185.376,400.187,-752.531,-0.996,-0.000,0.089,-0.000,1.000,0.000,-0.089,-0.000,-0.996),s="Running",v=Vector3.new(-4.819,0.571,59.772)},
        {t=0.873,cf=CFrame.new(-185.398,400.198,-752.282,-0.996,-0.000,0.095,-0.000,1.000,0.000,-0.095,-0.000,-0.996),s="Running",v=Vector3.new(-5.150,2.535,59.693)},
        {t=0.877,cf=CFrame.new(-185.444,400.219,-751.785,-0.995,-0.000,0.096,-0.000,1.000,0.000,-0.096,-0.000,-0.995),s="Running",v=Vector3.new(-5.594,2.584,59.678)},
        {t=0.883,cf=CFrame.new(-185.467,400.227,-751.538,-0.995,-0.000,0.098,-0.000,1.000,0.000,-0.098,-0.000,-0.995),s="Running",v=Vector3.new(-5.681,1.766,59.426)},
        {t=0.888,cf=CFrame.new(-185.492,400.232,-751.290,-0.995,-0.000,0.098,-0.000,1.000,0.000,-0.098,0.000,-0.995),s="Running",v=Vector3.new(-5.778,1.283,59.325)},
        {t=0.893,cf=CFrame.new(-185.516,400.237,-751.043,-0.995,-0.000,0.098,-0.000,1.000,0.000,-0.098,0.000,-0.995),s="Running",v=Vector3.new(-5.814,1.336,59.288)},
        {t=0.897,cf=CFrame.new(-185.540,400.244,-750.796,-0.995,-0.000,0.098,-0.000,1.000,0.000,-0.098,0.000,-0.995),s="Running",v=Vector3.new(-5.828,1.677,59.274)},
        {t=0.902,cf=CFrame.new(-185.589,400.265,-750.302,-0.995,0.000,0.098,0.000,1.000,0.000,-0.098,0.000,-0.995),s="Running",v=Vector3.new(-5.835,2.675,59.266)},
        {t=0.906,cf=CFrame.new(-185.613,400.278,-750.056,-0.995,0.000,0.098,0.000,1.000,-0.000,-0.098,0.000,-0.995),s="Running",v=Vector3.new(-5.836,3.207,59.266)},
        {t=0.910,cf=CFrame.new(-185.637,400.293,-749.809,-0.995,0.000,0.098,0.000,1.000,-0.000,-0.098,0.000,-0.995),s="Running",v=Vector3.new(-5.836,3.709,59.265)},
        {t=0.914,cf=CFrame.new(-185.662,400.311,-749.562,-0.995,0.000,0.098,0.000,1.000,-0.000,-0.098,0.000,-0.995),s="Running",v=Vector3.new(-5.836,4.170,59.265)},
        {t=0.920,cf=CFrame.new(-185.686,400.330,-749.315,-0.995,0.000,0.098,0.000,1.000,-0.000,-0.098,0.000,-0.995),s="Running",v=Vector3.new(-5.836,4.583,59.265)},
        {t=0.925,cf=CFrame.new(-185.710,400.350,-749.068,-0.995,0.000,0.098,0.000,1.000,-0.000,-0.098,0.000,-0.995),s="Running",v=Vector3.new(-5.836,4.950,59.265)},
        {t=0.930,cf=CFrame.new(-185.735,400.372,-748.821,-0.995,0.000,0.098,0.000,1.000,-0.000,-0.098,0.000,-0.995),s="Running",v=Vector3.new(-5.836,5.272,59.265)},
        {t=0.934,cf=CFrame.new(-185.783,400.420,-748.327,-0.995,0.000,0.098,0.000,1.000,-0.000,-0.098,0.000,-0.995),s="Running",v=Vector3.new(-5.836,5.788,59.265)},
        {t=0.939,cf=CFrame.new(-185.808,400.445,-748.080,-0.995,0.000,0.098,0.000,1.000,-0.000,-0.098,0.000,-0.995),s="Running",v=Vector3.new(-5.845,5.979,59.356)},
        {t=0.943,cf=CFrame.new(-185.832,400.470,-747.832,-0.995,0.000,0.098,0.000,1.000,-0.000,-0.098,0.000,-0.995),s="Running",v=Vector3.new(-5.860,6.039,59.506)},
        {t=0.947,cf=CFrame.new(-185.856,400.494,-747.583,-0.995,0.000,0.098,0.000,1.000,-0.000,-0.098,0.000,-0.995),s="Running",v=Vector3.new(-5.870,5.888,59.604)},
        {t=0.953,cf=CFrame.new(-185.881,400.517,-747.335,-0.995,0.000,0.100,0.000,1.000,-0.000,-0.100,0.000,-0.995),s="Running",v=Vector3.new(-5.875,5.498,59.662)},
        {t=0.958,cf=CFrame.new(-185.906,400.538,-747.086,-0.995,0.000,0.100,0.000,1.000,-0.000,-0.100,0.000,-0.995),s="Running",v=Vector3.new(-5.937,4.889,59.616)},
        {t=0.963,cf=CFrame.new(-185.931,400.554,-746.838,-0.995,0.000,0.101,0.000,1.000,-0.000,-0.101,0.000,-0.995),s="Running",v=Vector3.new(-5.953,4.054,59.539)},
        {t=0.968,cf=CFrame.new(-185.981,400.575,-746.345,-0.995,0.000,0.103,0.000,1.000,-0.000,-0.103,0.000,-0.995),s="Running",v=Vector3.new(-6.014,1.861,59.123)},
        {t=0.973,cf=CFrame.new(-186.006,400.579,-746.100,-0.995,0.000,0.103,0.000,1.000,-0.000,-0.103,0.000,-0.995),s="Running",v=Vector3.new(-6.059,1.044,58.827)},
        {t=0.977,cf=CFrame.new(-186.031,400.577,-745.855,-0.995,0.000,0.103,0.000,1.000,-0.000,-0.103,0.000,-0.995),s="Running",v=Vector3.new(-6.076,-0.579,58.716)},
        {t=0.982,cf=CFrame.new(-186.056,400.568,-745.611,-0.995,0.000,0.103,0.000,1.000,-0.000,-0.103,0.000,-0.995),s="Running",v=Vector3.new(-6.082,-2.008,58.674)},
        {t=0.986,cf=CFrame.new(-186.082,400.555,-745.366,-0.995,0.000,0.103,0.000,1.000,-0.000,-0.103,0.000,-0.995),s="Running",v=Vector3.new(-6.085,-3.255,58.658)},
        {t=0.991,cf=CFrame.new(-186.107,400.537,-745.122,-0.995,0.000,0.103,0.000,1.000,-0.000,-0.103,0.000,-0.995),s="Running",v=Vector3.new(-6.086,-4.340,58.652)},
        {t=0.995,cf=CFrame.new(-186.133,400.515,-744.878,-0.995,0.000,0.103,0.000,1.000,-0.000,-0.103,0.000,-0.995),s="Running",v=Vector3.new(-6.086,-5.280,58.650)},
        {t=0.999,cf=CFrame.new(-186.158,400.489,-744.631,-0.995,0.000,0.103,0.000,1.000,-0.000,-0.103,0.000,-0.995),s="Running",v=Vector3.new(-6.132,-6.097,59.096)},
        {t=1.004,cf=CFrame.new(-186.184,400.461,-744.384,-0.995,0.000,0.103,0.000,1.000,-0.000,-0.103,-0.000,-0.995),s="Running",v=Vector3.new(-6.168,-6.915,59.441)},
        {t=1.008,cf=CFrame.new(-186.210,400.428,-744.136,-0.995,-0.000,0.103,-0.000,1.000,-0.000,-0.103,-0.000,-0.995),s="Running",v=Vector3.new(-6.182,-7.732,59.571)},
        {t=1.012,cf=CFrame.new(-186.235,400.393,-743.887,-0.995,-0.000,0.103,-0.000,1.000,-0.000,-0.103,-0.000,-0.995),s="Running",v=Vector3.new(-6.186,-8.550,59.612)},
        {t=1.017,cf=CFrame.new(-186.261,400.354,-743.640,-0.995,-0.000,0.103,-0.000,1.000,0.000,-0.103,-0.000,-0.995),s="Running",v=Vector3.new(-6.168,-9.367,59.438)},
        {t=1.030,cf=CFrame.new(-186.338,400.340,-742.898,-0.995,-0.000,0.103,-0.000,1.000,0.000,-0.103,-0.000,-0.995),s="Running",v=Vector3.new(-6.158,0.715,59.339)},
        {t=1.044,cf=CFrame.new(-186.440,400.375,-741.915,-0.995,-0.000,0.103,-0.000,1.000,0.000,-0.103,-0.000,-0.995),s="Running",v=Vector3.new(-6.111,3.119,58.894)},
        {t=1.048,cf=CFrame.new(-186.465,400.391,-741.670,-0.995,-0.000,0.103,-0.000,1.000,0.000,-0.103,-0.000,-0.995),s="Running",v=Vector3.new(-6.111,3.973,58.888)},
        {t=1.053,cf=CFrame.new(-186.491,400.411,-741.424,-0.995,-0.000,0.103,-0.000,1.000,0.000,-0.103,-0.000,-0.995),s="Running",v=Vector3.new(-6.111,4.738,58.886)},
        {t=1.057,cf=CFrame.new(-186.516,400.433,-741.179,-0.995,-0.000,0.103,-0.000,1.000,0.000,-0.103,-0.000,-0.995),s="Running",v=Vector3.new(-6.111,5.413,58.885)},
        {t=1.062,cf=CFrame.new(-186.542,400.458,-740.934,-0.995,-0.000,0.103,-0.000,1.000,0.000,-0.103,-0.000,-0.995),s="Running",v=Vector3.new(-6.111,6.005,58.885)},
        {t=1.066,cf=CFrame.new(-186.567,400.486,-740.688,-0.995,-0.000,0.103,-0.000,1.000,0.000,-0.103,-0.000,-0.995),s="Running",v=Vector3.new(-6.111,6.522,58.885)},
        {t=1.071,cf=CFrame.new(-186.593,400.515,-740.443,-0.995,-0.000,0.103,-0.000,1.000,0.000,-0.103,-0.000,-0.995),s="Running",v=Vector3.new(-6.111,6.971,58.885)},
        {t=1.075,cf=CFrame.new(-186.618,400.545,-740.198,-0.995,-0.000,0.103,-0.000,1.000,0.000,-0.103,-0.000,-0.995),s="Running",v=Vector3.new(-6.111,7.358,58.885)},
        {t=1.080,cf=CFrame.new(-186.644,400.577,-739.952,-0.995,-0.000,0.103,-0.000,1.000,0.000,-0.103,-0.000,-0.995),s="Running",v=Vector3.new(-6.123,7.643,59.000)},
        {t=1.084,cf=CFrame.new(-186.669,400.610,-739.705,-0.995,-0.000,0.103,-0.000,1.000,0.000,-0.103,-0.000,-0.995),s="Running",v=Vector3.new(-6.137,7.830,59.143)},
        {t=1.089,cf=CFrame.new(-186.721,400.676,-739.212,-0.995,-0.000,0.103,-0.000,1.000,0.000,-0.103,-0.000,-0.995),s="Running",v=Vector3.new(-6.145,7.895,59.217)},
        {t=1.094,cf=CFrame.new(-186.746,400.708,-738.964,-0.995,-0.000,0.103,-0.000,1.000,0.000,-0.103,-0.000,-0.995),s="Running",v=Vector3.new(-6.162,7.770,59.380)},
        {t=1.098,cf=CFrame.new(-186.772,400.739,-738.717,-0.995,-0.000,0.103,-0.000,1.000,0.000,-0.103,-0.000,-0.995),s="Running",v=Vector3.new(-6.168,7.555,59.441)},
        {t=1.103,cf=CFrame.new(-186.798,400.770,-738.469,-0.995,-0.000,0.103,-0.000,1.000,0.000,-0.103,-0.000,-0.995),s="Running",v=Vector3.new(-6.176,7.264,59.518)},
        {t=1.107,cf=CFrame.new(-186.823,400.799,-738.221,-0.995,-0.000,0.103,-0.000,1.000,0.000,-0.103,-0.000,-0.995),s="Running",v=Vector3.new(-6.179,6.922,59.547)},
        {t=1.111,cf=CFrame.new(-186.849,400.826,-737.972,-0.995,-0.000,0.103,-0.000,1.000,0.000,-0.103,-0.000,-0.995),s="Running",v=Vector3.new(-6.180,6.570,59.558)},
        {t=1.115,cf=CFrame.new(-186.875,400.852,-737.724,-0.995,0.000,0.103,0.000,1.000,0.000,-0.103,0.000,-0.995),s="Running",v=Vector3.new(-6.181,6.232,59.562)},
        {t=1.119,cf=CFrame.new(-186.901,400.877,-737.476,-0.995,0.000,0.103,0.000,1.000,-0.000,-0.103,0.000,-0.995),s="Running",v=Vector3.new(-6.177,5.919,59.527)},
        {t=1.124,cf=CFrame.new(-186.926,400.900,-737.228,-0.995,0.000,0.103,0.000,1.000,-0.000,-0.103,0.000,-0.995),s="Running",v=Vector3.new(-6.176,5.679,59.513)},
        {t=1.128,cf=CFrame.new(-186.952,400.923,-736.980,-0.995,0.000,0.103,0.000,1.000,-0.000,-0.103,0.000,-0.995),s="Running",v=Vector3.new(-6.171,5.514,59.464)},
        {t=1.133,cf=CFrame.new(-186.978,400.946,-736.733,-0.995,0.000,0.103,0.000,1.000,-0.000,-0.103,0.000,-0.995),s="Running",v=Vector3.new(-6.169,5.418,59.446)},
        {t=1.138,cf=CFrame.new(-187.003,400.968,-736.485,-0.995,0.000,0.103,0.000,1.000,-0.000,-0.103,0.000,-0.995),s="Running",v=Vector3.new(-6.177,5.321,59.527)},
        {t=1.142,cf=CFrame.new(-187.029,400.990,-736.236,-0.995,0.000,0.103,0.000,1.000,-0.000,-0.103,0.000,-0.995),s="Running",v=Vector3.new(-6.186,5.182,59.608)},
        {t=1.146,cf=CFrame.new(-187.055,401.010,-735.988,-0.995,0.000,0.103,0.000,1.000,-0.000,-0.103,0.000,-0.995),s="Running",v=Vector3.new(-6.189,4.923,59.639)},
        {t=1.151,cf=CFrame.new(-187.081,401.029,-735.739,-0.995,0.000,0.103,0.000,1.000,-0.000,-0.103,0.000,-0.995),s="Running",v=Vector3.new(-6.191,4.574,59.664)},
        {t=1.156,cf=CFrame.new(-187.132,401.061,-735.242,-0.995,0.000,0.103,0.000,1.000,-0.000,-0.103,0.000,-0.995),s="Running",v=Vector3.new(-6.186,3.528,59.614)},
        {t=1.161,cf=CFrame.new(-187.158,401.073,-734.995,-0.995,0.000,0.103,0.000,1.000,-0.000,-0.103,0.000,-0.995),s="Running",v=Vector3.new(-6.173,2.793,59.487)},
        {t=1.165,cf=CFrame.new(-187.184,401.081,-734.747,-0.995,0.000,0.103,0.000,1.000,-0.000,-0.103,0.000,-0.995),s="Running",v=Vector3.new(-6.168,1.953,59.440)},
        {t=1.171,cf=CFrame.new(-187.210,401.085,-734.499,-0.995,0.000,0.103,0.000,1.000,-0.000,-0.103,0.000,-0.995),s="Running",v=Vector3.new(-6.166,1.100,59.422)},
        {t=1.175,cf=CFrame.new(-187.235,401.087,-734.252,-0.995,0.000,0.103,0.000,1.000,-0.000,-0.103,0.000,-0.995),s="Running",v=Vector3.new(-6.166,0.282,59.415)},
        {t=1.179,cf=CFrame.new(-187.261,401.084,-734.004,-0.995,0.000,0.103,0.000,1.000,-0.000,-0.103,0.000,-0.995),s="Running",v=Vector3.new(-6.165,-0.535,59.413)},
        {t=1.184,cf=CFrame.new(-187.287,401.079,-733.757,-0.995,0.000,0.103,0.000,1.000,-0.000,-0.103,0.000,-0.995),s="Running",v=Vector3.new(-6.165,-1.353,59.412)},
        {t=1.190,cf=CFrame.new(-187.312,401.070,-733.509,-0.995,0.000,0.101,0.000,1.000,-0.000,-0.101,0.000,-0.995),s="Running",v=Vector3.new(-6.165,-2.170,59.411)},
        {t=1.195,cf=CFrame.new(-187.363,401.041,-733.014,-0.995,0.000,0.098,0.000,1.000,-0.000,-0.098,0.000,-0.995),s="Running",v=Vector3.new(-6.080,-3.805,59.464)},
        {t=1.200,cf=CFrame.new(-187.388,401.022,-732.766,-0.995,0.000,0.096,0.000,1.000,-0.000,-0.096,0.000,-0.995),s="Running",v=Vector3.new(-5.945,-4.623,59.510)},
        {t=1.205,cf=CFrame.new(-187.412,400.999,-732.519,-0.996,0.000,0.095,0.000,1.000,-0.000,-0.095,0.000,-0.996),s="Running",v=Vector3.new(-5.804,-5.440,59.278)},
        {t=1.209,cf=CFrame.new(-187.460,400.944,-732.022,-0.996,0.000,0.093,0.000,1.000,-0.000,-0.093,0.000,-0.996),s="Running",v=Vector3.new(-5.690,-7.075,59.667)},
        {t=1.214,cf=CFrame.new(-187.483,400.935,-731.773,-0.996,0.000,0.091,0.000,1.000,-0.000,-0.091,0.000,-0.996),s="Running",v=Vector3.new(-5.613,-2.241,59.711)},
        {t=1.219,cf=CFrame.new(-187.506,400.931,-731.526,-0.996,0.000,0.091,0.000,1.000,-0.000,-0.091,-0.000,-0.996),s="Running",v=Vector3.new(-5.485,-0.840,59.361)},
        {t=1.224,cf=CFrame.new(-187.528,400.931,-731.280,-0.996,-0.000,0.089,-0.000,1.000,-0.000,-0.089,-0.000,-0.996),s="Running",v=Vector3.new(-5.404,0.064,58.875)},
        {t=1.228,cf=CFrame.new(-187.551,400.936,-731.034,-0.996,-0.000,0.089,-0.000,1.000,-0.000,-0.089,-0.000,-0.996),s="Running",v=Vector3.new(-5.346,1.141,59.102)},
        {t=1.233,cf=CFrame.new(-187.572,400.946,-730.791,-0.996,-0.000,0.089,-0.000,1.000,-0.000,-0.089,-0.000,-0.996),s="Running",v=Vector3.new(-5.249,2.331,58.341)},
        {t=1.237,cf=CFrame.new(-187.594,400.961,-730.549,-0.996,-0.000,0.089,-0.000,1.000,-0.000,-0.089,-0.000,-0.996),s="Running",v=Vector3.new(-5.216,3.635,58.094)},
        {t=1.241,cf=CFrame.new(-187.616,400.981,-730.307,-0.996,-0.000,0.089,-0.000,1.000,-0.000,-0.089,-0.000,-0.996),s="Running",v=Vector3.new(-5.203,4.918,58.001)},
        {t=1.245,cf=CFrame.new(-187.638,401.007,-730.066,-0.996,-0.000,0.089,-0.000,1.000,-0.000,-0.089,-0.000,-0.996),s="Running",v=Vector3.new(-5.199,6.122,57.966)},
        {t=1.250,cf=CFrame.new(-187.682,401.070,-729.576,-0.996,-0.000,0.088,-0.000,1.000,0.000,-0.088,-0.000,-0.996),s="Running",v=Vector3.new(-5.283,7.850,58.916)},
        {t=1.256,cf=CFrame.new(-187.703,401.103,-729.328,-0.996,-0.000,0.086,-0.000,1.000,0.000,-0.086,-0.000,-0.996),s="Running",v=Vector3.new(-5.261,8.037,59.405)},
        {t=1.261,cf=CFrame.new(-187.725,401.136,-729.081,-0.997,-0.000,0.082,-0.000,1.000,0.000,-0.082,-0.000,-0.997),s="Running",v=Vector3.new(-5.179,7.849,59.497)},
        {t=1.266,cf=CFrame.new(-187.746,401.166,-728.832,-0.997,-0.000,0.077,-0.000,1.000,0.000,-0.077,-0.000,-0.997),s="Running",v=Vector3.new(-5.029,7.228,59.675)},
        {t=1.288,cf=CFrame.new(-187.851,402.239,-727.589,-0.998,-0.000,0.065,-0.000,1.000,0.000,-0.065,-0.000,-0.998),s="Jumping",v=Vector3.new(-5.029,49.883,59.675)},
        {t=1.294,cf=CFrame.new(-187.886,402.645,-727.090,-0.998,-0.000,0.060,-0.000,1.000,-0.000,-0.060,-0.000,-0.998),s="Freefall",v=Vector3.new(-4.101,48.248,59.838)},
        {t=1.298,cf=CFrame.new(-187.902,402.842,-726.841,-0.998,-0.000,0.058,-0.000,1.000,-0.000,-0.058,-0.000,-0.998),s="Freefall",v=Vector3.new(-3.776,47.431,59.872)},
        {t=1.303,cf=CFrame.new(-187.917,403.036,-726.591,-0.998,-0.000,0.056,-0.000,1.000,-0.000,-0.056,-0.000,-0.998),s="Freefall",v=Vector3.new(-3.589,46.613,59.889)},
        {t=1.308,cf=CFrame.new(-187.931,403.227,-726.342,-0.999,-0.000,0.055,-0.000,1.000,-0.000,-0.055,-0.000,-0.999),s="Freefall",v=Vector3.new(-3.454,45.796,59.899)},
        {t=1.313,cf=CFrame.new(-187.945,403.415,-726.092,-0.999,-0.000,0.053,-0.000,1.000,-0.000,-0.053,-0.000,-0.999),s="Freefall",v=Vector3.new(-3.338,44.978,59.906)},
