-- CFrame Auto Walk Recording
-- Total Frames: 7753
-- Recorded HipHeight: 5.058475494384766

return {
    hipHeight = 5.058475494384766,
    frames = {
        {t=0.004,cf=CFrame.new(1037.711,800.608,-2742.976,0.991,0.000,-0.133,0.000,1.000,0.000,0.133,0.000,0.991),s="Running",v=Vector3.new(0.000,0.005,0.000)},
        {t=0.008,cf=CFrame.new(1037.711,800.608,-2742.976,0.991,0.000,-0.133,0.000,1.000,0.000,0.133,0.000,0.991),s="Running",v=Vector3.new(0.000,0.005,0.000)},
        {t=0.012,cf=CFrame.new(1037.711,800.608,-2742.976,0.991,0.000,-0.133,0.000,1.000,0.000,0.133,0.000,0.991),s="Running",v=Vector3.new(0.000,0.005,0.000)},
        {t=0.016,cf=CFrame.new(1037.711,800.608,-2742.976,0.991,0.000,-0.133,0.000,1.000,0.000,0.133,0.000,0.991),s="Running",v=Vector3.new(0.000,0.005,0.000)},
        {t=0.019,cf=CFrame.new(1037.711,800.608,-2742.976,0.991,0.000,-0.133,0.000,1.000,0.000,0.133,0.000,0.991),s="Running",v=Vector3.new(0.000,0.005,0.000)},
        {t=0.024,cf=CFrame.new(1037.711,800.608,-2742.976,0.991,0.000,-0.133,0.000,1.000,0.000,0.133,0.000,0.991),s="Running",v=Vector3.new(0.000,0.005,0.000)},
        {t=0.029,cf=CFrame.new(1037.711,800.608,-2742.976,0.991,0.000,-0.133,0.000,1.000,0.000,0.133,0.000,0.991),s="Running",v=Vector3.new(0.000,0.005,0.000)},
        {t=0.032,cf=CFrame.new(1037.711,800.608,-2742.976,0.991,0.000,-0.133,0.000,1.000,0.000,0.133,0.000,0.991),s="Running",v=Vector3.new(0.000,0.005,0.000)},
        {t=0.037,cf=CFrame.new(1037.711,800.608,-2742.976,0.991,0.000,-0.133,0.000,1.000,0.000,0.133,0.000,0.991),s="Running",v=Vector3.new(0.000,0.005,0.000)},
        {t=0.041,cf=CFrame.new(1037.711,800.608,-2742.976,0.991,0.000,-0.133,0.000,1.000,0.000,0.133,0.000,0.991),s="Running",v=Vector3.new(0.000,0.005,0.000)},
        {t=0.045,cf=CFrame.new(1037.711,800.608,-2742.976,0.991,0.000,-0.133,0.000,1.000,0.000,0.133,0.000,0.991),s="Running",v=Vector3.new(0.000,0.005,0.000)},
        {t=0.050,cf=CFrame.new(1037.711,800.608,-2742.976,0.991,0.000,-0.133,0.000,1.000,0.000,0.133,0.000,0.991),s="Running",v=Vector3.new(0.000,0.005,0.000)},
        {t=0.053,cf=CFrame.new(1037.711,800.608,-2742.976,0.991,0.000,-0.133,0.000,1.000,0.000,0.133,0.000,0.991),s="Running",v=Vector3.new(0.000,0.005,0.000)},
        {t=0.058,cf=CFrame.new(1037.711,800.608,-2742.976,0.991,0.000,-0.133,0.000,1.000,0.000,0.133,0.000,0.991),s="Running",v=Vector3.new(0.000,0.005,0.000)},
        {t=0.062,cf=CFrame.new(1037.711,800.608,-2742.976,0.991,0.000,-0.133,0.000,1.000,0.000,0.133,0.000,0.991),s="Running",v=Vector3.new(0.000,0.005,0.000)},
        {t=0.065,cf=CFrame.new(1037.711,800.608,-2742.976,0.991,0.000,-0.133,0.000,1.000,0.000,0.133,0.000,0.991),s="Running",v=Vector3.new(0.000,0.005,0.000)},
        {t=0.070,cf=CFrame.new(1037.711,800.608,-2742.976,0.991,0.000,-0.133,0.000,1.000,0.000,0.133,0.000,0.991),s="Running",v=Vector3.new(0.000,0.005,0.000)},
        {t=0.075,cf=CFrame.new(1037.711,800.608,-2742.976,0.991,0.000,-0.133,0.000,1.000,0.000,0.133,0.000,0.991),s="Running",v=Vector3.new(0.000,0.005,0.000)},
        {t=0.078,cf=CFrame.new(1037.711,800.608,-2742.976,0.991,0.000,-0.133,0.000,1.000,0.000,0.133,0.000,0.991),s="Running",v=Vector3.new(0.000,0.005,0.000)},
        {t=0.083,cf=CFrame.new(1037.711,800.608,-2742.976,0.991,0.000,-0.133,0.000,1.000,0.000,0.133,0.000,0.991),s="Running",v=Vector3.new(0.000,0.005,0.000)},
        {t=0.086,cf=CFrame.new(1037.711,800.608,-2742.976,0.991,0.000,-0.133,0.000,1.000,0.000,0.133,0.000,0.991),s="Running",v=Vector3.new(0.000,0.005,0.000)},
        {t=0.092,cf=CFrame.new(1037.711,800.608,-2742.976,0.991,0.000,-0.133,0.000,1.000,0.000,0.133,0.000,0.991),s="Running",v=Vector3.new(0.000,0.005,0.000)},
        {t=0.096,cf=CFrame.new(1037.711,800.608,-2742.976,0.991,0.000,-0.133,0.000,1.000,0.000,0.133,0.000,0.991),s="Running",v=Vector3.new(0.000,0.005,0.000)},
        {t=0.099,cf=CFrame.new(1037.711,800.608,-2742.976,0.991,0.000,-0.133,0.000,1.000,0.000,0.133,0.000,0.991),s="Running",v=Vector3.new(0.000,0.005,0.000)},
        {t=0.104,cf=CFrame.new(1037.711,800.608,-2742.976,0.991,0.000,-0.133,0.000,1.000,0.000,0.133,0.000,0.991),s="Running",v=Vector3.new(0.000,0.005,0.000)},
        {t=0.109,cf=CFrame.new(1037.711,800.608,-2742.976,0.991,0.000,-0.133,0.000,1.000,0.000,0.133,0.000,0.991),s="Running",v=Vector3.new(0.000,0.005,0.000)},
        {t=0.112,cf=CFrame.new(1037.711,800.608,-2742.976,0.991,0.000,-0.133,0.000,1.000,0.000,0.133,0.000,0.991),s="Running",v=Vector3.new(0.000,0.005,0.000)},
        {t=0.116,cf=CFrame.new(1037.711,800.608,-2742.976,0.991,0.000,-0.133,0.000,1.000,0.000,0.133,0.000,0.991),s="Running",v=Vector3.new(0.000,0.005,0.000)},
        {t=0.120,cf=CFrame.new(1037.711,800.608,-2742.976,0.991,0.000,-0.133,0.000,1.000,0.000,0.133,0.000,0.991),s="Running",v=Vector3.new(0.000,0.005,0.000)},
        {t=0.126,cf=CFrame.new(1037.711,800.608,-2742.976,0.991,0.000,-0.133,0.000,1.000,0.000,0.133,0.000,0.991),s="Running",v=Vector3.new(0.000,0.005,0.000)},
        {t=0.131,cf=CFrame.new(1037.711,800.608,-2742.976,0.991,0.000,-0.133,0.000,1.000,0.000,0.133,0.000,0.991),s="Running",v=Vector3.new(0.000,0.005,0.000)},
        {t=0.135,cf=CFrame.new(1037.711,800.608,-2742.976,0.991,0.000,-0.133,0.000,1.000,0.000,0.133,0.000,0.991),s="Running",v=Vector3.new(0.000,0.005,0.000)},
        {t=0.139,cf=CFrame.new(1037.711,800.608,-2742.976,0.991,0.000,-0.133,0.000,1.000,0.000,0.133,0.000,0.991),s="Running",v=Vector3.new(0.000,0.005,0.000)},
        {t=0.143,cf=CFrame.new(1037.711,800.608,-2742.976,0.991,0.000,-0.133,0.000,1.000,0.000,0.133,0.000,0.991),s="Running",v=Vector3.new(0.000,0.005,0.000)},
        {t=0.147,cf=CFrame.new(1037.711,800.608,-2742.976,0.991,0.000,-0.133,0.000,1.000,0.000,0.133,0.000,0.991),s="Running",v=Vector3.new(0.000,0.005,0.000)},
        {t=0.151,cf=CFrame.new(1037.711,800.608,-2742.976,0.991,0.000,-0.133,0.000,1.000,0.000,0.133,0.000,0.991),s="Running",v=Vector3.new(0.000,0.005,0.000)},
        {t=0.155,cf=CFrame.new(1037.711,800.608,-2742.976,0.991,0.000,-0.133,0.000,1.000,0.000,0.133,0.000,0.991),s="Running",v=Vector3.new(0.000,0.005,0.000)},
        {t=0.159,cf=CFrame.new(1037.711,800.608,-2742.976,0.991,0.000,-0.133,0.000,1.000,0.000,0.133,0.000,0.991),s="Running",v=Vector3.new(0.000,0.005,0.000)},
        {t=0.163,cf=CFrame.new(1037.711,800.608,-2742.976,0.991,0.000,-0.133,0.000,1.000,0.000,0.133,0.000,0.991),s="Running",v=Vector3.new(0.000,0.005,0.000)},
        {t=0.166,cf=CFrame.new(1037.711,800.608,-2742.976,0.991,0.000,-0.133,0.000,1.000,0.000,0.133,0.000,0.991),s="Running",v=Vector3.new(0.000,0.005,0.000)},
        {t=0.170,cf=CFrame.new(1037.711,800.608,-2742.976,0.991,0.000,-0.133,0.000,1.000,0.000,0.133,0.000,0.991),s="Running",v=Vector3.new(0.000,0.005,0.000)},
        {t=0.174,cf=CFrame.new(1037.711,800.608,-2742.976,0.991,0.000,-0.133,0.000,1.000,0.000,0.133,0.000,0.991),s="Running",v=Vector3.new(-0.000,0.005,-0.000)},
        {t=0.179,cf=CFrame.new(1037.711,800.608,-2742.976,0.991,-0.000,-0.133,0.000,1.000,-0.000,0.133,0.000,0.991),s="Running",v=Vector3.new(-0.000,0.005,-0.000)},
        {t=0.183,cf=CFrame.new(1037.711,800.608,-2742.976,0.991,0.000,-0.133,0.000,1.000,0.000,0.133,0.000,0.991),s="Running",v=Vector3.new(-0.000,0.005,-0.000)},
        {t=0.186,cf=CFrame.new(1037.711,800.608,-2742.976,0.991,-0.000,-0.133,0.000,1.000,-0.000,0.133,0.000,0.991),s="Running",v=Vector3.new(-0.000,0.005,-0.000)},
        {t=0.191,cf=CFrame.new(1037.711,800.608,-2742.976,0.991,-0.000,-0.133,0.000,1.000,-0.000,0.133,0.000,0.991),s="Running",v=Vector3.new(0.045,0.005,-0.334)},
        {t=0.195,cf=CFrame.new(1037.711,800.608,-2742.977,0.991,-0.000,-0.133,0.000,1.000,-0.000,0.133,0.000,0.991),s="Running",v=Vector3.new(0.457,0.005,-3.406)},
        {t=0.199,cf=CFrame.new(1037.712,800.608,-2742.984,0.991,-0.000,-0.133,0.000,1.000,-0.000,0.133,0.000,0.991),s="Running",v=Vector3.new(0.941,0.005,-7.015)},
        {t=0.204,cf=CFrame.new(1037.714,800.608,-2742.999,0.991,-0.000,-0.133,0.000,1.000,-0.000,0.133,0.000,0.991),s="Running",v=Vector3.new(1.290,0.005,-9.616)},
        {t=0.208,cf=CFrame.new(1037.717,800.608,-2743.026,0.991,-0.000,-0.133,0.000,1.000,-0.000,0.133,0.000,0.991),s="Running",v=Vector3.new(1.940,0.005,-14.454)},
        {t=0.212,cf=CFrame.new(1037.724,800.608,-2743.076,0.991,-0.000,-0.133,0.000,1.000,-0.000,0.133,0.000,0.991),s="Running",v=Vector3.new(2.679,0.005,-19.849)},
        {t=0.216,cf=CFrame.new(1037.734,800.608,-2743.151,0.991,-0.000,-0.134,0.000,1.000,-0.000,0.134,0.000,0.991),s="Running",v=Vector3.new(3.409,0.005,-24.915)},
        {t=0.220,cf=CFrame.new(1037.748,800.608,-2743.249,0.991,-0.000,-0.135,0.000,1.000,-0.000,0.135,0.000,0.991),s="Running",v=Vector3.new(4.112,0.005,-29.548)},
        {t=0.224,cf=CFrame.new(1037.764,800.608,-2743.365,0.991,-0.000,-0.135,0.000,1.000,-0.000,0.135,0.000,0.991),s="Running",v=Vector3.new(4.798,0.005,-33.784)},
        {t=0.229,cf=CFrame.new(1037.784,800.608,-2743.504,0.991,-0.000,-0.137,0.000,1.000,-0.000,0.137,0.000,0.991),s="Running",v=Vector3.new(5.626,0.005,-38.396)},
        {t=0.233,cf=CFrame.new(1037.807,800.608,-2743.660,0.990,-0.000,-0.138,0.000,1.000,-0.000,0.138,0.000,0.990),s="Running",v=Vector3.new(6.410,0.005,-42.243)},
        {t=0.237,cf=CFrame.new(1037.833,800.608,-2743.835,0.990,-0.000,-0.141,0.000,1.000,-0.000,0.141,0.000,0.990),s="Running",v=Vector3.new(7.568,0.005,-46.724)},
        {t=0.241,cf=CFrame.new(1037.864,800.608,-2744.028,0.990,-0.000,-0.143,0.000,1.000,-0.000,0.143,0.000,0.990),s="Running",v=Vector3.new(8.797,0.005,-50.393)},
        {t=0.246,cf=CFrame.new(1037.901,800.608,-2744.238,0.989,-0.000,-0.147,0.000,1.000,-0.000,0.147,0.000,0.989),s="Running",v=Vector3.new(10.090,0.005,-52.942)},
        {t=0.250,cf=CFrame.new(1037.944,800.608,-2744.462,0.989,-0.000,-0.151,0.000,1.000,-0.000,0.151,0.000,0.989),s="Running",v=Vector3.new(11.813,0.005,-55.584)},
        {t=0.254,cf=CFrame.new(1037.994,800.608,-2744.697,0.988,-0.000,-0.155,0.000,1.000,-0.000,0.155,0.000,0.988),s="Running",v=Vector3.new(13.116,0.005,-56.367)},
        {t=0.258,cf=CFrame.new(1038.049,800.608,-2744.936,0.987,-0.000,-0.161,0.000,1.000,-0.000,0.161,0.000,0.987),s="Running",v=Vector3.new(14.518,0.005,-56.416)},
        {t=0.263,cf=CFrame.new(1038.111,800.608,-2745.177,0.986,-0.000,-0.168,0.000,1.000,-0.000,0.168,0.000,0.986),s="Running",v=Vector3.new(15.768,0.005,-56.225)},
        {t=0.267,cf=CFrame.new(1038.178,800.608,-2745.418,0.985,-0.000,-0.175,0.000,1.000,-0.000,0.175,0.000,0.985),s="Running",v=Vector3.new(17.275,0.005,-55.829)},
        {t=0.271,cf=CFrame.new(1038.250,800.608,-2745.655,0.983,-0.000,-0.182,0.000,1.000,-0.000,0.182,0.000,0.983),s="Running",v=Vector3.new(18.455,0.005,-55.476)},
        {t=0.275,cf=CFrame.new(1038.327,800.608,-2745.890,0.982,-0.000,-0.190,0.000,1.000,-0.000,0.190,0.000,0.982),s="Running",v=Vector3.new(19.467,0.005,-55.137)},
        {t=0.279,cf=CFrame.new(1038.409,800.608,-2746.125,0.980,-0.000,-0.198,0.000,1.000,-0.000,0.198,0.000,0.980),s="Running",v=Vector3.new(20.626,0.005,-54.717)},
        {t=0.283,cf=CFrame.new(1038.495,800.608,-2746.355,0.978,-0.000,-0.207,0.000,1.000,-0.000,0.207,0.000,0.978),s="Running",v=Vector3.new(21.668,0.005,-54.313)},
        {t=0.287,cf=CFrame.new(1038.585,800.608,-2746.586,0.976,-0.000,-0.216,0.000,1.000,-0.000,0.216,0.000,0.976),s="Running",v=Vector3.new(22.954,0.005,-53.780)},
        {t=0.291,cf=CFrame.new(1038.680,800.608,-2746.812,0.974,-0.000,-0.225,0.000,1.000,-0.000,0.225,0.000,0.974),s="Running",v=Vector3.new(23.838,0.005,-53.400)},
        {t=0.296,cf=CFrame.new(1038.780,800.608,-2747.039,0.972,-0.000,-0.236,0.000,1.000,-0.000,0.236,0.000,0.972),s="Running",v=Vector3.new(24.990,0.005,-52.869)},
        {t=0.300,cf=CFrame.new(1038.884,800.608,-2747.265,0.969,-0.000,-0.246,0.000,1.000,-0.000,0.246,0.000,0.969),s="Running",v=Vector3.new(26.006,0.005,-52.380)},
        {t=0.304,cf=CFrame.new(1038.992,800.608,-2747.486,0.967,-0.000,-0.256,0.000,1.000,-0.000,0.256,0.000,0.967),s="Running",v=Vector3.new(27.014,0.005,-51.869)},
        {t=0.308,cf=CFrame.new(1039.104,800.608,-2747.706,0.964,-0.000,-0.266,0.000,1.000,-0.000,0.266,0.000,0.964),s="Running",v=Vector3.new(27.720,-0.251,-51.500)},
        {t=0.312,cf=CFrame.new(1039.221,800.607,-2747.926,0.961,-0.000,-0.276,0.000,1.000,-0.000,0.276,0.000,0.961),s="Running",v=Vector3.new(28.468,-1.138,-51.092)},
        {t=0.316,cf=CFrame.new(1039.339,800.604,-2748.143,0.958,-0.000,-0.287,0.000,1.000,-0.000,0.287,0.000,0.958),s="Running",v=Vector3.new(29.272,-2.008,-50.634)},
        {t=0.320,cf=CFrame.new(1039.460,800.592,-2748.355,0.955,-0.000,-0.297,0.000,1.000,-0.000,0.297,0.000,0.955),s="Running",v=Vector3.new(29.988,-3.288,-50.214)},
        {t=0.325,cf=CFrame.new(1039.586,800.574,-2748.572,0.950,-0.000,-0.312,0.000,1.000,-0.000,0.312,0.000,0.950),s="Running",v=Vector3.new(30.865,-4.497,-49.668)},
        {t=0.330,cf=CFrame.new(1039.718,800.551,-2748.788,0.946,-0.000,-0.325,0.000,1.000,-0.000,0.325,0.000,0.946),s="Running",v=Vector3.new(32.033,-6.206,-48.929)},
        {t=0.334,cf=CFrame.new(1039.850,800.520,-2748.994,0.942,-0.000,-0.336,0.000,1.000,-0.000,0.336,0.000,0.942),s="Running",v=Vector3.new(32.672,-7.737,-48.167)},
        {t=0.338,cf=CFrame.new(1039.984,800.483,-2749.196,0.938,-0.000,-0.347,0.000,1.000,-0.000,0.347,0.000,0.938),s="Running",v=Vector3.new(33.512,-9.081,-47.501)},
        {t=0.345,cf=CFrame.new(1040.135,800.438,-2749.416,0.931,-0.000,-0.364,0.000,1.000,-0.000,0.364,0.000,0.931),s="Running",v=Vector3.new(34.585,-10.431,-46.704)},
        {t=0.349,cf=CFrame.new(1040.393,800.340,-2749.769,0.926,-0.000,-0.377,0.000,1.000,-0.000,0.377,0.000,0.926),s="Running",v=Vector3.new(34.462,-11.488,-45.033)},
        {t=0.353,cf=CFrame.new(1040.537,800.288,-2749.960,0.921,-0.000,-0.390,0.000,1.000,-0.000,0.390,0.000,0.921),s="Running",v=Vector3.new(36.031,-12.318,-45.141)},
        {t=0.357,cf=CFrame.new(1040.684,800.233,-2750.149,0.916,-0.000,-0.401,0.000,1.000,-0.000,0.401,0.000,0.916),s="Running",v=Vector3.new(37.114,-13.134,-44.596)},
        {t=0.362,cf=CFrame.new(1040.842,800.174,-2750.344,0.910,-0.000,-0.415,0.000,1.000,-0.000,0.415,0.000,0.910),s="Running",v=Vector3.new(37.819,-14.009,-44.093)},
        {t=0.366,cf=CFrame.new(1040.998,800.112,-2750.529,0.905,-0.000,-0.426,0.000,1.000,-0.000,0.426,0.000,0.905),s="Running",v=Vector3.new(38.468,-14.832,-43.550)},
        {t=0.370,cf=CFrame.new(1041.156,800.046,-2750.711,0.899,-0.000,-0.437,0.000,1.000,-0.000,0.437,0.000,0.899),s="Running",v=Vector3.new(39.060,-15.465,-43.025)},
        {t=0.375,cf=CFrame.new(1041.322,800.015,-2750.899,0.892,-0.000,-0.452,0.000,1.000,-0.000,0.452,0.000,0.892),s="Running",v=Vector3.new(39.665,-5.470,-42.473)},
        {t=0.379,cf=CFrame.new(1041.486,800.008,-2751.079,0.887,-0.000,-0.462,0.000,1.000,-0.000,0.462,0.000,0.887),s="Running",v=Vector3.new(40.191,-1.713,-41.978)},
        {t=0.383,cf=CFrame.new(1041.652,800.009,-2751.257,0.881,-0.000,-0.473,0.000,1.000,-0.000,0.473,0.000,0.881),s="Running",v=Vector3.new(40.588,0.302,-41.597)},
        {t=0.387,cf=CFrame.new(1041.821,800.015,-2751.434,0.876,-0.000,-0.483,0.000,1.000,-0.000,0.483,0.000,0.876),s="Running",v=Vector3.new(40.959,1.389,-41.234)},
        {t=0.390,cf=CFrame.new(1041.990,800.024,-2751.608,0.870,-0.000,-0.493,0.000,1.000,-0.000,0.493,0.000,0.870),s="Running",v=Vector3.new(41.295,1.852,-40.899)},
        {t=0.396,cf=CFrame.new(1042.168,800.032,-2751.790,0.862,-0.000,-0.507,0.000,1.000,-0.000,0.507,0.000,0.862),s="Running",v=Vector3.new(41.564,2.018,-40.626)},
        {t=0.400,cf=CFrame.new(1042.337,800.041,-2751.959,0.857,-0.000,-0.515,0.000,1.000,-0.000,0.515,0.000,0.857),s="Running",v=Vector3.new(41.811,2.018,-40.372)},
        {t=0.404,cf=CFrame.new(1042.515,800.049,-2752.135,0.850,-0.000,-0.526,0.000,1.000,-0.000,0.526,0.000,0.850),s="Running",v=Vector3.new(42.121,1.866,-40.048)},
        {t=0.409,cf=CFrame.new(1042.696,800.057,-2752.311,0.844,-0.000,-0.537,0.000,1.000,-0.000,0.537,0.000,0.844),s="Running",v=Vector3.new(42.425,1.686,-39.727)},
        {t=0.415,cf=CFrame.new(1042.887,800.064,-2752.496,0.836,-0.000,-0.549,0.000,1.000,-0.000,0.549,0.000,0.836),s="Running",v=Vector3.new(42.714,1.455,-39.417)},
        {t=0.419,cf=CFrame.new(1043.209,800.074,-2752.797,0.829,-0.000,-0.560,0.000,1.000,-0.000,0.560,0.000,0.829),s="Running",v=Vector3.new(41.847,1.278,-38.280)},
        {t=0.425,cf=CFrame.new(1043.387,800.079,-2752.965,0.821,-0.000,-0.571,0.000,1.000,-0.000,0.571,0.000,0.821),s="Running",v=Vector3.new(42.854,1.118,-38.742)},
        {t=0.430,cf=CFrame.new(1043.572,800.083,-2753.136,0.814,-0.000,-0.581,0.000,1.000,-0.000,0.581,0.000,0.814),s="Running",v=Vector3.new(43.495,0.938,-38.417)},
        {t=0.434,cf=CFrame.new(1043.758,800.087,-2753.304,0.807,-0.000,-0.590,0.000,1.000,-0.000,0.590,0.000,0.807),s="Running",v=Vector3.new(43.882,0.792,-38.076)},
        {t=0.439,cf=CFrame.new(1044.093,800.092,-2753.599,0.800,-0.000,-0.600,0.000,1.000,-0.000,0.600,0.000,0.800),s="Running",v=Vector3.new(43.254,0.627,-36.672)},
        {t=0.444,cf=CFrame.new(1044.274,800.094,-2753.755,0.794,-0.000,-0.608,0.000,1.000,-0.000,0.608,0.000,0.794),s="Running",v=Vector3.new(44.370,0.536,-36.992)},
        {t=0.447,cf=CFrame.new(1044.297,800.094,-2753.778,0.789,-0.000,-0.615,0.000,1.000,-0.000,0.615,0.000,0.789),s="Running",v=Vector3.new(45.918,0.490,-37.744)},
        {t=0.453,cf=CFrame.new(1044.508,800.096,-2753.955,0.780,-0.000,-0.626,0.000,1.000,-0.000,0.626,0.000,0.780),s="Running",v=Vector3.new(45.582,0.398,-36.586)},
        {t=0.456,cf=CFrame.new(1044.850,800.099,-2754.233,0.774,-0.000,-0.633,0.000,1.000,-0.000,0.633,0.000,0.774),s="Running",v=Vector3.new(44.727,0.343,-34.997)},
        {t=0.460,cf=CFrame.new(1045.033,800.101,-2754.379,0.769,-0.000,-0.640,0.000,1.000,-0.000,0.640,0.000,0.769),s="Running",v=Vector3.new(45.873,0.304,-35.139)},
        {t=0.463,cf=CFrame.new(1045.050,800.101,-2754.395,0.763,-0.000,-0.646,0.000,1.000,-0.000,0.646,0.000,0.763),s="Running",v=Vector3.new(47.605,0.279,-35.589)},
        {t=0.466,cf=CFrame.new(1045.251,800.102,-2754.548,0.757,-0.000,-0.653,0.000,1.000,-0.000,0.653,0.000,0.757),s="Running",v=Vector3.new(47.355,0.238,-34.250)},
        {t=0.470,cf=CFrame.new(1045.450,800.103,-2754.696,0.751,-0.000,-0.661,0.000,1.000,-0.000,0.661,0.000,0.751),s="Running",v=Vector3.new(47.605,0.205,-33.473)},
        {t=0.474,cf=CFrame.new(1045.649,800.103,-2754.839,0.744,-0.000,-0.668,0.000,1.000,-0.000,0.668,0.000,0.744),s="Running",v=Vector3.new(47.993,0.180,-32.807)},
        {t=0.479,cf=CFrame.new(1045.866,800.104,-2754.993,0.733,-0.000,-0.680,0.000,1.000,-0.000,0.680,0.000,0.733),s="Running",v=Vector3.new(48.582,0.150,-31.895)},
        {t=0.483,cf=CFrame.new(1046.067,800.105,-2755.128,0.726,-0.000,-0.687,0.000,1.000,-0.000,0.687,0.000,0.726),s="Running",v=Vector3.new(48.979,0.134,-31.278)},
        {t=0.487,cf=CFrame.new(1046.272,800.105,-2755.263,0.718,-0.000,-0.696,0.000,1.000,-0.000,0.696,0.000,0.718),s="Running",v=Vector3.new(49.463,0.117,-30.502)},
        {t=0.490,cf=CFrame.new(1046.289,800.105,-2755.277,0.712,-0.000,-0.702,0.000,1.000,-0.000,0.702,0.000,0.712),s="Running",v=Vector3.new(51.160,0.110,-30.393)},
        {t=0.495,cf=CFrame.new(1046.685,800.106,-2755.518,0.699,-0.000,-0.715,0.000,1.000,-0.000,0.715,0.000,0.699),s="Running",v=Vector3.new(49.881,0.088,-27.670)},
        {t=0.499,cf=CFrame.new(1046.893,800.106,-2755.637,0.690,-0.000,-0.724,0.000,1.000,-0.000,0.724,0.000,0.690),s="Running",v=Vector3.new(51.226,0.076,-26.846)},
        {t=0.503,cf=CFrame.new(1047.103,800.107,-2755.751,0.682,-0.000,-0.732,0.000,1.000,-0.000,0.732,0.000,0.682),s="Running",v=Vector3.new(51.998,0.066,-25.766)},
        {t=0.508,cf=CFrame.new(1047.329,800.107,-2755.869,0.669,-0.000,-0.743,0.000,1.000,-0.000,0.743,0.000,0.669),s="Running",v=Vector3.new(52.692,0.055,-24.442)},
        {t=0.512,cf=CFrame.new(1047.558,800.107,-2755.981,0.657,-0.000,-0.754,0.000,1.000,-0.000,0.754,0.000,0.657),s="Running",v=Vector3.new(53.308,0.045,-23.100)},
        {t=0.517,cf=CFrame.new(1047.795,800.107,-2756.090,0.642,-0.000,-0.767,0.000,1.000,-0.000,0.767,0.000,0.642),s="Running",v=Vector3.new(53.805,0.039,-21.928)},
        {t=0.524,cf=CFrame.new(1048.229,800.107,-2756.276,0.618,-0.000,-0.786,0.000,1.000,-0.000,0.786,0.000,0.618),s="Running",v=Vector3.new(53.077,0.030,-19.934)},
        {t=0.528,cf=CFrame.new(1048.268,800.107,-2756.296,0.604,-0.000,-0.797,0.000,1.000,-0.000,0.797,0.000,0.604),s="Running",v=Vector3.new(55.989,0.026,-19.074)},
        {t=0.534,cf=CFrame.new(1048.732,800.108,-2756.465,0.579,-0.000,-0.815,0.000,1.000,-0.000,0.815,0.000,0.579),s="Running",v=Vector3.new(54.429,0.021,-16.777)},
        {t=0.539,cf=CFrame.new(1048.975,800.108,-2756.546,0.563,-0.000,-0.826,0.000,1.000,-0.000,0.826,0.000,0.563),s="Running",v=Vector3.new(55.614,0.018,-15.807)},
        {t=0.544,cf=CFrame.new(1049.229,800.108,-2756.626,0.545,-0.000,-0.839,0.000,1.000,-0.000,0.839,0.000,0.545),s="Running",v=Vector3.new(56.197,0.015,-14.450)},
        {t=0.548,cf=CFrame.new(1049.484,800.108,-2756.699,0.526,-0.000,-0.850,0.000,1.000,-0.000,0.850,0.000,0.526),s="Running",v=Vector3.new(56.579,0.013,-13.127)},
        {t=0.552,cf=CFrame.new(1049.732,800.108,-2756.763,0.511,-0.000,-0.860,0.000,1.000,-0.000,0.860,0.000,0.511),s="Running",v=Vector3.new(56.968,0.012,-11.319)},
        {t=0.556,cf=CFrame.new(1049.979,800.108,-2756.819,0.496,-0.000,-0.868,0.000,1.000,-0.000,0.868,0.000,0.496),s="Running",v=Vector3.new(57.211,0.010,-10.089)},
        {t=0.562,cf=CFrame.new(1050.254,800.108,-2756.877,0.472,-0.000,-0.882,0.000,1.000,-0.000,0.882,0.000,0.472),s="Running",v=Vector3.new(57.488,0.008,-8.379)},
        {t=0.566,cf=CFrame.new(1050.699,800.108,-2756.950,0.452,-0.000,-0.892,0.000,1.000,-0.000,0.892,0.000,0.452),s="Running",v=Vector3.new(56.291,0.007,-6.712)},
        {t=0.570,cf=CFrame.new(1050.942,800.108,-2756.986,0.435,-0.000,-0.901,0.000,1.000,-0.000,0.901,0.000,0.435),s="Running",v=Vector3.new(57.473,0.006,-5.626)},
        {t=0.574,cf=CFrame.new(1051.185,800.108,-2757.017,0.419,-0.000,-0.908,0.000,1.000,-0.000,0.908,0.000,0.419),s="Running",v=Vector3.new(57.842,0.006,-4.472)},
        {t=0.578,cf=CFrame.new(1051.442,800.108,-2757.045,0.397,-0.000,-0.918,0.000,1.000,-0.000,0.918,0.000,0.397),s="Running",v=Vector3.new(57.994,0.005,-3.147)},
        {t=0.582,cf=CFrame.new(1051.688,800.108,-2757.066,0.381,-0.000,-0.925,0.000,1.000,-0.000,0.925,0.000,0.381),s="Running",v=Vector3.new(58.064,0.005,-1.918)},
        {t=0.587,cf=CFrame.new(1051.943,800.108,-2757.083,0.358,-0.000,-0.934,0.000,1.000,-0.000,0.934,0.000,0.358),s="Running",v=Vector3.new(58.097,0.005,-0.809)},
        {t=0.591,cf=CFrame.new(1052.186,800.108,-2757.094,0.340,-0.000,-0.940,0.000,1.000,-0.000,0.940,0.000,0.340),s="Running",v=Vector3.new(58.099,0.005,0.051)},
        {t=0.596,cf=CFrame.new(1052.441,800.108,-2757.101,0.321,-0.000,-0.947,0.000,1.000,-0.000,0.947,0.000,0.321),s="Running",v=Vector3.new(58.082,0.005,1.612)},
        {t=0.600,cf=CFrame.new(1052.680,800.108,-2757.099,0.308,-0.000,-0.951,0.000,1.000,-0.000,0.951,0.000,0.308),s="Running",v=Vector3.new(58.069,0.005,2.257)},
        {t=0.604,cf=CFrame.new(1052.921,800.108,-2757.095,0.293,-0.000,-0.956,0.000,1.000,-0.000,0.956,0.000,0.293),s="Running",v=Vector3.new(58.041,0.005,2.881)},
        {t=0.607,cf=CFrame.new(1053.162,800.108,-2757.089,0.280,-0.000,-0.960,0.000,1.000,-0.000,0.960,0.000,0.280),s="Running",v=Vector3.new(57.993,0.005,3.768)},
        {t=0.613,cf=CFrame.new(1053.412,800.108,-2757.080,0.262,-0.000,-0.965,0.000,1.000,-0.000,0.965,0.000,0.262),s="Running",v=Vector3.new(57.953,0.005,4.375)},
        {t=0.616,cf=CFrame.new(1053.652,800.108,-2757.066,0.249,-0.000,-0.969,0.000,1.000,-0.000,0.969,0.000,0.249),s="Running",v=Vector3.new(57.910,0.005,4.901)},
        {t=0.620,cf=CFrame.new(1053.892,800.108,-2757.051,0.237,-0.000,-0.972,0.000,1.000,-0.000,0.972,0.000,0.237),s="Running",v=Vector3.new(57.856,0.005,5.519)},
        {t=0.625,cf=CFrame.new(1054.140,800.108,-2757.033,0.220,-0.000,-0.976,0.000,1.000,-0.000,0.976,0.000,0.220),s="Running",v=Vector3.new(57.809,0.005,5.992)},
        {t=0.628,cf=CFrame.new(1054.376,800.108,-2757.013,0.210,-0.000,-0.978,0.000,1.000,-0.000,0.978,0.000,0.210),s="Running",v=Vector3.new(57.754,0.005,6.509)},
        {t=0.633,cf=CFrame.new(1054.627,800.108,-2756.991,0.194,-0.000,-0.981,0.000,1.000,-0.000,0.981,0.000,0.194),s="Running",v=Vector3.new(57.717,0.005,6.848)},
        {t=0.636,cf=CFrame.new(1054.864,800.108,-2756.966,0.185,-0.000,-0.983,0.000,1.000,-0.000,0.983,0.000,0.185),s="Running",v=Vector3.new(57.678,0.005,7.165)},
        {t=0.640,cf=CFrame.new(1055.113,800.108,-2756.941,0.169,-0.000,-0.986,0.000,1.000,-0.000,0.986,0.000,0.169),s="Running",v=Vector3.new(57.650,0.005,7.398)},
        {t=0.645,cf=CFrame.new(1055.362,800.108,-2756.914,0.156,-0.000,-0.988,0.000,1.000,-0.000,0.988,0.000,0.156),s="Running",v=Vector3.new(57.606,0.005,7.729)},
        {t=0.650,cf=CFrame.new(1055.613,800.108,-2756.886,0.142,-0.000,-0.990,0.000,1.000,-0.000,0.990,0.000,0.142),s="Running",v=Vector3.new(57.563,0.005,8.044)},
        {t=0.653,cf=CFrame.new(1055.849,800.108,-2756.856,0.134,-0.000,-0.991,0.000,1.000,-0.000,0.991,0.000,0.134),s="Running",v=Vector3.new(57.535,0.005,8.243)},
        {t=0.657,cf=CFrame.new(1056.099,800.108,-2756.826,0.120,-0.000,-0.993,0.000,1.000,-0.000,0.993,0.000,0.120),s="Running",v=Vector3.new(57.490,0.005,8.549)},
        {t=0.662,cf=CFrame.new(1056.355,800.108,-2756.793,0.105,-0.000,-0.994,0.000,1.000,-0.000,0.994,0.000,0.105),s="Running",v=Vector3.new(57.438,0.005,8.892)},
        {t=0.665,cf=CFrame.new(1056.598,800.108,-2756.760,0.094,-0.000,-0.996,0.000,1.000,-0.000,0.996,0.000,0.094),s="Running",v=Vector3.new(57.390,0.005,9.194)},
        {t=0.670,cf=CFrame.new(1056.859,800.108,-2756.724,0.078,-0.000,-0.997,0.000,1.000,-0.000,0.997,0.000,0.078),s="Running",v=Vector3.new(57.339,0.005,9.506)},
        {t=0.673,cf=CFrame.new(1056.879,800.108,-2756.723,0.072,-0.000,-0.997,0.000,1.000,-0.000,0.997,0.000,0.072),s="Running",v=Vector3.new(58.695,0.005,9.936)},
        {t=0.678,cf=CFrame.new(1057.340,800.108,-2756.651,0.057,-0.000,-0.998,0.000,1.000,-0.000,0.998,0.000,0.057),s="Running",v=Vector3.new(56.228,0.005,9.748)},
        {t=0.682,cf=CFrame.new(1057.582,800.108,-2756.613,0.046,-0.000,-0.999,0.000,1.000,-0.000,0.999,0.000,0.046),s="Running",v=Vector3.new(56.961,0.005,10.152)},
        {t=0.687,cf=CFrame.new(1057.838,800.108,-2756.573,0.033,-0.000,-0.999,0.000,1.000,-0.000,0.999,0.000,0.033),s="Running",v=Vector3.new(57.104,0.005,10.473)},
        {t=0.691,cf=CFrame.new(1058.086,800.108,-2756.531,0.022,-0.000,-1.000,0.000,1.000,-0.000,1.000,0.000,0.022),s="Running",v=Vector3.new(57.115,0.005,10.690)},
        {t=0.696,cf=CFrame.new(1058.349,800.108,-2756.487,0.008,-0.000,-1.000,0.000,1.000,-0.000,1.000,0.000,0.008),s="Running",v=Vector3.new(57.089,0.005,10.890)},
        {t=0.699,cf=CFrame.new(1058.590,800.108,-2756.444,0.000,-0.000,-1.000,0.000,1.000,-0.000,1.000,0.000,0.000),s="Running",v=Vector3.new(57.071,0.005,11.003)},
        {t=0.704,cf=CFrame.new(1058.841,800.108,-2756.400,-0.009,-0.000,-1.000,0.000,1.000,-0.000,1.000,0.000,-0.009),s="Running",v=Vector3.new(57.050,0.005,11.118)},
        {t=0.707,cf=CFrame.new(1059.077,800.108,-2756.356,-0.016,-0.000,-1.000,0.000,1.000,-0.000,1.000,0.000,-0.016),s="Running",v=Vector3.new(57.041,0.005,11.165)},
        {t=0.712,cf=CFrame.new(1059.337,800.108,-2756.310,-0.027,-0.000,-1.000,0.000,1.000,-0.000,1.000,0.000,-0.027),s="Running",v=Vector3.new(57.032,0.005,11.209)},
        {t=0.715,cf=CFrame.new(1059.371,800.108,-2756.306,-0.033,-0.000,-0.999,0.000,1.000,-0.000,0.999,0.000,-0.033),s="Running",v=Vector3.new(58.404,0.005,11.526)},
        {t=0.719,cf=CFrame.new(1059.632,800.108,-2756.258,-0.041,-0.000,-0.999,0.000,1.000,-0.000,0.999,0.000,-0.041),s="Running",v=Vector3.new(57.363,0.005,11.350)},
        {t=0.723,cf=CFrame.new(1059.881,800.108,-2756.212,-0.049,-0.000,-0.999,0.000,1.000,-0.000,0.999,0.000,-0.049),s="Running",v=Vector3.new(57.102,0.005,11.309)},
        {t=0.729,cf=CFrame.new(1060.325,800.108,-2756.127,-0.057,-0.000,-0.998,0.000,1.000,-0.000,0.998,0.000,-0.057),s="Running",v=Vector3.new(55.655,0.005,11.033)},
        {t=0.731,cf=CFrame.new(1060.346,800.108,-2756.125,-0.061,-0.000,-0.998,0.000,1.000,-0.000,0.998,0.000,-0.061),s="Running",v=Vector3.new(58.054,0.005,11.511)},
        {t=0.736,cf=CFrame.new(1060.610,800.108,-2756.076,-0.070,-0.000,-0.998,0.000,1.000,-0.000,0.998,0.000,-0.070),s="Running",v=Vector3.new(57.269,0.005,11.382)},
        {t=0.740,cf=CFrame.new(1060.859,800.108,-2756.029,-0.076,-0.000,-0.997,0.000,1.000,-0.000,0.997,0.000,-0.076),s="Running",v=Vector3.new(57.066,0.005,11.382)},
        {t=0.745,cf=CFrame.new(1061.114,800.108,-2755.981,-0.083,-0.000,-0.997,0.000,1.000,-0.000,0.997,0.000,-0.083),s="Running",v=Vector3.new(57.013,0.005,11.394)},
        {t=0.749,cf=CFrame.new(1061.547,800.108,-2755.897,-0.089,-0.000,-0.996,0.000,1.000,-0.000,0.996,0.000,-0.089),s="Running",v=Vector3.new(55.613,0.005,11.155)},
        {t=0.752,cf=CFrame.new(1061.566,800.108,-2755.894,-0.092,-0.000,-0.996,0.000,1.000,-0.000,0.996,0.000,-0.092),s="Running",v=Vector3.new(58.018,0.005,11.671)},
        {t=0.758,cf=CFrame.new(1061.834,800.108,-2755.844,-0.099,-0.000,-0.995,0.000,1.000,-0.000,0.995,0.000,-0.099),s="Running",v=Vector3.new(57.236,0.005,11.541)},
        {t=0.762,cf=CFrame.new(1062.078,800.108,-2755.796,-0.103,-0.000,-0.995,0.000,1.000,-0.000,0.995,0.000,-0.103),s="Running",v=Vector3.new(57.034,0.005,11.540)},
        {t=0.766,cf=CFrame.new(1062.512,800.108,-2755.710,-0.107,-0.000,-0.994,0.000,1.000,-0.000,0.994,0.000,-0.107),s="Running",v=Vector3.new(55.597,0.005,11.296)},
        {t=0.769,cf=CFrame.new(1062.533,800.108,-2755.707,-0.110,-0.000,-0.994,0.000,1.000,-0.000,0.994,0.000,-0.110),s="Running",v=Vector3.new(57.995,0.005,11.801)},
        {t=0.774,cf=CFrame.new(1062.981,800.108,-2755.617,-0.115,-0.000,-0.993,0.000,1.000,-0.000,0.993,0.000,-0.115),s="Running",v=Vector3.new(55.835,0.005,11.372)},
        {t=0.778,cf=CFrame.new(1063.213,800.108,-2755.571,-0.117,-0.000,-0.993,0.000,1.000,-0.000,0.993,0.000,-0.117),s="Running",v=Vector3.new(56.673,0.005,11.551)},
        {t=0.782,cf=CFrame.new(1063.456,800.108,-2755.523,-0.121,-0.000,-0.993,0.000,1.000,-0.000,0.993,0.000,-0.121),s="Running",v=Vector3.new(56.875,0.005,11.632)},
        {t=0.786,cf=CFrame.new(1063.694,800.108,-2755.476,-0.125,-0.000,-0.992,0.000,1.000,-0.000,0.992,0.000,-0.125),s="Running",v=Vector3.new(56.922,0.005,11.670)},
        {t=0.791,cf=CFrame.new(1063.942,800.108,-2755.427,-0.128,-0.000,-0.992,0.000,1.000,-0.000,0.992,0.000,-0.128),s="Running",v=Vector3.new(56.931,0.005,11.692)},
        {t=0.795,cf=CFrame.new(1064.179,800.108,-2755.379,-0.131,-0.000,-0.991,0.000,1.000,-0.000,0.991,0.000,-0.131),s="Running",v=Vector3.new(56.932,0.005,11.701)},
        {t=0.799,cf=CFrame.new(1064.420,800.108,-2755.331,-0.134,-0.000,-0.991,0.000,1.000,-0.000,0.991,0.000,-0.134),s="Running",v=Vector3.new(56.933,0.005,11.703)},
        {t=0.803,cf=CFrame.new(1064.660,800.108,-2755.283,-0.137,-0.000,-0.991,0.000,1.000,-0.000,0.991,0.000,-0.137),s="Running",v=Vector3.new(56.933,0.005,11.704)},
        {t=0.808,cf=CFrame.new(1064.910,800.108,-2755.233,-0.140,-0.000,-0.990,0.000,1.000,-0.000,0.990,0.000,-0.140),s="Running",v=Vector3.new(56.933,0.005,11.705)},
        {t=0.811,cf=CFrame.new(1065.147,800.108,-2755.185,-0.142,-0.000,-0.990,0.000,1.000,-0.000,0.990,0.000,-0.142),s="Running",v=Vector3.new(56.930,0.005,11.718)},
        {t=0.816,cf=CFrame.new(1065.401,800.108,-2755.134,-0.145,-0.000,-0.990,0.000,1.000,-0.000,0.990,0.000,-0.145),s="Running",v=Vector3.new(56.920,0.005,11.764)},
        {t=0.819,cf=CFrame.new(1065.637,800.108,-2755.086,-0.146,-0.000,-0.989,0.000,1.000,-0.000,0.989,0.000,-0.146),s="Running",v=Vector3.new(56.916,0.005,11.786)},
        {t=0.824,cf=CFrame.new(1065.890,800.108,-2755.034,-0.149,-0.000,-0.989,0.000,1.000,-0.000,0.989,0.000,-0.149),s="Running",v=Vector3.new(56.914,0.005,11.797)},
        {t=0.828,cf=CFrame.new(1066.136,800.108,-2754.984,-0.151,-0.000,-0.988,0.000,1.000,-0.000,0.988,0.000,-0.151),s="Running",v=Vector3.new(56.913,0.005,11.802)},
        {t=0.833,cf=CFrame.new(1066.389,800.108,-2754.933,-0.154,-0.000,-0.988,0.000,1.000,-0.000,0.988,0.000,-0.154),s="Running",v=Vector3.new(56.909,0.005,11.819)},
        {t=0.837,cf=CFrame.new(1066.625,800.108,-2754.885,-0.156,-0.000,-0.988,0.000,1.000,-0.000,0.988,0.000,-0.156),s="Running",v=Vector3.new(56.901,0.005,11.856)},
        {t=0.841,cf=CFrame.new(1066.865,800.108,-2754.835,-0.158,-0.000,-0.987,0.000,1.000,-0.000,0.987,0.000,-0.158),s="Running",v=Vector3.new(56.898,0.005,11.872)},
        {t=0.845,cf=CFrame.new(1067.107,800.108,-2754.786,-0.160,-0.000,-0.987,0.000,1.000,-0.000,0.987,0.000,-0.160),s="Running",v=Vector3.new(56.894,0.005,11.893)},
        {t=0.850,cf=CFrame.new(1067.357,800.108,-2754.734,-0.162,-0.000,-0.987,0.000,1.000,-0.000,0.987,0.000,-0.162),s="Running",v=Vector3.new(56.885,0.005,11.934)},
        {t=0.853,cf=CFrame.new(1067.593,800.108,-2754.686,-0.163,-0.000,-0.987,0.000,1.000,-0.000,0.987,0.000,-0.163),s="Running",v=Vector3.new(56.876,0.005,11.976)},
        {t=0.858,cf=CFrame.new(1067.831,800.108,-2754.636,-0.165,-0.000,-0.986,0.000,1.000,-0.000,0.986,0.000,-0.165),s="Running",v=Vector3.new(56.874,0.005,11.989)},
        {t=0.861,cf=CFrame.new(1068.060,800.108,-2754.588,-0.166,-0.000,-0.986,0.000,1.000,-0.000,0.986,0.000,-0.166),s="Running",v=Vector3.new(56.872,0.005,11.996)},
        {t=0.866,cf=CFrame.new(1068.312,800.108,-2754.536,-0.169,-0.000,-0.986,0.000,1.000,-0.000,0.986,0.000,-0.169),s="Running",v=Vector3.new(56.870,0.005,12.007)},
        {t=0.869,cf=CFrame.new(1068.550,800.108,-2754.486,-0.170,-0.000,-0.985,0.000,1.000,-0.000,0.985,0.000,-0.170),s="Running",v=Vector3.new(56.860,0.005,12.053)},
        {t=0.874,cf=CFrame.new(1068.801,800.108,-2754.434,-0.172,-0.000,-0.985,0.000,1.000,-0.000,0.985,0.000,-0.172),s="Running",v=Vector3.new(56.851,0.005,12.096)},
        {t=0.879,cf=CFrame.new(1069.048,800.108,-2754.382,-0.173,-0.000,-0.985,0.000,1.000,-0.000,0.985,0.000,-0.173),s="Running",v=Vector3.new(56.840,0.005,12.145)},
        {t=0.882,cf=CFrame.new(1069.283,800.108,-2754.333,-0.175,-0.000,-0.985,0.000,1.000,-0.000,0.985,0.000,-0.175),s="Running",v=Vector3.new(56.832,0.005,12.184)},
        {t=0.886,cf=CFrame.new(1069.528,800.108,-2754.281,-0.176,-0.000,-0.984,0.000,1.000,-0.000,0.984,0.000,-0.176),s="Running",v=Vector3.new(56.816,0.005,12.259)},
        {t=0.891,cf=CFrame.new(1069.770,800.108,-2754.229,-0.178,-0.000,-0.984,0.000,1.000,-0.000,0.984,0.000,-0.178),s="Running",v=Vector3.new(56.811,0.005,12.280)},
        {t=0.895,cf=CFrame.new(1070.006,800.108,-2754.178,-0.179,-0.000,-0.984,0.000,1.000,-0.000,0.984,0.000,-0.179),s="Running",v=Vector3.new(56.809,0.005,12.292)},
        {t=0.899,cf=CFrame.new(1070.244,800.108,-2754.128,-0.180,-0.000,-0.984,0.000,1.000,-0.000,0.984,0.000,-0.180),s="Running",v=Vector3.new(56.808,0.005,12.298)},
        {t=0.904,cf=CFrame.new(1070.487,800.108,-2754.076,-0.182,-0.000,-0.983,0.000,1.000,-0.000,0.983,0.000,-0.182),s="Running",v=Vector3.new(56.803,0.005,12.319)},
        {t=0.907,cf=CFrame.new(1070.721,800.108,-2754.025,-0.183,-0.000,-0.983,0.000,1.000,-0.000,0.983,0.000,-0.183),s="Running",v=Vector3.new(56.795,0.005,12.356)},
        {t=0.912,cf=CFrame.new(1070.968,800.108,-2753.972,-0.185,-0.000,-0.983,0.000,1.000,-0.000,0.983,0.000,-0.185),s="Running",v=Vector3.new(56.788,0.005,12.386)},
        {t=0.916,cf=CFrame.new(1071.214,800.108,-2753.919,-0.186,-0.000,-0.983,0.000,1.000,-0.000,0.983,0.000,-0.186),s="Running",v=Vector3.new(56.780,0.005,12.423)},
        {t=0.919,cf=CFrame.new(1071.450,800.108,-2753.868,-0.187,-0.000,-0.982,0.000,1.000,-0.000,0.982,0.000,-0.187),s="Running",v=Vector3.new(56.770,0.005,12.469)},
        {t=0.924,cf=CFrame.new(1071.697,800.108,-2753.814,-0.188,-0.000,-0.982,0.000,1.000,-0.000,0.982,0.000,-0.188),s="Running",v=Vector3.new(56.762,0.005,12.507)},
        {t=0.930,cf=CFrame.new(1071.955,800.108,-2753.758,-0.190,-0.000,-0.982,0.000,1.000,-0.000,0.982,0.000,-0.190),s="Running",v=Vector3.new(56.748,0.005,12.569)},
        {t=0.933,cf=CFrame.new(1072.193,800.108,-2753.705,-0.191,-0.000,-0.982,0.000,1.000,-0.000,0.982,0.000,-0.191),s="Running",v=Vector3.new(56.742,0.005,12.599)},
        {t=0.936,cf=CFrame.new(1072.431,800.108,-2753.653,-0.192,-0.000,-0.981,0.000,1.000,-0.000,0.981,0.000,-0.192),s="Running",v=Vector3.new(56.732,0.005,12.643)},
        {t=0.942,cf=CFrame.new(1072.687,800.108,-2753.596,-0.193,-0.000,-0.981,0.000,1.000,-0.000,0.981,0.000,-0.193),s="Running",v=Vector3.new(56.721,0.005,12.691)},
        {t=0.947,cf=CFrame.new(1072.945,800.108,-2753.539,-0.195,-0.000,-0.981,0.000,1.000,-0.000,0.981,0.000,-0.195),s="Running",v=Vector3.new(56.700,0.005,12.782)},
        {t=0.950,cf=CFrame.new(1073.186,800.108,-2753.485,-0.196,-0.000,-0.981,0.000,1.000,-0.000,0.981,0.000,-0.196),s="Running",v=Vector3.new(56.684,0.005,12.855)},
        {t=0.953,cf=CFrame.new(1073.425,800.108,-2753.431,-0.197,-0.000,-0.980,0.000,1.000,-0.000,0.980,0.000,-0.197),s="Running",v=Vector3.new(56.668,0.005,12.927)},
        {t=0.957,cf=CFrame.new(1073.663,800.108,-2753.377,-0.198,-0.000,-0.980,0.000,1.000,-0.000,0.980,0.000,-0.198),s="Running",v=Vector3.new(56.648,0.005,13.011)},
        {t=0.961,cf=CFrame.new(1073.907,800.108,-2753.322,-0.199,-0.000,-0.980,0.000,1.000,-0.000,0.980,0.000,-0.199),s="Running",v=Vector3.new(56.623,0.005,13.121)},
        {t=0.966,cf=CFrame.new(1074.158,800.108,-2753.264,-0.201,-0.000,-0.980,0.000,1.000,-0.000,0.980,0.000,-0.201),s="Running",v=Vector3.new(56.579,0.005,13.311)},
        {t=0.970,cf=CFrame.new(1074.394,800.108,-2753.209,-0.202,-0.000,-0.979,0.000,1.000,-0.000,0.979,0.000,-0.202),s="Running",v=Vector3.new(56.556,0.005,13.408)},
        {t=0.974,cf=CFrame.new(1074.645,800.108,-2753.150,-0.204,-0.000,-0.979,0.000,1.000,-0.000,0.979,0.000,-0.204),s="Running",v=Vector3.new(56.489,0.005,13.683)},
        {t=0.979,cf=CFrame.new(1074.896,800.108,-2753.090,-0.206,-0.000,-0.979,0.000,1.000,-0.000,0.979,0.000,-0.206),s="Running",v=Vector3.new(56.441,0.005,13.880)},
        {t=0.982,cf=CFrame.new(1075.131,800.108,-2753.032,-0.207,-0.000,-0.978,0.000,1.000,-0.000,0.978,0.000,-0.207),s="Running",v=Vector3.new(56.395,0.005,14.067)},
        {t=0.985,cf=CFrame.new(1075.157,800.108,-2753.026,-0.209,-0.000,-0.978,0.000,1.000,-0.000,0.978,0.000,-0.209),s="Running",v=Vector3.new(57.702,0.005,14.639)},
        {t=0.990,cf=CFrame.new(1075.611,800.108,-2752.912,-0.211,-0.000,-0.977,0.000,1.000,-0.000,0.977,0.000,-0.211),s="Running",v=Vector3.new(55.242,0.005,14.318)},
        {t=0.995,cf=CFrame.new(1075.858,800.108,-2752.849,-0.214,-0.000,-0.977,0.000,1.000,-0.000,0.977,0.000,-0.214),s="Running",v=Vector3.new(55.921,0.005,14.846)},
        {t=0.998,cf=CFrame.new(1076.089,800.108,-2752.788,-0.216,-0.000,-0.976,0.000,1.000,-0.000,0.976,0.000,-0.216),s="Running",v=Vector3.new(56.064,0.005,15.082)},
        {t=1.003,cf=CFrame.new(1076.339,800.108,-2752.722,-0.218,-0.000,-0.976,0.000,1.000,-0.000,0.976,0.000,-0.218),s="Running",v=Vector3.new(56.031,0.005,15.391)},
        {t=1.006,cf=CFrame.new(1076.572,800.108,-2752.659,-0.220,-0.000,-0.975,0.000,1.000,-0.000,0.975,0.000,-0.220),s="Running",v=Vector3.new(55.987,0.005,15.594)},
        {t=1.012,cf=CFrame.new(1076.826,800.108,-2752.589,-0.224,-0.000,-0.975,0.000,1.000,-0.000,0.975,0.000,-0.224),s="Running",v=Vector3.new(55.885,0.005,15.967)},
        {t=1.014,cf=CFrame.new(1076.848,800.108,-2752.584,-0.225,-0.000,-0.974,0.000,1.000,-0.000,0.974,0.000,-0.225),s="Running",v=Vector3.new(57.179,0.005,16.563)},
        {t=1.019,cf=CFrame.new(1077.294,800.108,-2752.456,-0.228,-0.000,-0.974,0.000,1.000,-0.000,0.974,0.000,-0.228),s="Running",v=Vector3.new(54.729,0.005,16.165)},
