-- CFrame Auto Walk Recording
-- Total Frames: 1984
-- Recorded HipHeight: 5.058475494384766

return {
    hipHeight = 5.058475494384766,
    frames = {
        {t=0.005,cf=CFrame.new(-5.363,344.764,-103.028,0.979,0.000,0.205,0.000,1.000,0.000,-0.205,0.000,0.979),s="Running",v=Vector3.new(0.000,0.002,0.000)},
        {t=0.009,cf=CFrame.new(-5.363,344.764,-103.028,0.979,0.000,0.205,0.000,1.000,0.000,-0.205,0.000,0.979),s="Running",v=Vector3.new(0.000,0.002,0.000)},
        {t=0.013,cf=CFrame.new(-5.363,344.764,-103.028,0.979,0.000,0.205,0.000,1.000,0.000,-0.205,0.000,0.979),s="Running",v=Vector3.new(0.000,0.002,0.000)},
        {t=0.017,cf=CFrame.new(-5.363,344.764,-103.028,0.979,0.000,0.205,0.000,1.000,0.000,-0.205,0.000,0.979),s="Running",v=Vector3.new(0.000,0.002,0.000)},
        {t=0.022,cf=CFrame.new(-5.363,344.764,-103.028,0.979,0.000,0.205,0.000,1.000,0.000,-0.205,0.000,0.979),s="Running",v=Vector3.new(0.000,0.002,0.000)},
        {t=0.027,cf=CFrame.new(-5.363,344.764,-103.028,0.979,0.000,0.205,0.000,1.000,0.000,-0.205,0.000,0.979),s="Running",v=Vector3.new(0.000,0.002,0.000)},
        {t=0.031,cf=CFrame.new(-5.363,344.764,-103.028,0.979,0.000,0.205,0.000,1.000,0.000,-0.205,0.000,0.979),s="Running",v=Vector3.new(0.000,0.002,0.000)},
        {t=0.036,cf=CFrame.new(-5.363,344.764,-103.028,0.979,0.000,0.205,0.000,1.000,0.000,-0.205,0.000,0.979),s="Running",v=Vector3.new(0.000,0.002,0.000)},
        {t=0.041,cf=CFrame.new(-5.363,344.764,-103.028,0.979,0.000,0.205,0.000,1.000,0.000,-0.205,0.000,0.979),s="Running",v=Vector3.new(0.000,0.002,0.000)},
        {t=0.046,cf=CFrame.new(-5.363,344.764,-103.028,0.979,0.000,0.205,0.000,1.000,0.000,-0.205,0.000,0.979),s="Running",v=Vector3.new(0.000,0.002,0.000)},
        {t=0.050,cf=CFrame.new(-5.363,344.764,-103.028,0.979,0.000,0.205,0.000,1.000,0.000,-0.205,0.000,0.979),s="Running",v=Vector3.new(0.000,0.002,0.000)},
        {t=0.055,cf=CFrame.new(-5.363,344.764,-103.028,0.979,0.000,0.205,0.000,1.000,0.000,-0.205,0.000,0.979),s="Running",v=Vector3.new(0.000,0.002,0.000)},
        {t=0.059,cf=CFrame.new(-5.363,344.764,-103.028,0.979,0.000,0.205,0.000,1.000,0.000,-0.205,0.000,0.979),s="Running",v=Vector3.new(0.000,0.002,0.000)},
        {t=0.064,cf=CFrame.new(-5.363,344.764,-103.028,0.979,0.000,0.205,0.000,1.000,0.000,-0.205,0.000,0.979),s="Running",v=Vector3.new(0.000,0.002,0.000)},
        {t=0.068,cf=CFrame.new(-5.363,344.764,-103.028,0.979,0.000,0.205,0.000,1.000,0.000,-0.205,0.000,0.979),s="Running",v=Vector3.new(0.000,0.002,0.000)},
        {t=0.072,cf=CFrame.new(-5.363,344.764,-103.028,0.979,0.000,0.205,0.000,1.000,0.000,-0.205,0.000,0.979),s="Running",v=Vector3.new(0.000,0.002,0.000)},
        {t=0.076,cf=CFrame.new(-5.363,344.764,-103.028,0.979,0.000,0.205,0.000,1.000,0.000,-0.205,0.000,0.979),s="Running",v=Vector3.new(0.000,0.002,0.000)},
        {t=0.080,cf=CFrame.new(-5.363,344.764,-103.028,0.979,0.000,0.205,0.000,1.000,0.000,-0.205,0.000,0.979),s="Running",v=Vector3.new(0.000,0.002,0.000)},
        {t=0.084,cf=CFrame.new(-5.363,344.764,-103.028,0.979,0.000,0.205,0.000,1.000,0.000,-0.205,0.000,0.979),s="Running",v=Vector3.new(0.000,0.002,0.000)},
        {t=0.089,cf=CFrame.new(-5.363,344.764,-103.028,0.979,0.000,0.205,0.000,1.000,0.000,-0.205,0.000,0.979),s="Running",v=Vector3.new(0.000,0.002,0.000)},
        {t=0.093,cf=CFrame.new(-5.363,344.764,-103.028,0.979,0.000,0.205,0.000,1.000,0.000,-0.205,0.000,0.979),s="Running",v=Vector3.new(0.000,0.002,0.000)},
        {t=0.097,cf=CFrame.new(-5.363,344.764,-103.028,0.979,0.000,0.205,0.000,1.000,0.000,-0.205,0.000,0.979),s="Running",v=Vector3.new(0.000,0.002,0.000)},
        {t=0.101,cf=CFrame.new(-5.363,344.764,-103.028,0.979,0.000,0.205,0.000,1.000,0.000,-0.205,0.000,0.979),s="Running",v=Vector3.new(0.000,0.002,0.000)},
        {t=0.105,cf=CFrame.new(-5.363,344.764,-103.028,0.979,0.000,0.205,0.000,1.000,0.000,-0.205,0.000,0.979),s="Running",v=Vector3.new(0.000,0.002,0.000)},
        {t=0.109,cf=CFrame.new(-5.363,344.764,-103.028,0.979,0.000,0.205,0.000,1.000,0.000,-0.205,0.000,0.979),s="Running",v=Vector3.new(0.000,0.002,0.000)},
        {t=0.113,cf=CFrame.new(-5.363,344.764,-103.028,0.979,0.000,0.205,0.000,1.000,0.000,-0.205,0.000,0.979),s="Running",v=Vector3.new(0.000,0.002,0.000)},
        {t=0.117,cf=CFrame.new(-5.363,344.764,-103.028,0.979,0.000,0.205,0.000,1.000,0.000,-0.205,0.000,0.979),s="Running",v=Vector3.new(0.000,0.002,0.000)},
        {t=0.120,cf=CFrame.new(-5.363,344.764,-103.028,0.979,0.000,0.205,0.000,1.000,0.000,-0.205,0.000,0.979),s="Running",v=Vector3.new(0.000,0.002,0.000)},
        {t=0.125,cf=CFrame.new(-5.363,344.764,-103.028,0.979,0.000,0.205,0.000,1.000,0.000,-0.205,0.000,0.979),s="Running",v=Vector3.new(0.000,0.002,0.000)},
        {t=0.130,cf=CFrame.new(-5.363,344.764,-103.028,0.979,0.000,0.205,0.000,1.000,0.000,-0.205,0.000,0.979),s="Running",v=Vector3.new(0.000,0.002,0.000)},
        {t=0.134,cf=CFrame.new(-5.363,344.764,-103.028,0.979,0.000,0.205,0.000,1.000,0.000,-0.205,0.000,0.979),s="Running",v=Vector3.new(0.000,0.002,0.000)},
        {t=0.139,cf=CFrame.new(-5.363,344.764,-103.028,0.979,0.000,0.205,0.000,1.000,0.000,-0.205,0.000,0.979),s="Running",v=Vector3.new(0.000,0.002,0.000)},
        {t=0.143,cf=CFrame.new(-5.363,344.764,-103.028,0.979,0.000,0.205,0.000,1.000,0.000,-0.205,0.000,0.979),s="Running",v=Vector3.new(0.000,0.002,0.000)},
        {t=0.147,cf=CFrame.new(-5.363,344.764,-103.028,0.979,0.000,0.205,0.000,1.000,0.000,-0.205,0.000,0.979),s="Running",v=Vector3.new(0.000,0.002,0.000)},
        {t=0.150,cf=CFrame.new(-5.363,344.764,-103.028,0.979,0.000,0.205,0.000,1.000,0.000,-0.205,0.000,0.979),s="Running",v=Vector3.new(0.000,0.002,0.000)},
        {t=0.155,cf=CFrame.new(-5.363,344.764,-103.028,0.979,0.000,0.205,0.000,1.000,0.000,-0.205,0.000,0.979),s="Running",v=Vector3.new(0.000,0.002,0.000)},
        {t=0.159,cf=CFrame.new(-5.363,344.764,-103.028,0.979,0.000,0.205,0.000,1.000,0.000,-0.205,0.000,0.979),s="Running",v=Vector3.new(0.000,0.002,0.000)},
        {t=0.163,cf=CFrame.new(-5.363,344.764,-103.028,0.979,0.000,0.205,0.000,1.000,0.000,-0.205,0.000,0.979),s="Running",v=Vector3.new(-0.000,0.002,-0.000)},
        {t=0.167,cf=CFrame.new(-5.363,344.764,-103.028,0.979,0.000,0.205,0.000,1.000,0.000,-0.205,0.000,0.979),s="Running",v=Vector3.new(-0.000,0.002,-0.000)},
        {t=0.171,cf=CFrame.new(-5.363,344.764,-103.028,0.979,0.000,0.205,0.000,1.000,0.000,-0.205,0.000,0.979),s="Running",v=Vector3.new(-0.000,0.002,-0.000)},
        {t=0.176,cf=CFrame.new(-5.363,344.764,-103.028,0.979,0.000,0.205,0.000,1.000,0.000,-0.205,0.000,0.979),s="Running",v=Vector3.new(-0.000,0.002,-0.000)},
        {t=0.180,cf=CFrame.new(-5.363,344.764,-103.028,0.979,0.000,0.205,0.000,1.000,0.000,-0.205,0.000,0.979),s="Running",v=Vector3.new(-0.000,0.002,-0.000)},
        {t=0.184,cf=CFrame.new(-5.363,344.764,-103.028,0.979,0.000,0.205,0.000,1.000,0.000,-0.205,0.000,0.979),s="Running",v=Vector3.new(-0.000,0.002,-0.000)},
        {t=0.188,cf=CFrame.new(-5.363,344.764,-103.028,0.979,0.000,0.205,0.000,1.000,0.000,-0.205,0.000,0.979),s="Running",v=Vector3.new(-0.000,0.002,-0.000)},
        {t=0.193,cf=CFrame.new(-5.363,344.764,-103.028,0.979,0.000,0.205,0.000,1.000,0.000,-0.205,0.000,0.979),s="Running",v=Vector3.new(-0.000,0.002,-0.000)},
        {t=0.197,cf=CFrame.new(-5.363,344.764,-103.028,0.979,0.000,0.205,0.000,1.000,0.000,-0.205,0.000,0.979),s="Running",v=Vector3.new(-0.319,0.002,-1.527)},
        {t=0.203,cf=CFrame.new(-5.364,344.764,-103.032,0.979,0.000,0.205,0.000,1.000,0.000,-0.205,0.000,0.979),s="Running",v=Vector3.new(-1.154,0.002,-5.518)},
        {t=0.208,cf=CFrame.new(-5.367,344.764,-103.049,0.979,0.000,0.205,0.000,1.000,0.000,-0.205,0.000,0.979),s="Running",v=Vector3.new(-2.039,0.002,-9.753)},
        {t=0.213,cf=CFrame.new(-5.373,344.764,-103.078,0.979,0.000,0.205,0.000,1.000,0.000,-0.205,0.000,0.979),s="Running",v=Vector3.new(-3.029,0.002,-14.489)},
        {t=0.218,cf=CFrame.new(-5.384,344.764,-103.128,0.979,0.000,0.205,0.000,1.000,0.000,-0.205,0.000,0.979),s="Running",v=Vector3.new(-3.983,0.002,-19.050)},
        {t=0.223,cf=CFrame.new(-5.399,344.764,-103.203,0.979,0.000,0.205,0.000,1.000,0.000,-0.205,0.000,0.979),s="Running",v=Vector3.new(-5.110,0.002,-24.439)},
        {t=0.229,cf=CFrame.new(-5.433,344.764,-103.365,0.979,0.000,0.205,0.000,1.000,0.000,-0.205,0.000,0.979),s="Running",v=Vector3.new(-5.923,0.002,-28.329)},
        {t=0.234,cf=CFrame.new(-5.457,344.764,-103.480,0.979,0.000,0.205,0.000,1.000,0.000,-0.205,0.000,0.979),s="Running",v=Vector3.new(-7.178,0.002,-34.331)},
        {t=0.239,cf=CFrame.new(-5.488,344.764,-103.628,0.979,0.000,0.205,0.000,1.000,0.000,-0.205,0.000,0.979),s="Running",v=Vector3.new(-8.574,0.002,-40.994)},
        {t=0.244,cf=CFrame.new(-5.525,344.764,-103.805,0.979,0.000,0.205,0.000,1.000,0.000,-0.205,0.000,0.979),s="Running",v=Vector3.new(-9.701,0.002,-46.109)},
        {t=0.250,cf=CFrame.new(-5.601,344.764,-104.162,0.978,0.000,0.208,0.000,1.000,0.000,-0.208,0.000,0.978),s="Running",v=Vector3.new(-11.087,0.002,-50.224)},
        {t=0.256,cf=CFrame.new(-5.653,344.764,-104.396,0.977,0.000,0.211,0.000,1.000,0.000,-0.211,0.000,0.977),s="Running",v=Vector3.new(-13.219,0.002,-54.750)},
        {t=0.262,cf=CFrame.new(-5.714,344.764,-104.651,0.976,0.000,0.217,0.000,1.000,0.000,-0.217,0.000,0.976),s="Running",v=Vector3.new(-14.854,0.002,-55.880)},
        {t=0.267,cf=CFrame.new(-5.831,344.764,-105.091,0.975,0.000,0.223,0.000,1.000,0.000,-0.223,0.000,0.975),s="Running",v=Vector3.new(-16.299,0.002,-54.771)},
        {t=0.272,cf=CFrame.new(-5.904,344.764,-105.336,0.973,0.000,0.231,0.000,1.000,0.000,-0.231,0.000,0.973),s="Running",v=Vector3.new(-18.553,0.002,-55.082)},
        {t=0.277,cf=CFrame.new(-5.987,344.764,-105.585,0.971,0.000,0.240,0.000,1.000,0.000,-0.240,0.000,0.971),s="Running",v=Vector3.new(-20.478,0.002,-54.667)},
        {t=0.282,cf=CFrame.new(-6.146,344.764,-106.014,0.968,0.000,0.250,0.000,1.000,0.000,-0.250,0.000,0.968),s="Running",v=Vector3.new(-22.101,0.002,-52.870)},
        {t=0.287,cf=CFrame.new(-6.242,344.764,-106.248,0.965,0.000,0.262,0.000,1.000,0.000,-0.262,0.000,0.965),s="Running",v=Vector3.new(-24.673,0.002,-52.660)},
        {t=0.292,cf=CFrame.new(-6.348,344.764,-106.479,0.961,0.000,0.276,0.000,1.000,0.000,-0.276,0.000,0.961),s="Running",v=Vector3.new(-26.652,0.002,-51.931)},
        {t=0.296,cf=CFrame.new(-6.460,344.764,-106.703,0.957,0.000,0.289,0.000,1.000,0.000,-0.289,0.000,0.957),s="Running",v=Vector3.new(-28.619,0.002,-50.932)},
        {t=0.301,cf=CFrame.new(-6.580,344.764,-106.922,0.953,0.000,0.303,0.000,1.000,0.000,-0.303,0.000,0.953),s="Running",v=Vector3.new(-30.545,0.002,-49.807)},
        {t=0.306,cf=CFrame.new(-6.718,344.764,-107.152,0.947,0.000,0.321,0.000,1.000,0.000,-0.321,0.000,0.947),s="Running",v=Vector3.new(-33.092,0.002,-48.159)},
        {t=0.311,cf=CFrame.new(-6.973,344.764,-107.529,0.941,0.000,0.337,0.000,1.000,0.000,-0.337,0.000,0.941),s="Running",v=Vector3.new(-33.939,0.002,-46.199)},
        {t=0.316,cf=CFrame.new(-7.117,344.764,-107.732,0.934,0.000,0.356,0.000,1.000,0.000,-0.356,0.000,0.934),s="Running",v=Vector3.new(-35.951,0.002,-45.722)},
        {t=0.321,cf=CFrame.new(-7.270,344.764,-107.933,0.928,0.000,0.374,0.000,1.000,0.000,-0.374,0.000,0.928),s="Running",v=Vector3.new(-37.753,0.002,-44.532)},
        {t=0.329,cf=CFrame.new(-7.571,344.764,-108.295,0.914,0.000,0.406,0.000,1.000,0.000,-0.406,0.000,0.914),s="Running",v=Vector3.new(-39.546,0.002,-41.430)},
        {t=0.334,cf=CFrame.new(-7.744,344.764,-108.482,0.903,0.000,0.429,0.000,1.000,0.000,-0.429,0.000,0.903),s="Running",v=Vector3.new(-42.279,0.002,-39.868)},
        {t=0.340,cf=CFrame.new(-7.936,344.764,-108.669,0.890,0.000,0.457,0.000,1.000,0.000,-0.457,0.000,0.890),s="Running",v=Vector3.new(-44.679,-1.363,-37.507)},
        {t=0.346,cf=CFrame.new(-8.287,344.740,-108.970,0.875,0.000,0.483,0.000,1.000,0.000,-0.483,0.000,0.875),s="Running",v=Vector3.new(-45.744,-4.871,-34.439)},
        {t=0.351,cf=CFrame.new(-8.487,344.715,-109.126,0.862,0.000,0.507,0.000,1.000,0.000,-0.507,0.000,0.862),s="Running",v=Vector3.new(-48.193,-7.285,-32.473)},
        {t=0.356,cf=CFrame.new(-8.701,344.678,-109.277,0.847,0.000,0.532,0.000,1.000,0.000,-0.532,0.000,0.847),s="Running",v=Vector3.new(-49.900,-9.733,-30.245)},
        {t=0.360,cf=CFrame.new(-8.916,344.632,-109.413,0.834,0.000,0.552,0.000,1.000,0.000,-0.552,0.000,0.834),s="Running",v=Vector3.new(-51.006,-11.591,-28.474)},
        {t=0.365,cf=CFrame.new(-9.137,344.578,-109.543,0.818,0.000,0.575,0.000,1.000,0.000,-0.575,0.000,0.818),s="Running",v=Vector3.new(-51.859,-12.714,-26.548)},
        {t=0.370,cf=CFrame.new(-9.528,344.463,-109.750,0.803,0.000,0.596,0.000,1.000,0.000,-0.596,0.000,0.803),s="Running",v=Vector3.new(-51.471,-13.750,-24.325)},
        {t=0.375,cf=CFrame.new(-9.743,344.402,-109.859,0.786,0.000,0.619,0.000,1.000,0.000,-0.619,0.000,0.786),s="Running",v=Vector3.new(-53.070,-14.534,-23.151)},
        {t=0.380,cf=CFrame.new(-9.971,344.337,-109.965,0.770,0.000,0.638,0.000,1.000,0.000,-0.638,0.000,0.770),s="Running",v=Vector3.new(-54.025,-15.733,-21.531)},
        {t=0.384,cf=CFrame.new(-10.201,344.267,-110.063,0.754,0.000,0.657,0.000,1.000,0.000,-0.657,0.000,0.754),s="Running",v=Vector3.new(-54.512,-16.618,-20.471)},
        {t=0.389,cf=CFrame.new(-10.436,344.192,-110.158,0.736,0.000,0.677,0.000,1.000,0.000,-0.677,0.000,0.736),s="Running",v=Vector3.new(-54.899,-17.483,-19.464)},
        {t=0.394,cf=CFrame.new(-10.669,344.115,-110.247,0.721,0.000,0.693,0.000,1.000,0.000,-0.693,0.000,0.721),s="Running",v=Vector3.new(-55.203,-17.848,-18.607)},
        {t=0.398,cf=CFrame.new(-10.910,344.038,-110.334,0.705,0.000,0.710,0.000,1.000,0.000,-0.710,0.000,0.705),s="Running",v=Vector3.new(-55.474,-10.125,-17.794)},
        {t=0.402,cf=CFrame.new(-11.332,344.018,-110.475,0.689,0.000,0.724,0.000,1.000,0.000,-0.724,0.000,0.689),s="Running",v=Vector3.new(-54.443,-2.200,-16.752)},
        {t=0.407,cf=CFrame.new(-11.565,344.019,-110.554,0.672,0.000,0.741,0.000,1.000,0.000,-0.741,0.000,0.672),s="Running",v=Vector3.new(-55.564,-0.257,-16.414)},
        {t=0.412,cf=CFrame.new(-11.798,344.023,-110.628,0.657,0.000,0.754,0.000,1.000,0.000,-0.754,0.000,0.657),s="Running",v=Vector3.new(-55.951,0.804,-15.956)},
        {t=0.416,cf=CFrame.new(-12.035,344.030,-110.701,0.641,0.000,0.768,0.000,1.000,0.000,-0.768,0.000,0.641),s="Running",v=Vector3.new(-56.154,1.391,-15.461)},
        {t=0.421,cf=CFrame.new(-12.273,344.037,-110.772,0.627,0.000,0.779,0.000,1.000,0.000,-0.779,0.000,0.627),s="Running",v=Vector3.new(-56.297,1.627,-14.992)},
        {t=0.426,cf=CFrame.new(-12.529,344.045,-110.847,0.608,0.000,0.794,0.000,1.000,0.000,-0.794,0.000,0.608),s="Running",v=Vector3.new(-56.426,1.661,-14.520)},
        {t=0.430,cf=CFrame.new(-12.775,344.053,-110.915,0.594,0.000,0.804,0.000,1.000,0.000,-0.804,0.000,0.594),s="Running",v=Vector3.new(-56.505,1.558,-14.215)},
        {t=0.436,cf=CFrame.new(-13.216,344.066,-111.032,0.577,0.000,0.817,0.000,1.000,0.000,-0.817,0.000,0.577),s="Running",v=Vector3.new(-55.320,1.371,-13.601)},
        {t=0.441,cf=CFrame.new(-13.452,344.071,-111.096,0.562,0.000,0.827,0.000,1.000,0.000,-0.827,0.000,0.562),s="Running",v=Vector3.new(-56.321,1.223,-13.612)},
        {t=0.445,cf=CFrame.new(-13.695,344.076,-111.159,0.548,0.000,0.836,0.000,1.000,0.000,-0.836,0.000,0.548),s="Running",v=Vector3.new(-56.601,1.070,-13.488)},
        {t=0.449,cf=CFrame.new(-13.933,344.080,-111.220,0.537,0.000,0.844,0.000,1.000,0.000,-0.844,0.000,0.537),s="Running",v=Vector3.new(-56.690,0.946,-13.379)},
        {t=0.454,cf=CFrame.new(-14.172,344.084,-111.281,0.525,0.000,0.851,0.000,1.000,0.000,-0.851,0.000,0.525),s="Running",v=Vector3.new(-56.722,0.833,-13.308)},
        {t=0.459,cf=CFrame.new(-14.430,344.087,-111.346,0.510,0.000,0.860,0.000,1.000,0.000,-0.860,0.000,0.510),s="Running",v=Vector3.new(-56.736,0.668,-13.267)},
        {t=0.464,cf=CFrame.new(-14.688,344.090,-111.411,0.497,0.000,0.868,0.000,1.000,0.000,-0.868,0.000,0.497),s="Running",v=Vector3.new(-56.741,0.543,-13.251)},
        {t=0.468,cf=CFrame.new(-14.936,344.093,-111.473,0.487,0.000,0.874,0.000,1.000,0.000,-0.874,0.000,0.487),s="Running",v=Vector3.new(-56.742,0.474,-13.247)},
        {t=0.474,cf=CFrame.new(-15.379,344.096,-111.581,0.474,0.000,0.881,0.000,1.000,0.000,-0.881,0.000,0.474),s="Running",v=Vector3.new(-55.477,0.397,-12.950)},
        {t=0.479,cf=CFrame.new(-15.621,344.098,-111.641,0.462,0.000,0.887,0.000,1.000,0.000,-0.887,0.000,0.462),s="Running",v=Vector3.new(-56.426,0.343,-13.171)},
        {t=0.484,cf=CFrame.new(-15.865,344.099,-111.702,0.452,0.000,0.892,0.000,1.000,0.000,-0.892,0.000,0.452),s="Running",v=Vector3.new(-56.663,0.293,-13.226)},
        {t=0.488,cf=CFrame.new(-16.110,344.101,-111.762,0.443,0.000,0.897,0.000,1.000,0.000,-0.897,0.000,0.443),s="Running",v=Vector3.new(-56.723,0.243,-13.240)},
        {t=0.493,cf=CFrame.new(-16.366,344.102,-111.825,0.433,0.000,0.902,0.000,1.000,0.000,-0.902,0.000,0.433),s="Running",v=Vector3.new(-56.738,0.197,-13.244)},
        {t=0.499,cf=CFrame.new(-16.632,344.103,-111.891,0.421,0.000,0.907,0.000,1.000,0.000,-0.907,0.000,0.421),s="Running",v=Vector3.new(-56.741,0.163,-13.245)},
        {t=0.504,cf=CFrame.new(-17.074,344.104,-111.997,0.413,0.000,0.911,0.000,1.000,0.000,-0.911,0.000,0.413),s="Running",v=Vector3.new(-55.477,0.135,-12.949)},
        {t=0.509,cf=CFrame.new(-17.322,344.105,-112.059,0.403,0.000,0.915,0.000,1.000,0.000,-0.915,0.000,0.403),s="Running",v=Vector3.new(-56.426,0.116,-13.171)},
        {t=0.514,cf=CFrame.new(-17.571,344.105,-112.119,0.395,0.000,0.919,0.000,1.000,0.000,-0.919,0.000,0.395),s="Running",v=Vector3.new(-56.663,0.098,-13.226)},
        {t=0.520,cf=CFrame.new(-18.026,344.106,-112.228,0.385,0.000,0.923,0.000,1.000,0.000,-0.923,0.000,0.385),s="Running",v=Vector3.new(-55.458,0.073,-12.945)},
        {t=0.526,cf=CFrame.new(-18.284,344.106,-112.292,0.377,0.000,0.926,0.000,1.000,0.000,-0.926,0.000,0.377),s="Running",v=Vector3.new(-56.421,0.060,-13.170)},
        {t=0.531,cf=CFrame.new(-18.537,344.107,-112.353,0.370,0.000,0.929,0.000,1.000,0.000,-0.929,0.000,0.370),s="Running",v=Vector3.new(-56.662,0.051,-13.226)},
        {t=0.536,cf=CFrame.new(-18.791,344.107,-112.414,0.363,0.000,0.932,0.000,1.000,0.000,-0.932,0.000,0.363),s="Running",v=Vector3.new(-56.722,0.044,-13.240)},
        {t=0.541,cf=CFrame.new(-19.231,344.107,-112.519,0.356,0.000,0.934,0.000,1.000,0.000,-0.934,0.000,0.356),s="Running",v=Vector3.new(-55.472,0.037,-12.948)},
        {t=0.546,cf=CFrame.new(-19.475,344.107,-112.579,0.350,0.000,0.937,0.000,1.000,0.000,-0.937,0.000,0.350),s="Running",v=Vector3.new(-56.425,0.031,-13.171)},
        {t=0.551,cf=CFrame.new(-19.730,344.108,-112.640,0.344,0.000,0.939,0.000,1.000,0.000,-0.939,0.000,0.344),s="Running",v=Vector3.new(-56.663,0.025,-13.226)},
        {t=0.558,cf=CFrame.new(-20.189,344.108,-112.750,0.336,0.000,0.942,0.000,1.000,0.000,-0.942,0.000,0.336),s="Running",v=Vector3.new(-55.458,0.020,-12.945)},
        {t=0.563,cf=CFrame.new(-20.439,344.108,-112.810,0.331,0.000,0.944,0.000,1.000,0.000,-0.944,0.000,0.331),s="Running",v=Vector3.new(-56.421,0.017,-13.170)},
        {t=0.569,cf=CFrame.new(-20.882,344.108,-112.915,0.325,0.000,0.946,0.000,1.000,0.000,-0.946,0.000,0.325),s="Running",v=Vector3.new(-55.397,0.014,-12.931)},
        {t=0.576,cf=CFrame.new(-21.152,344.108,-112.980,0.319,0.000,0.948,0.000,1.000,0.000,-0.948,0.000,0.319),s="Running",v=Vector3.new(-56.406,0.010,-13.166)},
        {t=0.583,cf=CFrame.new(-21.616,344.108,-113.090,0.313,0.000,0.950,0.000,1.000,0.000,-0.950,0.000,0.313),s="Running",v=Vector3.new(-55.393,0.008,-12.930)},
        {t=0.590,cf=CFrame.new(-21.880,344.108,-113.153,0.307,0.000,0.952,0.000,1.000,0.000,-0.952,0.000,0.307),s="Running",v=Vector3.new(-56.405,0.007,-13.166)},
        {t=0.596,cf=CFrame.new(-22.332,344.108,-113.260,0.302,0.000,0.953,0.000,1.000,0.000,-0.953,0.000,0.302),s="Running",v=Vector3.new(-55.393,0.006,-12.930)},
        {t=0.601,cf=CFrame.new(-22.584,344.108,-113.321,0.299,0.000,0.954,0.000,1.000,0.000,-0.954,0.000,0.299),s="Running",v=Vector3.new(-56.405,0.004,-13.166)},
        {t=0.606,cf=CFrame.new(-22.846,344.108,-113.383,0.295,0.000,0.955,0.000,1.000,0.000,-0.955,0.000,0.295),s="Running",v=Vector3.new(-56.658,0.004,-13.225)},
        {t=0.611,cf=CFrame.new(-23.103,344.108,-113.444,0.292,0.000,0.956,0.000,1.000,0.000,-0.956,0.000,0.292),s="Running",v=Vector3.new(-56.721,0.003,-13.240)},
        {t=0.616,cf=CFrame.new(-23.358,344.108,-113.504,0.289,0.000,0.957,0.000,1.000,0.000,-0.957,0.000,0.289),s="Running",v=Vector3.new(-56.737,0.003,-13.244)},
        {t=0.620,cf=CFrame.new(-23.795,344.108,-113.607,0.286,0.000,0.958,0.000,1.000,0.000,-0.958,0.000,0.286),s="Running",v=Vector3.new(-55.476,0.003,-12.949)},
        {t=0.625,cf=CFrame.new(-24.047,344.108,-113.667,0.283,0.000,0.959,0.000,1.000,0.000,-0.959,0.000,0.283),s="Running",v=Vector3.new(-56.426,0.003,-13.171)},
        {t=0.630,cf=CFrame.new(-24.302,344.108,-113.727,0.281,0.000,0.960,0.000,1.000,0.000,-0.960,0.000,0.281),s="Running",v=Vector3.new(-56.663,0.003,-13.226)},
        {t=0.635,cf=CFrame.new(-24.555,344.108,-113.787,0.279,0.000,0.960,0.000,1.000,0.000,-0.960,0.000,0.279),s="Running",v=Vector3.new(-56.723,0.003,-13.240)},
        {t=0.640,cf=CFrame.new(-25.001,344.108,-113.892,0.276,0.000,0.961,0.000,1.000,0.000,-0.961,0.000,0.276),s="Running",v=Vector3.new(-55.472,0.003,-12.948)},
        {t=0.645,cf=CFrame.new(-25.245,344.108,-113.950,0.274,0.000,0.962,0.000,1.000,0.000,-0.962,0.000,0.274),s="Running",v=Vector3.new(-56.425,0.003,-13.171)},
        {t=0.649,cf=CFrame.new(-25.490,344.108,-114.008,0.271,0.000,0.962,0.000,1.000,0.000,-0.962,0.000,0.271),s="Running",v=Vector3.new(-56.663,0.003,-13.226)},
        {t=0.654,cf=CFrame.new(-25.737,344.108,-114.066,0.269,0.000,0.963,0.000,1.000,0.000,-0.963,0.000,0.269),s="Running",v=Vector3.new(-56.723,0.003,-13.240)},
        {t=0.660,cf=CFrame.new(-26.000,344.108,-114.128,0.267,0.000,0.964,0.000,1.000,0.000,-0.964,0.000,0.267),s="Running",v=Vector3.new(-56.738,0.003,-13.244)},
        {t=0.665,cf=CFrame.new(-26.447,344.108,-114.233,0.265,0.000,0.964,0.000,1.000,0.000,-0.964,0.000,0.265),s="Running",v=Vector3.new(-55.476,0.003,-12.949)},
        {t=0.669,cf=CFrame.new(-26.690,344.108,-114.290,0.264,0.000,0.965,0.000,1.000,0.000,-0.965,0.000,0.264),s="Running",v=Vector3.new(-56.426,0.003,-13.171)},
        {t=0.674,cf=CFrame.new(-26.936,344.108,-114.348,0.262,0.000,0.965,0.000,1.000,0.000,-0.965,0.000,0.262),s="Running",v=Vector3.new(-56.663,0.003,-13.226)},
        {t=0.678,cf=CFrame.new(-27.180,344.108,-114.406,0.260,0.000,0.965,0.000,1.000,0.000,-0.965,0.000,0.260),s="Running",v=Vector3.new(-56.723,0.003,-13.240)},
        {t=0.683,cf=CFrame.new(-27.428,344.108,-114.464,0.259,0.000,0.966,0.000,1.000,0.000,-0.966,0.000,0.259),s="Running",v=Vector3.new(-56.738,0.003,-13.244)},
        {t=0.687,cf=CFrame.new(-27.681,344.108,-114.523,0.258,0.000,0.966,0.000,1.000,0.000,-0.966,0.000,0.258),s="Running",v=Vector3.new(-56.741,0.003,-13.245)},
        {t=0.692,cf=CFrame.new(-27.937,344.108,-114.583,0.256,0.000,0.967,0.000,1.000,0.000,-0.967,0.000,0.256),s="Running",v=Vector3.new(-56.742,0.003,-13.245)},
        {t=0.696,cf=CFrame.new(-28.187,344.108,-114.642,0.255,0.000,0.967,0.000,1.000,0.000,-0.967,0.000,0.255),s="Running",v=Vector3.new(-56.742,0.003,-13.245)},
        {t=0.700,cf=CFrame.new(-28.434,344.108,-114.700,0.254,0.000,0.967,0.000,1.000,0.000,-0.967,0.000,0.254),s="Running",v=Vector3.new(-56.742,0.003,-13.245)},
        {t=0.706,cf=CFrame.new(-28.694,344.108,-114.761,0.252,0.000,0.968,0.000,1.000,0.000,-0.968,0.000,0.252),s="Running",v=Vector3.new(-56.743,0.003,-13.245)},
        {t=0.710,cf=CFrame.new(-29.126,344.108,-114.863,0.251,0.000,0.968,0.000,1.000,0.000,-0.968,0.000,0.251),s="Running",v=Vector3.new(-55.477,0.003,-12.950)},
        {t=0.714,cf=CFrame.new(-29.361,344.108,-114.918,0.250,0.000,0.968,0.000,1.000,0.000,-0.968,0.000,0.250),s="Running",v=Vector3.new(-56.426,0.003,-13.171)},
        {t=0.719,cf=CFrame.new(-29.610,344.108,-114.976,0.249,0.000,0.968,0.000,1.000,0.000,-0.968,0.000,0.249),s="Running",v=Vector3.new(-56.663,0.003,-13.226)},
        {t=0.724,cf=CFrame.new(-29.868,344.108,-115.037,0.248,0.000,0.969,0.000,1.000,0.000,-0.969,0.000,0.248),s="Running",v=Vector3.new(-56.723,0.003,-13.240)},
        {t=0.729,cf=CFrame.new(-30.121,344.108,-115.096,0.247,0.000,0.969,0.000,1.000,0.000,-0.969,0.000,0.247),s="Running",v=Vector3.new(-56.738,0.003,-13.244)},
        {t=0.733,cf=CFrame.new(-30.369,344.108,-115.154,0.246,0.000,0.969,0.000,1.000,0.000,-0.969,0.000,0.246),s="Running",v=Vector3.new(-56.741,0.003,-13.245)},
        {t=0.738,cf=CFrame.new(-30.621,344.108,-115.213,0.246,0.000,0.969,0.000,1.000,0.000,-0.969,0.000,0.246),s="Running",v=Vector3.new(-56.742,0.003,-13.245)},
        {t=0.743,cf=CFrame.new(-30.871,344.108,-115.272,0.245,0.000,0.970,0.000,1.000,0.000,-0.970,0.000,0.245),s="Running",v=Vector3.new(-56.742,0.003,-13.245)},
        {t=0.747,cf=CFrame.new(-31.129,344.108,-115.332,0.244,0.000,0.970,0.000,1.000,0.000,-0.970,0.000,0.244),s="Running",v=Vector3.new(-56.742,0.003,-13.245)},
        {t=0.752,cf=CFrame.new(-31.383,344.108,-115.392,0.243,0.000,0.970,0.000,1.000,0.000,-0.970,0.000,0.243),s="Running",v=Vector3.new(-56.743,0.003,-13.245)},
        {t=0.757,cf=CFrame.new(-31.832,344.108,-115.497,0.242,0.000,0.970,0.000,1.000,0.000,-0.970,0.000,0.242),s="Running",v=Vector3.new(-55.477,0.003,-12.950)},
        {t=0.761,cf=CFrame.new(-32.074,344.108,-115.554,0.242,0.000,0.970,0.000,1.000,0.000,-0.970,0.000,0.242),s="Running",v=Vector3.new(-56.426,0.003,-13.171)},
        {t=0.766,cf=CFrame.new(-32.321,344.108,-115.612,0.241,0.000,0.970,0.000,1.000,0.000,-0.970,0.000,0.241),s="Running",v=Vector3.new(-56.663,0.003,-13.226)},
        {t=0.770,cf=CFrame.new(-32.565,344.108,-115.669,0.241,0.000,0.971,0.000,1.000,0.000,-0.971,0.000,0.241),s="Running",v=Vector3.new(-56.723,0.003,-13.240)},
        {t=0.775,cf=CFrame.new(-32.815,344.108,-115.727,0.240,0.000,0.971,0.000,1.000,0.000,-0.971,0.000,0.240),s="Running",v=Vector3.new(-56.738,0.003,-13.244)},
        {t=0.780,cf=CFrame.new(-33.064,344.108,-115.785,0.239,0.000,0.971,0.000,1.000,0.000,-0.971,0.000,0.239),s="Running",v=Vector3.new(-56.741,0.003,-13.245)},
        {t=0.784,cf=CFrame.new(-33.316,344.108,-115.844,0.239,0.000,0.971,0.000,1.000,0.000,-0.971,0.000,0.239),s="Running",v=Vector3.new(-56.742,0.003,-13.245)},
        {t=0.789,cf=CFrame.new(-33.569,344.108,-115.904,0.238,0.000,0.971,0.000,1.000,0.000,-0.971,0.000,0.238),s="Running",v=Vector3.new(-56.742,0.003,-13.245)},
        {t=0.794,cf=CFrame.new(-33.824,344.108,-115.963,0.238,0.000,0.971,0.000,1.000,0.000,-0.971,0.000,0.238),s="Running",v=Vector3.new(-56.742,0.003,-13.245)},
        {t=0.798,cf=CFrame.new(-34.261,344.108,-116.065,0.237,0.000,0.971,0.000,1.000,0.000,-0.971,0.000,0.237),s="Running",v=Vector3.new(-55.477,0.003,-12.950)},
        {t=0.803,cf=CFrame.new(-34.492,344.108,-116.120,0.237,0.000,0.972,0.000,1.000,0.000,-0.972,0.000,0.237),s="Running",v=Vector3.new(-56.426,0.003,-13.171)},
        {t=0.806,cf=CFrame.new(-34.522,344.108,-116.127,0.237,0.000,0.972,0.000,1.000,0.000,-0.972,0.000,0.237),s="Running",v=Vector3.new(-57.929,0.003,-13.522)},
        {t=0.811,cf=CFrame.new(-34.784,344.108,-116.188,0.236,0.000,0.972,0.000,1.000,0.000,-0.972,0.000,0.236),s="Running",v=Vector3.new(-57.039,0.003,-13.314)},
        {t=0.815,cf=CFrame.new(-35.225,344.108,-116.291,0.236,0.000,0.972,0.000,1.000,0.000,-0.972,0.000,0.236),s="Running",v=Vector3.new(-55.552,0.003,-12.967)},
        {t=0.819,cf=CFrame.new(-35.459,344.108,-116.346,0.235,0.000,0.972,0.000,1.000,0.000,-0.972,0.000,0.235),s="Running",v=Vector3.new(-56.445,0.003,-13.175)},
        {t=0.824,cf=CFrame.new(-35.701,344.108,-116.402,0.235,0.000,0.972,0.000,1.000,0.000,-0.972,0.000,0.235),s="Running",v=Vector3.new(-56.668,0.003,-13.227)},
        {t=0.828,cf=CFrame.new(-35.951,344.108,-116.461,0.235,0.000,0.972,0.000,1.000,0.000,-0.972,0.000,0.235),s="Running",v=Vector3.new(-56.724,0.003,-13.241)},
        {t=0.832,cf=CFrame.new(-36.193,344.108,-116.517,0.234,0.000,0.972,0.000,1.000,0.000,-0.972,0.000,0.234),s="Running",v=Vector3.new(-56.738,0.003,-13.244)},
        {t=0.836,cf=CFrame.new(-36.435,344.108,-116.574,0.234,0.000,0.972,0.000,1.000,0.000,-0.972,0.000,0.234),s="Running",v=Vector3.new(-56.741,0.003,-13.245)},
        {t=0.840,cf=CFrame.new(-36.686,344.108,-116.633,0.234,0.000,0.972,0.000,1.000,0.000,-0.972,0.000,0.234),s="Running",v=Vector3.new(-56.742,0.003,-13.245)},
        {t=0.844,cf=CFrame.new(-36.926,344.108,-116.689,0.234,0.000,0.972,0.000,1.000,0.000,-0.972,0.000,0.234),s="Running",v=Vector3.new(-56.742,0.003,-13.245)},
        {t=0.848,cf=CFrame.new(-37.166,344.108,-116.745,0.233,0.000,0.972,0.000,1.000,0.000,-0.972,0.000,0.233),s="Running",v=Vector3.new(-56.746,0.003,-13.228)},
        {t=0.850,cf=CFrame.new(-37.185,344.108,-116.749,0.233,0.000,0.972,0.000,1.000,0.000,-0.972,0.000,0.233),s="Running",v=Vector3.new(-58.018,0.003,-13.494)},
        {t=0.857,cf=CFrame.new(-37.648,344.108,-116.857,0.232,0.000,0.973,0.000,1.000,0.000,-0.973,0.000,0.232),s="Running",v=Vector3.new(-55.829,0.003,-12.870)},
        {t=0.861,cf=CFrame.new(-37.885,344.108,-116.912,0.231,0.000,0.973,0.000,1.000,0.000,-0.973,0.000,0.231),s="Running",v=Vector3.new(-56.588,0.003,-12.830)},
        {t=0.865,cf=CFrame.new(-38.125,344.108,-116.966,0.230,0.000,0.973,0.000,1.000,0.000,-0.973,0.000,0.230),s="Running",v=Vector3.new(-56.814,0.003,-12.655)},
        {t=0.868,cf=CFrame.new(-38.145,344.108,-116.971,0.230,0.000,0.973,0.000,1.000,0.000,-0.973,0.000,0.230),s="Running",v=Vector3.new(-58.161,0.003,-12.790)},
        {t=0.873,cf=CFrame.new(-38.605,344.108,-117.072,0.228,0.000,0.974,0.000,1.000,0.000,-0.974,0.000,0.228),s="Running",v=Vector3.new(-56.046,0.003,-11.865)},
        {t=0.876,cf=CFrame.new(-38.627,344.108,-117.077,0.227,0.000,0.974,0.000,1.000,0.000,-0.974,0.000,0.227),s="Running",v=Vector3.new(-58.095,0.003,-11.999)},
        {t=0.881,cf=CFrame.new(-38.886,344.108,-117.131,0.224,0.000,0.975,0.000,1.000,0.000,-0.975,0.000,0.224),s="Running",v=Vector3.new(-57.388,0.003,-11.505)},
        {t=0.886,cf=CFrame.new(-39.344,344.108,-117.223,0.222,0.000,0.975,0.000,1.000,0.000,-0.975,0.000,0.222),s="Running",v=Vector3.new(-56.038,0.003,-10.607)},
        {t=0.890,cf=CFrame.new(-39.592,344.108,-117.270,0.219,0.000,0.976,0.000,1.000,0.000,-0.976,0.000,0.219),s="Running",v=Vector3.new(-57.019,0.003,-10.390)},
        {t=0.896,cf=CFrame.new(-39.851,344.108,-117.318,0.217,0.000,0.976,0.000,1.000,0.000,-0.976,0.000,0.217),s="Running",v=Vector3.new(-57.318,0.003,-10.033)},
        {t=0.900,cf=CFrame.new(-40.099,344.108,-117.362,0.214,0.000,0.977,0.000,1.000,0.000,-0.977,0.000,0.214),s="Running",v=Vector3.new(-57.415,0.003,-9.815)},
        {t=0.904,cf=CFrame.new(-40.350,344.108,-117.406,0.212,0.000,0.977,0.000,1.000,0.000,-0.977,0.000,0.212),s="Running",v=Vector3.new(-57.469,0.003,-9.578)},
        {t=0.910,cf=CFrame.new(-40.620,344.108,-117.452,0.209,0.000,0.978,0.000,1.000,0.000,-0.978,0.000,0.209),s="Running",v=Vector3.new(-57.524,0.003,-9.267)},
        {t=0.915,cf=CFrame.new(-40.883,344.108,-117.496,0.206,0.000,0.979,0.000,1.000,0.000,-0.979,0.000,0.206),s="Running",v=Vector3.new(-57.564,0.003,-9.023)},
        {t=0.919,cf=CFrame.new(-41.335,344.108,-117.568,0.202,0.000,0.979,0.000,1.000,0.000,-0.979,0.000,0.202),s="Running",v=Vector3.new(-56.318,0.003,-8.580)},
        {t=0.925,cf=CFrame.new(-41.591,344.108,-117.608,0.198,0.000,0.980,0.000,1.000,0.000,-0.980,0.000,0.198),s="Running",v=Vector3.new(-57.337,0.003,-8.345)},
        {t=0.932,cf=CFrame.new(-41.869,344.108,-117.650,0.193,0.000,0.981,0.000,1.000,0.000,-0.981,0.000,0.193),s="Running",v=Vector3.new(-57.677,0.003,-7.650)},
        {t=0.937,cf=CFrame.new(-42.329,344.108,-117.712,0.188,0.000,0.982,0.000,1.000,0.000,-0.982,0.000,0.188),s="Running",v=Vector3.new(-56.548,0.003,-6.708)},
        {t=0.943,cf=CFrame.new(-42.594,344.108,-117.745,0.182,0.000,0.983,0.000,1.000,0.000,-0.983,0.000,0.182),s="Running",v=Vector3.new(-57.605,0.003,-6.158)},
        {t=0.948,cf=CFrame.new(-42.853,344.108,-117.774,0.177,0.000,0.984,0.000,1.000,0.000,-0.984,0.000,0.177),s="Running",v=Vector3.new(-57.922,0.003,-5.461)},
        {t=0.953,cf=CFrame.new(-43.306,344.108,-117.819,0.170,0.000,0.985,0.000,1.000,0.000,-0.985,0.000,0.170),s="Running",v=Vector3.new(-56.767,0.003,-4.410)},
        {t=0.958,cf=CFrame.new(-43.570,344.108,-117.841,0.163,0.000,0.987,0.000,1.000,0.000,-0.987,0.000,0.163),s="Running",v=Vector3.new(-57.833,0.003,-3.334)},
        {t=0.963,cf=CFrame.new(-43.832,344.108,-117.859,0.156,0.000,0.988,0.000,1.000,0.000,-0.988,0.000,0.156),s="Running",v=Vector3.new(-58.123,0.003,-2.535)},
        {t=0.968,cf=CFrame.new(-44.093,344.108,-117.872,0.150,0.000,0.989,0.000,1.000,0.000,-0.989,0.000,0.150),s="Running",v=Vector3.new(-58.212,0.003,-1.839)},
        {t=0.973,cf=CFrame.new(-44.355,344.108,-117.883,0.143,0.000,0.990,0.000,1.000,0.000,-0.990,0.000,0.143),s="Running",v=Vector3.new(-58.244,0.003,-1.225)},
        {t=0.977,cf=CFrame.new(-44.617,344.108,-117.892,0.137,0.000,0.991,0.000,1.000,0.000,-0.991,0.000,0.137),s="Running",v=Vector3.new(-58.258,0.003,-0.732)},
        {t=0.981,cf=CFrame.new(-44.873,344.108,-117.898,0.131,0.000,0.991,0.000,1.000,0.000,-0.991,0.000,0.131),s="Running",v=Vector3.new(-58.263,0.003,-0.419)},
        {t=0.986,cf=CFrame.new(-45.131,344.108,-117.902,0.125,0.000,0.992,0.000,1.000,0.000,-0.992,0.000,0.125),s="Running",v=Vector3.new(-58.266,0.003,-0.227)},
        {t=0.991,cf=CFrame.new(-45.578,344.108,-117.907,0.118,0.000,0.993,0.000,1.000,0.000,-0.993,0.000,0.118),s="Running",v=Vector3.new(-56.968,0.003,-0.052)},
        {t=0.996,cf=CFrame.new(-45.830,344.108,-117.910,0.113,0.000,0.994,0.000,1.000,0.000,-0.994,0.000,0.113),s="Running",v=Vector3.new(-57.943,0.003,0.106)},
        {t=1.000,cf=CFrame.new(-46.078,344.108,-117.912,0.109,0.000,0.994,0.000,1.000,0.000,-0.994,0.000,0.109),s="Running",v=Vector3.new(-58.186,0.003,0.147)},
        {t=1.005,cf=CFrame.new(-46.335,344.108,-117.914,0.103,0.000,0.995,0.000,1.000,0.000,-0.995,0.000,0.103),s="Running",v=Vector3.new(-58.247,0.003,0.163)},
        {t=1.010,cf=CFrame.new(-46.597,344.108,-117.916,0.098,0.000,0.995,0.000,1.000,0.000,-0.995,0.000,0.098),s="Running",v=Vector3.new(-58.262,0.003,0.171)},
        {t=1.014,cf=CFrame.new(-46.852,344.108,-117.917,0.094,0.000,0.996,0.000,1.000,0.000,-0.996,0.000,0.094),s="Running",v=Vector3.new(-58.266,0.003,0.174)},
        {t=1.018,cf=CFrame.new(-47.113,344.108,-117.919,0.090,0.000,0.996,0.000,1.000,0.000,-0.996,0.000,0.090),s="Running",v=Vector3.new(-58.267,0.003,0.174)},
        {t=1.024,cf=CFrame.new(-47.386,344.108,-117.920,0.085,0.000,0.996,0.000,1.000,0.000,-0.996,0.000,0.085),s="Running",v=Vector3.new(-58.267,0.003,0.175)},
        {t=1.028,cf=CFrame.new(-47.642,344.108,-117.921,0.082,0.000,0.997,0.000,1.000,0.000,-0.997,0.000,0.082),s="Running",v=Vector3.new(-58.268,0.003,0.175)},
        {t=1.032,cf=CFrame.new(-47.899,344.108,-117.922,0.078,0.000,0.997,0.000,1.000,0.000,-0.997,0.000,0.078),s="Running",v=Vector3.new(-58.268,0.003,0.175)},
        {t=1.036,cf=CFrame.new(-48.155,344.108,-117.923,0.075,0.000,0.997,0.000,1.000,0.000,-0.997,0.000,0.075),s="Running",v=Vector3.new(-58.268,0.003,0.175)},
        {t=1.040,cf=CFrame.new(-48.602,344.108,-117.924,0.072,0.000,0.997,0.000,1.000,0.000,-0.997,0.000,0.072),s="Running",v=Vector3.new(-56.968,0.003,0.171)},
        {t=1.045,cf=CFrame.new(-48.854,344.108,-117.924,0.068,0.000,0.998,0.000,1.000,0.000,-0.998,0.000,0.068),s="Running",v=Vector3.new(-57.943,0.003,0.174)},
        {t=1.050,cf=CFrame.new(-49.124,344.108,-117.926,0.064,0.000,0.998,0.000,1.000,0.000,-0.998,0.000,0.064),s="Running",v=Vector3.new(-58.186,0.003,0.175)},
        {t=1.056,cf=CFrame.new(-49.397,344.108,-117.927,0.061,0.000,0.998,0.000,1.000,0.000,-0.998,0.000,0.061),s="Running",v=Vector3.new(-58.247,0.003,0.175)},
        {t=1.062,cf=CFrame.new(-49.864,344.108,-117.927,0.057,0.000,0.998,0.000,1.000,0.000,-0.998,0.000,0.057),s="Running",v=Vector3.new(-56.963,0.003,0.171)},
        {t=1.068,cf=CFrame.new(-50.118,344.108,-117.928,0.054,0.000,0.999,0.000,1.000,0.000,-0.999,0.000,0.054),s="Running",v=Vector3.new(-57.942,0.003,0.174)},
        {t=1.073,cf=CFrame.new(-50.395,344.108,-117.929,0.051,0.000,0.999,0.000,1.000,0.000,-0.999,0.000,0.051),s="Running",v=Vector3.new(-58.186,0.003,0.175)},
        {t=1.078,cf=CFrame.new(-50.856,344.108,-117.929,0.048,0.000,0.999,0.000,1.000,0.000,-0.999,0.000,0.048),s="Running",v=Vector3.new(-56.948,0.003,0.171)},
        {t=1.083,cf=CFrame.new(-51.112,344.108,-117.929,0.046,0.000,0.999,0.000,1.000,0.000,-0.999,0.000,0.046),s="Running",v=Vector3.new(-57.938,0.003,0.174)},
        {t=1.088,cf=CFrame.new(-51.375,344.108,-117.930,0.043,0.000,0.999,0.000,1.000,0.000,-0.999,0.000,0.043),s="Running",v=Vector3.new(-58.185,0.003,0.175)},
        {t=1.094,cf=CFrame.new(-51.642,344.108,-117.930,0.041,0.000,0.999,0.000,1.000,0.000,-0.999,0.000,0.041),s="Running",v=Vector3.new(-58.247,0.003,0.175)},
        {t=1.099,cf=CFrame.new(-52.099,344.108,-117.930,0.039,0.000,0.999,0.000,1.000,0.000,-0.999,0.000,0.039),s="Running",v=Vector3.new(-56.963,0.003,0.171)},
        {t=1.104,cf=CFrame.new(-52.352,344.108,-117.930,0.036,0.000,0.999,0.000,1.000,0.000,-0.999,0.000,0.036),s="Running",v=Vector3.new(-57.941,0.003,0.174)},
        {t=1.110,cf=CFrame.new(-52.614,344.108,-117.931,0.034,0.000,0.999,0.000,1.000,0.000,-0.999,0.000,0.034),s="Running",v=Vector3.new(-58.186,0.003,0.175)},
        {t=1.115,cf=CFrame.new(-53.064,344.108,-117.930,0.032,0.000,0.999,0.000,1.000,0.000,-0.999,0.000,0.032),s="Running",v=Vector3.new(-56.948,0.003,0.171)},
        {t=1.120,cf=CFrame.new(-53.312,344.108,-117.930,0.031,0.000,1.000,0.000,1.000,0.000,-1.000,0.000,0.031),s="Running",v=Vector3.new(-57.938,0.003,0.174)},
        {t=1.126,cf=CFrame.new(-53.576,344.108,-117.931,0.029,0.000,1.000,0.000,1.000,0.000,-1.000,0.000,0.029),s="Running",v=Vector3.new(-58.185,0.003,0.175)},
        {t=1.132,cf=CFrame.new(-53.853,344.108,-117.931,0.027,0.000,1.000,0.000,1.000,0.000,-1.000,0.000,0.027),s="Running",v=Vector3.new(-58.247,0.003,0.175)},
        {t=1.138,cf=CFrame.new(-54.323,344.109,-117.930,0.025,0.000,1.000,0.000,1.000,0.000,-1.000,0.000,0.025),s="Running",v=Vector3.new(-56.963,0.672,0.171)},
        {t=1.144,cf=CFrame.new(-54.590,344.109,-117.930,0.023,0.000,1.000,0.000,1.000,0.000,-1.000,0.000,0.023),s="Running",v=Vector3.new(-57.941,1.764,0.227)},
        {t=1.149,cf=CFrame.new(-55.045,344.115,-117.929,0.022,0.000,1.000,0.000,1.000,0.000,-1.000,0.000,0.022),s="Running",v=Vector3.new(-56.886,2.537,0.272)},
        {t=1.163,cf=CFrame.new(-55.734,344.162,-117.927,0.018,0.000,1.000,0.000,1.000,0.000,-1.000,0.000,0.018),s="Running",v=Vector3.new(-55.323,5.234,0.338)},
        {t=1.169,cf=CFrame.new(-56.002,344.186,-117.926,0.017,0.000,1.000,0.000,1.000,0.000,-1.000,0.000,0.017),s="Running",v=Vector3.new(-57.704,6.165,0.369)},
        {t=1.174,cf=CFrame.new(-56.467,344.237,-117.924,0.016,0.000,1.000,0.000,1.000,0.000,-1.000,0.000,0.016),s="Running",v=Vector3.new(-57.173,6.063,0.352)},
        {t=1.179,cf=CFrame.new(-56.727,344.266,-117.923,0.015,0.000,1.000,0.000,1.000,0.000,-1.000,0.000,0.015),s="Running",v=Vector3.new(-58.167,5.652,0.288)},
        {t=1.183,cf=CFrame.new(-56.991,344.292,-117.922,0.014,0.000,1.000,0.000,1.000,0.000,-1.000,0.000,0.014),s="Running",v=Vector3.new(-58.416,4.897,0.206)},
        {t=1.189,cf=CFrame.new(-57.267,344.315,-117.922,0.014,0.000,1.000,0.000,1.000,0.000,-1.000,0.000,0.014),s="Running",v=Vector3.new(-58.478,4.251,0.105)},
        {t=1.193,cf=CFrame.new(-57.537,344.335,-117.921,0.013,0.000,1.000,0.000,1.000,0.000,-1.000,0.000,0.013),s="Running",v=Vector3.new(-58.493,3.697,-0.034)},
