-- CFrame Auto Walk Recording
-- Total Frames: 3794
-- Recorded HipHeight: 5.058475494384766

return {
    hipHeight = 5.058475494384766,
    frames = {
        {t=0.005,cf=CFrame.new(-134.534,548.922,-814.396,-0.002,0.000,-1.000,0.000,1.000,0.000,1.000,0.000,-0.002),s="Running",v=Vector3.new(0.000,0.978,0.000)},
        {t=0.009,cf=CFrame.new(-134.534,548.926,-814.396,-0.002,0.000,-1.000,0.000,1.000,0.000,1.000,0.000,-0.002),s="Running",v=Vector3.new(0.000,1.025,0.000)},
        {t=0.013,cf=CFrame.new(-134.534,548.930,-814.396,-0.002,0.000,-1.000,0.000,1.000,0.000,1.000,0.000,-0.002),s="Running",v=Vector3.new(0.000,0.997,0.000)},
        {t=0.017,cf=CFrame.new(-134.534,548.934,-814.396,-0.002,0.000,-1.000,0.000,1.000,0.000,1.000,0.000,-0.002),s="Running",v=Vector3.new(0.000,0.930,0.000)},
        {t=0.021,cf=CFrame.new(-134.534,548.937,-814.396,-0.002,0.000,-1.000,0.000,1.000,0.000,1.000,0.000,-0.002),s="Running",v=Vector3.new(0.000,0.845,0.000)},
        {t=0.025,cf=CFrame.new(-134.534,548.941,-814.396,-0.002,0.000,-1.000,0.000,1.000,0.000,1.000,0.000,-0.002),s="Running",v=Vector3.new(0.000,0.756,0.000)},
        {t=0.029,cf=CFrame.new(-134.534,548.943,-814.396,-0.002,0.000,-1.000,0.000,1.000,0.000,1.000,0.000,-0.002),s="Running",v=Vector3.new(0.000,0.667,0.000)},
        {t=0.033,cf=CFrame.new(-134.534,548.946,-814.396,-0.002,0.000,-1.000,0.000,1.000,0.000,1.000,0.000,-0.002),s="Running",v=Vector3.new(0.000,0.584,0.000)},
        {t=0.038,cf=CFrame.new(-134.534,548.948,-814.396,-0.002,0.000,-1.000,0.000,1.000,0.000,1.000,0.000,-0.002),s="Running",v=Vector3.new(0.000,0.509,0.000)},
        {t=0.042,cf=CFrame.new(-134.534,548.950,-814.396,-0.002,0.000,-1.000,0.000,1.000,0.000,1.000,0.000,-0.002),s="Running",v=Vector3.new(0.000,0.441,0.000)},
        {t=0.046,cf=CFrame.new(-134.534,548.951,-814.396,-0.002,0.000,-1.000,0.000,1.000,0.000,1.000,0.000,-0.002),s="Running",v=Vector3.new(0.000,0.382,0.000)},
        {t=0.050,cf=CFrame.new(-134.534,548.953,-814.396,-0.002,0.000,-1.000,0.000,1.000,0.000,1.000,0.000,-0.002),s="Running",v=Vector3.new(0.000,0.330,0.000)},
        {t=0.054,cf=CFrame.new(-134.534,548.954,-814.396,-0.002,0.000,-1.000,0.000,1.000,0.000,1.000,0.000,-0.002),s="Running",v=Vector3.new(0.000,0.285,0.000)},
        {t=0.058,cf=CFrame.new(-134.534,548.955,-814.396,-0.002,0.000,-1.000,0.000,1.000,0.000,1.000,0.000,-0.002),s="Running",v=Vector3.new(0.000,0.246,0.000)},
        {t=0.062,cf=CFrame.new(-134.534,548.956,-814.396,-0.002,0.000,-1.000,0.000,1.000,0.000,1.000,0.000,-0.002),s="Running",v=Vector3.new(0.000,0.212,0.000)},
        {t=0.067,cf=CFrame.new(-134.534,548.957,-814.396,-0.002,0.000,-1.000,0.000,1.000,0.000,1.000,0.000,-0.002),s="Running",v=Vector3.new(0.000,0.183,0.000)},
        {t=0.071,cf=CFrame.new(-134.534,548.957,-814.396,-0.002,0.000,-1.000,0.000,1.000,0.000,1.000,0.000,-0.002),s="Running",v=Vector3.new(0.000,0.158,0.000)},
        {t=0.075,cf=CFrame.new(-134.534,548.958,-814.396,-0.002,0.000,-1.000,0.000,1.000,0.000,1.000,0.000,-0.002),s="Running",v=Vector3.new(0.000,0.136,0.000)},
        {t=0.079,cf=CFrame.new(-134.534,548.958,-814.396,-0.002,0.000,-1.000,0.000,1.000,0.000,1.000,0.000,-0.002),s="Running",v=Vector3.new(0.000,0.117,0.000)},
        {t=0.083,cf=CFrame.new(-134.534,548.959,-814.396,-0.002,0.000,-1.000,0.000,1.000,0.000,1.000,0.000,-0.002),s="Running",v=Vector3.new(0.000,0.101,0.000)},
        {t=0.087,cf=CFrame.new(-134.534,548.959,-814.396,-0.002,0.000,-1.000,0.000,1.000,0.000,1.000,0.000,-0.002),s="Running",v=Vector3.new(0.000,0.087,0.000)},
        {t=0.091,cf=CFrame.new(-134.534,548.959,-814.396,-0.002,0.000,-1.000,0.000,1.000,0.000,1.000,0.000,-0.002),s="Running",v=Vector3.new(0.000,0.074,0.000)},
        {t=0.095,cf=CFrame.new(-134.534,548.960,-814.396,-0.002,0.000,-1.000,0.000,1.000,0.000,1.000,0.000,-0.002),s="Running",v=Vector3.new(0.000,0.064,0.000)},
        {t=0.102,cf=CFrame.new(-134.534,548.960,-814.396,-0.002,0.000,-1.000,0.000,1.000,0.000,1.000,0.000,-0.002),s="Running",v=Vector3.new(0.000,0.047,0.000)},
        {t=0.107,cf=CFrame.new(-134.534,548.960,-814.396,-0.002,0.000,-1.000,0.000,1.000,0.000,1.000,0.000,-0.002),s="Running",v=Vector3.new(0.000,0.041,0.000)},
        {t=0.114,cf=CFrame.new(-134.534,548.960,-814.396,-0.002,0.000,-1.000,0.000,1.000,0.000,1.000,0.000,-0.002),s="Running",v=Vector3.new(0.000,0.035,0.000)},
        {t=0.120,cf=CFrame.new(-134.534,548.961,-814.396,-0.002,0.000,-1.000,0.000,1.000,0.000,1.000,0.000,-0.002),s="Running",v=Vector3.new(0.000,0.026,0.000)},
        {t=0.125,cf=CFrame.new(-134.534,548.961,-814.396,-0.002,0.000,-1.000,0.000,1.000,0.000,1.000,0.000,-0.002),s="Running",v=Vector3.new(0.000,0.023,0.000)},
        {t=0.130,cf=CFrame.new(-134.534,548.961,-814.396,-0.002,0.000,-1.000,0.000,1.000,0.000,1.000,0.000,-0.002),s="Running",v=Vector3.new(0.000,0.019,0.000)},
        {t=0.135,cf=CFrame.new(-134.534,548.961,-814.396,-0.002,0.000,-1.000,0.000,1.000,0.000,1.000,0.000,-0.002),s="Running",v=Vector3.new(0.000,0.016,0.000)},
        {t=0.139,cf=CFrame.new(-134.534,548.961,-814.396,-0.002,0.000,-1.000,0.000,1.000,0.000,1.000,0.000,-0.002),s="Running",v=Vector3.new(0.000,0.012,0.000)},
        {t=0.144,cf=CFrame.new(-134.534,548.961,-814.396,-0.002,0.000,-1.000,0.000,1.000,0.000,1.000,0.000,-0.002),s="Running",v=Vector3.new(0.000,0.010,0.000)},
        {t=0.149,cf=CFrame.new(-134.534,548.961,-814.396,-0.002,0.000,-1.000,0.000,1.000,0.000,1.000,0.000,-0.002),s="Running",v=Vector3.new(0.000,0.009,0.000)},
        {t=0.154,cf=CFrame.new(-134.534,548.961,-814.396,-0.002,0.000,-1.000,0.000,1.000,0.000,1.000,0.000,-0.002),s="Running",v=Vector3.new(0.000,0.007,0.000)},
        {t=0.161,cf=CFrame.new(-134.534,548.962,-814.396,-0.002,-0.000,-1.000,0.000,1.000,-0.000,1.000,0.000,-0.002),s="Running",v=Vector3.new(45.000,-1.928,-0.003)},
        {t=0.170,cf=CFrame.new(-134.223,548.963,-814.396,-0.002,-0.000,-1.000,0.000,1.000,-0.000,1.000,0.000,-0.002),s="Running",v=Vector3.new(53.998,-3.170,0.041)},
        {t=0.175,cf=CFrame.new(-133.825,548.931,-814.395,-0.002,-0.000,-1.000,0.000,1.000,-0.000,1.000,0.000,-0.002),s="Running",v=Vector3.new(56.247,-7.959,0.164)},
        {t=0.180,cf=CFrame.new(-133.607,548.898,-814.395,-0.003,-0.000,-1.000,0.000,1.000,-0.000,1.000,0.000,-0.003),s="Running",v=Vector3.new(57.762,-11.141,0.307)},
        {t=0.185,cf=CFrame.new(-133.381,548.849,-814.393,-0.003,-0.000,-1.000,0.000,1.000,-0.000,1.000,0.000,-0.003),s="Running",v=Vector3.new(58.139,-13.839,0.474)},
        {t=0.189,cf=CFrame.new(-132.963,548.731,-814.390,-0.004,-0.000,-1.000,0.000,1.000,-0.000,1.000,0.000,-0.004),s="Running",v=Vector3.new(56.934,-15.271,0.600)},
        {t=0.194,cf=CFrame.new(-132.748,548.672,-814.387,-0.004,-0.000,-1.000,0.000,1.000,-0.000,1.000,0.000,-0.004),s="Running",v=Vector3.new(57.930,-16.033,0.780)},
        {t=0.200,cf=CFrame.new(-132.525,548.611,-814.384,-0.006,-0.000,-1.000,0.000,1.000,-0.000,1.000,0.000,-0.006),s="Running",v=Vector3.new(58.174,-16.942,1.061)},
        {t=0.205,cf=CFrame.new(-132.293,548.542,-814.379,-0.007,-0.000,-1.000,0.000,1.000,-0.000,1.000,0.000,-0.007),s="Running",v=Vector3.new(58.229,-18.079,1.405)},
        {t=0.210,cf=CFrame.new(-131.862,548.388,-814.369,-0.009,-0.000,-1.000,0.000,1.000,-0.000,1.000,0.000,-0.009),s="Running",v=Vector3.new(56.935,-19.624,1.760)},
        {t=0.217,cf=CFrame.new(-131.620,548.307,-814.360,-0.012,-0.000,-1.000,0.000,1.000,-0.000,1.000,0.000,-0.012),s="Running",v=Vector3.new(57.897,-20.769,2.238)},
        {t=0.223,cf=CFrame.new(-131.381,548.220,-814.351,-0.014,-0.000,-1.000,0.000,1.000,-0.000,1.000,0.000,-0.014),s="Running",v=Vector3.new(58.123,-21.756,2.675)},
        {t=0.228,cf=CFrame.new(-130.943,548.067,-814.330,-0.017,-0.000,-1.000,0.000,1.000,-0.000,1.000,0.000,-0.017),s="Running",v=Vector3.new(56.863,-20.980,3.077)},
        {t=0.235,cf=CFrame.new(-130.704,548.024,-814.316,-0.020,-0.000,-1.000,0.000,1.000,-0.000,1.000,0.000,-0.020),s="Running",v=Vector3.new(57.828,-13.583,3.542)},
        {t=0.240,cf=CFrame.new(-130.463,548.004,-814.301,-0.023,-0.000,-1.000,0.000,1.000,-0.000,1.000,0.000,-0.023),s="Running",v=Vector3.new(58.057,-7.279,3.840)},
        {t=0.245,cf=CFrame.new(-130.222,547.995,-814.285,-0.026,-0.000,-1.000,0.000,1.000,-0.000,1.000,0.000,-0.026),s="Running",v=Vector3.new(58.103,-2.633,4.077)},
        {t=0.251,cf=CFrame.new(-129.784,548.002,-814.254,-0.029,-0.000,-1.000,0.000,1.000,-0.000,1.000,0.000,-0.029),s="Running",v=Vector3.new(56.811,-0.221,4.156)},
        {t=0.257,cf=CFrame.new(-129.353,548.016,-814.222,-0.033,-0.000,-0.999,0.000,1.000,-0.000,0.999,0.000,-0.033),s="Running",v=Vector3.new(56.480,0.643,4.280)},
        {t=0.263,cf=CFrame.new(-129.107,548.024,-814.202,-0.037,-0.000,-0.999,0.000,1.000,-0.000,0.999,0.000,-0.037),s="Running",v=Vector3.new(57.685,1.236,4.508)},
        {t=0.269,cf=CFrame.new(-128.665,548.040,-814.167,-0.040,-0.000,-0.999,0.000,1.000,-0.000,0.999,0.000,-0.040),s="Running",v=Vector3.new(56.676,1.783,4.644)},
        {t=0.274,cf=CFrame.new(-128.431,548.048,-814.148,-0.043,-0.000,-0.999,0.000,1.000,-0.000,0.999,0.000,-0.043),s="Running",v=Vector3.new(57.691,1.681,5.096)},
        {t=0.280,cf=CFrame.new(-128.177,548.056,-814.125,-0.047,-0.000,-0.999,0.000,1.000,-0.000,0.999,0.000,-0.047),s="Running",v=Vector3.new(57.920,1.405,5.485)},
        {t=0.285,cf=CFrame.new(-127.737,548.068,-814.083,-0.051,-0.000,-0.999,0.000,1.000,-0.000,0.999,0.000,-0.051),s="Running",v=Vector3.new(56.622,1.202,6.031)},
        {t=0.289,cf=CFrame.new(-127.498,548.073,-814.057,-0.054,-0.000,-0.999,0.000,1.000,-0.000,0.999,0.000,-0.054),s="Running",v=Vector3.new(57.551,0.996,6.654)},
        {t=0.294,cf=CFrame.new(-127.252,548.078,-814.028,-0.057,-0.000,-0.998,0.000,1.000,-0.000,0.998,0.000,-0.057),s="Running",v=Vector3.new(57.767,0.848,6.950)},
        {t=0.300,cf=CFrame.new(-126.995,548.082,-813.997,-0.061,-0.000,-0.998,0.000,1.000,-0.000,0.998,0.000,-0.061),s="Running",v=Vector3.new(57.815,0.729,7.078)},
        {t=0.305,cf=CFrame.new(-126.743,548.086,-813.966,-0.064,-0.000,-0.998,0.000,1.000,-0.000,0.998,0.000,-0.064),s="Running",v=Vector3.new(57.822,0.613,7.150)},
        {t=0.310,cf=CFrame.new(-126.293,548.091,-813.911,-0.067,-0.000,-0.998,0.000,1.000,-0.000,0.998,0.000,-0.067),s="Running",v=Vector3.new(56.530,0.490,7.047)},
        {t=0.316,cf=CFrame.new(-126.041,548.093,-813.879,-0.070,-0.000,-0.998,0.000,1.000,-0.000,0.998,0.000,-0.070),s="Running",v=Vector3.new(57.491,0.405,7.221)},
        {t=0.321,cf=CFrame.new(-125.597,548.097,-813.823,-0.073,-0.000,-0.997,0.000,1.000,-0.000,0.997,0.000,-0.073),s="Running",v=Vector3.new(56.438,0.320,7.133)},
        {t=0.327,cf=CFrame.new(-125.347,548.098,-813.792,-0.076,-0.000,-0.997,0.000,1.000,-0.000,0.997,0.000,-0.076),s="Running",v=Vector3.new(57.457,0.270,7.331)},
        {t=0.333,cf=CFrame.new(-125.084,548.100,-813.758,-0.080,-0.000,-0.997,0.000,1.000,-0.000,0.997,0.000,-0.080),s="Running",v=Vector3.new(57.701,0.223,7.462)},
        {t=0.341,cf=CFrame.new(-124.611,548.102,-813.697,-0.083,-0.000,-0.997,0.000,1.000,-0.000,0.997,0.000,-0.083),s="Running",v=Vector3.new(56.460,0.170,7.429)},
        {t=0.347,cf=CFrame.new(-124.339,548.103,-813.661,-0.087,-0.000,-0.996,0.000,1.000,-0.000,0.996,0.000,-0.087),s="Running",v=Vector3.new(57.433,0.131,7.628)},
        {t=0.355,cf=CFrame.new(-123.865,548.104,-813.598,-0.090,-0.000,-0.996,0.000,1.000,-0.000,0.996,0.000,-0.090),s="Running",v=Vector3.new(56.380,0.104,7.568)},
        {t=0.360,cf=CFrame.new(-123.599,548.105,-813.563,-0.093,-0.000,-0.996,0.000,1.000,-0.000,0.996,0.000,-0.093),s="Running",v=Vector3.new(57.396,0.085,7.794)},
        {t=0.374,cf=CFrame.new(-123.044,548.106,-813.488,-0.099,-0.000,-0.995,0.000,1.000,-0.000,0.995,0.000,-0.099),s="Running",v=Vector3.new(56.348,0.060,7.780)},
        {t=0.380,cf=CFrame.new(-122.419,548.107,-813.401,-0.101,-0.000,-0.995,0.000,1.000,-0.000,0.995,0.000,-0.101),s="Running",v=Vector3.new(54.781,0.046,7.728)},
        {t=0.387,cf=CFrame.new(-121.974,548.107,-813.339,-0.104,-0.000,-0.995,0.000,1.000,-0.000,0.995,0.000,-0.104),s="Running",v=Vector3.new(55.660,0.033,8.005)},
        {t=0.392,cf=CFrame.new(-121.722,548.107,-813.303,-0.107,-0.000,-0.994,0.000,1.000,-0.000,0.994,0.000,-0.107),s="Running",v=Vector3.new(57.149,0.028,8.368)},
        {t=0.399,cf=CFrame.new(-121.256,548.108,-813.235,-0.110,-0.000,-0.994,0.000,1.000,-0.000,0.994,0.000,-0.110),s="Running",v=Vector3.new(56.196,0.022,8.540)},
        {t=0.411,cf=CFrame.new(-120.916,548.108,-813.184,-0.117,-0.000,-0.993,0.000,1.000,-0.000,0.993,0.000,-0.117),s="Running",v=Vector3.new(57.177,0.015,9.183)},
        {t=0.417,cf=CFrame.new(-120.275,548.108,-813.081,-0.121,-0.000,-0.993,0.000,1.000,-0.000,0.993,0.000,-0.121),s="Running",v=Vector3.new(54.784,0.011,9.365)},
        {t=0.422,cf=CFrame.new(-120.023,548.108,-813.038,-0.124,-0.000,-0.992,0.000,1.000,-0.000,0.992,0.000,-0.124),s="Running",v=Vector3.new(56.713,0.009,10.037)},
        {t=0.428,cf=CFrame.new(-119.575,548.108,-812.960,-0.128,-0.000,-0.992,0.000,1.000,-0.000,0.992,0.000,-0.128),s="Running",v=Vector3.new(55.839,0.007,10.398)},
        {t=0.435,cf=CFrame.new(-119.301,548.108,-812.910,-0.134,-0.000,-0.991,0.000,1.000,-0.000,0.991,0.000,-0.134),s="Running",v=Vector3.new(56.826,0.006,11.091)},
        {t=0.441,cf=CFrame.new(-118.841,548.108,-812.821,-0.138,-0.000,-0.990,0.000,1.000,-0.000,0.990,0.000,-0.138),s="Running",v=Vector3.new(55.732,0.006,11.348)},
        {t=0.453,cf=CFrame.new(-118.496,548.108,-812.752,-0.148,-0.000,-0.989,0.000,1.000,-0.000,0.989,0.000,-0.148),s="Running",v=Vector3.new(56.591,0.005,12.325)},
        {t=0.458,cf=CFrame.new(-117.879,548.108,-812.619,-0.152,-0.000,-0.988,0.000,1.000,-0.000,0.988,0.000,-0.152),s="Running",v=Vector3.new(54.204,0.005,12.293)},
        {t=0.470,cf=CFrame.new(-117.357,548.108,-812.503,-0.164,-0.000,-0.986,0.000,1.000,-0.000,0.986,0.000,-0.164),s="Running",v=Vector3.new(54.704,0.005,13.286)},
        {t=0.477,cf=CFrame.new(-116.902,548.108,-812.394,-0.170,-0.000,-0.985,0.000,1.000,-0.000,0.985,0.000,-0.170),s="Running",v=Vector3.new(54.728,0.005,13.931)},
        {t=0.490,cf=CFrame.new(-116.201,548.108,-812.219,-0.185,-0.000,-0.983,0.000,1.000,-0.000,0.983,0.000,-0.185),s="Running",v=Vector3.new(53.256,0.005,14.585)},
        {t=0.496,cf=CFrame.new(-115.754,548.108,-812.099,-0.191,-0.000,-0.982,0.000,1.000,-0.000,0.982,0.000,-0.191),s="Running",v=Vector3.new(53.956,0.005,15.733)},
        {t=0.509,cf=CFrame.new(-115.227,548.108,-811.949,-0.205,-0.000,-0.979,0.000,1.000,-0.000,0.979,0.000,-0.205),s="Running",v=Vector3.new(53.952,0.005,16.604)},
        {t=0.516,cf=CFrame.new(-114.603,548.108,-811.760,-0.213,-0.000,-0.977,0.000,1.000,-0.000,0.977,0.000,-0.213),s="Running",v=Vector3.new(52.517,0.005,17.041)},
        {t=0.523,cf=CFrame.new(-114.329,548.108,-811.675,-0.222,-0.000,-0.975,0.000,1.000,-0.000,0.975,0.000,-0.222),s="Running",v=Vector3.new(54.497,0.005,18.345)},
        {t=0.527,cf=CFrame.new(-113.898,548.108,-811.533,-0.227,-0.000,-0.974,0.000,1.000,-0.000,0.974,0.000,-0.227),s="Running",v=Vector3.new(53.637,0.005,18.612)},
        {t=0.533,cf=CFrame.new(-113.646,548.108,-811.449,-0.235,-0.000,-0.972,0.000,1.000,-0.000,0.972,0.000,-0.235),s="Running",v=Vector3.new(54.516,0.005,19.479)},
        {t=0.539,cf=CFrame.new(-113.379,548.108,-811.356,-0.243,-0.000,-0.970,0.000,1.000,-0.000,0.970,0.000,-0.243),s="Running",v=Vector3.new(54.465,0.005,20.428)},
        {t=0.544,cf=CFrame.new(-113.128,548.108,-811.265,-0.249,-0.000,-0.969,0.000,1.000,-0.000,0.969,0.000,-0.249),s="Running",v=Vector3.new(54.350,0.005,20.931)},
        {t=0.549,cf=CFrame.new(-112.695,548.108,-811.102,-0.256,-0.000,-0.967,0.000,1.000,-0.000,0.967,0.000,-0.256),s="Running",v=Vector3.new(52.932,0.005,21.036)},
        {t=0.553,cf=CFrame.new(-112.456,548.108,-811.010,-0.262,-0.000,-0.965,0.000,1.000,-0.000,0.965,0.000,-0.262),s="Running",v=Vector3.new(53.611,0.005,21.968)},
        {t=0.558,cf=CFrame.new(-112.211,548.108,-810.913,-0.268,-0.000,-0.963,0.000,1.000,-0.000,0.963,0.000,-0.268),s="Running",v=Vector3.new(53.635,0.005,22.551)},
        {t=0.562,cf=CFrame.new(-111.967,548.108,-810.814,-0.275,-0.000,-0.961,0.000,1.000,-0.000,0.961,0.000,-0.275),s="Running",v=Vector3.new(53.512,0.005,22.996)},
        {t=0.567,cf=CFrame.new(-111.726,548.108,-810.714,-0.282,-0.000,-0.959,0.000,1.000,-0.000,0.959,0.000,-0.282),s="Running",v=Vector3.new(53.330,0.005,23.452)},
        {t=0.571,cf=CFrame.new(-111.488,548.108,-810.613,-0.288,-0.000,-0.958,0.000,1.000,-0.000,0.958,0.000,-0.288),s="Running",v=Vector3.new(53.092,0.005,23.992)},
        {t=0.577,cf=CFrame.new(-111.234,548.108,-810.502,-0.296,-0.000,-0.955,0.000,1.000,-0.000,0.955,0.000,-0.296),s="Running",v=Vector3.new(52.761,0.005,24.716)},
        {t=0.582,cf=CFrame.new(-110.986,548.108,-810.391,-0.304,-0.000,-0.953,0.000,1.000,-0.000,0.953,0.000,-0.304),s="Running",v=Vector3.new(52.548,0.005,25.169)},
        {t=0.586,cf=CFrame.new(-110.571,548.108,-810.196,-0.311,-0.000,-0.950,0.000,1.000,-0.000,0.950,0.000,-0.311),s="Running",v=Vector3.new(51.165,0.005,25.044)},
        {t=0.591,cf=CFrame.new(-110.337,548.108,-810.085,-0.318,-0.000,-0.948,0.000,1.000,-0.000,0.948,0.000,-0.318),s="Running",v=Vector3.new(51.772,0.005,26.014)},
        {t=0.596,cf=CFrame.new(-110.098,548.108,-809.970,-0.325,-0.000,-0.946,0.000,1.000,-0.000,0.946,0.000,-0.325),s="Running",v=Vector3.new(51.800,0.005,26.498)},
        {t=0.601,cf=CFrame.new(-109.857,548.108,-809.851,-0.333,-0.000,-0.943,0.000,1.000,-0.000,0.943,0.000,-0.333),s="Running",v=Vector3.new(51.676,0.005,26.873)},
        {t=0.605,cf=CFrame.new(-109.617,548.108,-809.731,-0.340,-0.000,-0.941,0.000,1.000,-0.000,0.941,0.000,-0.340),s="Running",v=Vector3.new(51.460,0.005,27.316)},
        {t=0.610,cf=CFrame.new(-109.377,548.108,-809.607,-0.347,-0.000,-0.938,0.000,1.000,-0.000,0.938,0.000,-0.347),s="Running",v=Vector3.new(51.258,0.005,27.701)},
        {t=0.617,cf=CFrame.new(-108.945,548.108,-809.381,-0.357,-0.000,-0.934,0.000,1.000,-0.000,0.934,0.000,-0.357),s="Running",v=Vector3.new(49.863,0.005,27.547)},
        {t=0.622,cf=CFrame.new(-108.711,548.108,-809.256,-0.365,-0.000,-0.931,0.000,1.000,-0.000,0.931,0.000,-0.365),s="Running",v=Vector3.new(50.505,0.005,28.397)},
        {t=0.627,cf=CFrame.new(-108.475,548.108,-809.128,-0.371,-0.000,-0.928,0.000,1.000,-0.000,0.928,0.000,-0.371),s="Running",v=Vector3.new(50.490,0.005,28.917)},
        {t=0.632,cf=CFrame.new(-108.068,548.108,-808.899,-0.379,-0.000,-0.925,0.000,1.000,-0.000,0.925,0.000,-0.379),s="Running",v=Vector3.new(49.250,0.005,28.591)},
        {t=0.638,cf=CFrame.new(-107.838,548.108,-808.771,-0.386,-0.000,-0.922,0.000,1.000,-0.000,0.922,0.000,-0.386),s="Running",v=Vector3.new(49.960,0.005,29.337)},
        {t=0.642,cf=CFrame.new(-107.606,548.108,-808.639,-0.392,-0.000,-0.920,0.000,1.000,-0.000,0.920,0.000,-0.392),s="Running",v=Vector3.new(50.010,0.005,29.740)},
        {t=0.647,cf=CFrame.new(-107.375,548.108,-808.506,-0.398,-0.000,-0.917,0.000,1.000,-0.000,0.917,0.000,-0.398),s="Running",v=Vector3.new(49.928,0.005,29.998)},
        {t=0.652,cf=CFrame.new(-106.981,548.108,-808.274,-0.404,-0.000,-0.915,0.000,1.000,-0.000,0.915,0.000,-0.404),s="Running",v=Vector3.new(48.712,0.005,29.528)},
        {t=0.657,cf=CFrame.new(-106.759,548.108,-808.144,-0.411,-0.000,-0.912,0.000,1.000,-0.000,0.912,0.000,-0.411),s="Running",v=Vector3.new(49.419,0.005,30.247)},
        {t=0.661,cf=CFrame.new(-106.537,548.108,-808.012,-0.416,-0.000,-0.909,0.000,1.000,-0.000,0.909,0.000,-0.416),s="Running",v=Vector3.new(49.514,0.005,30.560)},
        {t=0.667,cf=CFrame.new(-106.302,548.108,-807.872,-0.423,-0.000,-0.906,0.000,1.000,-0.000,0.906,0.000,-0.423),s="Running",v=Vector3.new(49.466,0.005,30.754)},
        {t=0.672,cf=CFrame.new(-106.073,548.108,-807.734,-0.428,-0.000,-0.904,0.000,1.000,-0.000,0.904,0.000,-0.428),s="Running",v=Vector3.new(49.410,0.005,30.874)},
        {t=0.677,cf=CFrame.new(-105.679,548.108,-807.491,-0.434,-0.000,-0.901,0.000,1.000,-0.000,0.901,0.000,-0.434),s="Running",v=Vector3.new(48.257,0.005,30.274)},
        {t=0.682,cf=CFrame.new(-105.463,548.108,-807.360,-0.438,-0.000,-0.899,0.000,1.000,-0.000,0.899,0.000,-0.438),s="Running",v=Vector3.new(49.034,0.005,30.871)},
        {t=0.686,cf=CFrame.new(-105.244,548.108,-807.225,-0.443,-0.000,-0.897,0.000,1.000,-0.000,0.897,0.000,-0.443),s="Running",v=Vector3.new(49.202,0.005,31.062)},
        {t=0.691,cf=CFrame.new(-105.026,548.108,-807.091,-0.447,-0.000,-0.895,0.000,1.000,-0.000,0.895,0.000,-0.447),s="Running",v=Vector3.new(49.235,0.005,31.123)},
        {t=0.696,cf=CFrame.new(-104.802,548.108,-806.953,-0.452,-0.000,-0.892,0.000,1.000,-0.000,0.892,0.000,-0.452),s="Running",v=Vector3.new(49.240,0.005,31.144)},
        {t=0.701,cf=CFrame.new(-104.418,548.108,-806.714,-0.456,-0.000,-0.890,0.000,1.000,-0.000,0.890,0.000,-0.456),s="Running",v=Vector3.new(48.142,0.005,30.456)},
        {t=0.706,cf=CFrame.new(-104.210,548.108,-806.585,-0.460,-0.000,-0.888,0.000,1.000,-0.000,0.888,0.000,-0.460),s="Running",v=Vector3.new(48.965,0.005,30.980)},
        {t=0.711,cf=CFrame.new(-103.996,548.108,-806.453,-0.463,-0.000,-0.886,0.000,1.000,-0.000,0.886,0.000,-0.463),s="Running",v=Vector3.new(49.171,0.005,31.111)},
        {t=0.717,cf=CFrame.new(-103.763,548.108,-806.309,-0.467,-0.000,-0.884,0.000,1.000,-0.000,0.884,0.000,-0.467),s="Running",v=Vector3.new(49.222,0.005,31.144)},
        {t=0.722,cf=CFrame.new(-103.531,548.108,-806.165,-0.471,-0.000,-0.882,0.000,1.000,-0.000,0.882,0.000,-0.471),s="Running",v=Vector3.new(49.235,0.005,31.152)},
        {t=0.727,cf=CFrame.new(-103.141,548.108,-805.921,-0.474,-0.000,-0.880,0.000,1.000,-0.000,0.880,0.000,-0.474),s="Running",v=Vector3.new(48.141,0.005,30.459)},
        {t=0.732,cf=CFrame.new(-102.924,548.108,-805.786,-0.477,-0.000,-0.879,0.000,1.000,-0.000,0.879,0.000,-0.477),s="Running",v=Vector3.new(48.965,0.005,30.981)},
        {t=0.737,cf=CFrame.new(-102.704,548.108,-805.649,-0.480,-0.000,-0.877,0.000,1.000,-0.000,0.877,0.000,-0.480),s="Running",v=Vector3.new(49.171,0.005,31.111)},
        {t=0.742,cf=CFrame.new(-102.492,548.108,-805.517,-0.482,-0.000,-0.876,0.000,1.000,-0.000,0.876,0.000,-0.482),s="Running",v=Vector3.new(49.222,0.005,31.144)},
        {t=0.746,cf=CFrame.new(-102.276,548.108,-805.383,-0.485,-0.000,-0.875,0.000,1.000,-0.000,0.875,0.000,-0.485),s="Running",v=Vector3.new(49.235,0.005,31.152)},
        {t=0.750,cf=CFrame.new(-102.053,548.108,-805.243,-0.487,-0.000,-0.873,0.000,1.000,-0.000,0.873,0.000,-0.487),s="Running",v=Vector3.new(49.235,0.005,31.159)},
        {t=0.755,cf=CFrame.new(-101.833,548.108,-805.106,-0.489,-0.000,-0.872,0.000,1.000,-0.000,0.872,0.000,-0.489),s="Running",v=Vector3.new(49.212,0.005,31.197)},
        {t=0.759,cf=CFrame.new(-101.617,548.108,-804.970,-0.491,-0.000,-0.871,0.000,1.000,-0.000,0.871,0.000,-0.491),s="Running",v=Vector3.new(49.199,0.005,31.219)},
        {t=0.764,cf=CFrame.new(-101.395,548.108,-804.831,-0.493,-0.000,-0.870,0.000,1.000,-0.000,0.870,0.000,-0.493),s="Running",v=Vector3.new(49.191,0.005,31.231)},
        {t=0.768,cf=CFrame.new(-101.175,548.108,-804.693,-0.495,-0.000,-0.869,0.000,1.000,-0.000,0.869,0.000,-0.495),s="Running",v=Vector3.new(49.165,0.005,31.272)},
        {t=0.773,cf=CFrame.new(-100.954,548.108,-804.554,-0.497,-0.000,-0.868,0.000,1.000,-0.000,0.868,0.000,-0.497),s="Running",v=Vector3.new(49.120,0.005,31.342)},
        {t=0.777,cf=CFrame.new(-100.571,548.108,-804.311,-0.499,-0.000,-0.867,0.000,1.000,-0.000,0.867,0.000,-0.499),s="Running",v=Vector3.new(47.980,0.005,30.713)},
        {t=0.780,cf=CFrame.new(-100.549,548.108,-804.298,-0.500,-0.000,-0.866,0.000,1.000,-0.000,0.866,0.000,-0.500),s="Running",v=Vector3.new(49.870,0.005,31.978)},
        {t=0.784,cf=CFrame.new(-100.331,548.108,-804.159,-0.502,0.000,-0.865,0.000,1.000,0.000,0.865,0.000,-0.502),s="Running",v=Vector3.new(49.241,0.005,31.606)},
        {t=0.788,cf=CFrame.new(-100.117,548.108,-804.023,-0.504,0.000,-0.864,0.000,1.000,0.000,0.864,0.000,-0.504),s="Running",v=Vector3.new(49.060,0.005,31.550)},
        {t=0.792,cf=CFrame.new(-99.901,548.108,-803.886,-0.505,0.000,-0.863,0.000,1.000,0.000,0.863,0.000,-0.505),s="Running",v=Vector3.new(48.982,0.005,31.585)},
        {t=0.797,cf=CFrame.new(-99.681,548.108,-803.745,-0.507,0.000,-0.862,0.000,1.000,0.000,0.862,0.000,-0.507),s="Running",v=Vector3.new(48.918,0.005,31.663)},
        {t=0.801,cf=CFrame.new(-99.461,548.108,-803.604,-0.509,0.000,-0.861,0.000,1.000,0.000,0.861,0.000,-0.509),s="Running",v=Vector3.new(48.866,0.005,31.739)},
        {t=0.806,cf=CFrame.new(-99.242,548.108,-803.463,-0.511,0.000,-0.860,0.000,1.000,0.000,0.860,0.000,-0.511),s="Running",v=Vector3.new(48.832,0.005,31.790)},
        {t=0.810,cf=CFrame.new(-99.026,548.108,-803.323,-0.512,0.000,-0.859,0.000,1.000,0.000,0.859,0.000,-0.512),s="Running",v=Vector3.new(48.808,0.005,31.826)},
        {t=0.814,cf=CFrame.new(-98.814,548.108,-803.187,-0.514,0.000,-0.858,0.000,1.000,0.000,0.858,0.000,-0.514),s="Running",v=Vector3.new(48.780,0.005,31.869)},
        {t=0.822,cf=CFrame.new(-98.413,548.108,-802.927,-0.516,0.000,-0.856,0.000,1.000,0.000,0.856,0.000,-0.516),s="Running",v=Vector3.new(47.652,0.005,31.220)},
        {t=0.827,cf=CFrame.new(-98.188,548.108,-802.780,-0.518,0.000,-0.855,0.000,1.000,0.000,0.855,0.000,-0.518),s="Running",v=Vector3.new(48.435,0.005,31.804)},
        {t=0.833,cf=CFrame.new(-97.799,548.108,-802.527,-0.520,0.000,-0.854,0.000,1.000,0.000,0.854,0.000,-0.520),s="Running",v=Vector3.new(47.514,0.005,31.283)},
        {t=0.837,cf=CFrame.new(-97.588,548.108,-802.389,-0.521,0.000,-0.853,0.000,1.000,0.000,0.853,0.000,-0.521),s="Running",v=Vector3.new(48.359,0.005,31.882)},
        {t=0.842,cf=CFrame.new(-97.375,548.108,-802.249,-0.523,0.000,-0.853,0.000,1.000,0.000,0.853,0.000,-0.523),s="Running",v=Vector3.new(48.566,0.005,32.038)},
        {t=0.846,cf=CFrame.new(-97.158,548.108,-802.107,-0.524,0.000,-0.852,0.000,1.000,0.000,0.852,0.000,-0.524),s="Running",v=Vector3.new(48.616,0.005,32.079)},
        {t=0.851,cf=CFrame.new(-96.943,548.108,-801.966,-0.525,0.000,-0.851,0.000,1.000,0.000,0.851,0.000,-0.525),s="Running",v=Vector3.new(48.628,0.005,32.090)},
        {t=0.855,cf=CFrame.new(-96.727,548.108,-801.824,-0.526,0.000,-0.850,0.000,1.000,0.000,0.850,0.000,-0.526),s="Running",v=Vector3.new(48.631,0.005,32.094)},
        {t=0.861,cf=CFrame.new(-96.348,548.108,-801.575,-0.528,0.000,-0.850,0.000,1.000,0.000,0.850,0.000,-0.528),s="Running",v=Vector3.new(47.547,0.005,31.379)},
        {t=0.866,cf=CFrame.new(-96.135,548.108,-801.436,-0.529,0.000,-0.849,0.000,1.000,0.000,0.849,0.000,-0.529),s="Running",v=Vector3.new(48.352,0.005,31.929)},
        {t=0.871,cf=CFrame.new(-95.918,548.108,-801.293,-0.530,0.000,-0.848,0.000,1.000,0.000,0.848,0.000,-0.530),s="Running",v=Vector3.new(48.529,0.005,32.104)},
        {t=0.876,cf=CFrame.new(-95.692,548.108,-801.145,-0.531,0.000,-0.847,0.000,1.000,0.000,0.847,0.000,-0.531),s="Running",v=Vector3.new(48.565,0.005,32.159)},
        {t=0.881,cf=CFrame.new(-95.313,548.108,-800.895,-0.532,0.000,-0.847,0.000,1.000,0.000,0.847,0.000,-0.532),s="Running",v=Vector3.new(47.490,0.005,31.457)},
        {t=0.886,cf=CFrame.new(-95.098,548.108,-800.753,-0.533,0.000,-0.846,0.000,1.000,0.000,0.846,0.000,-0.533),s="Running",v=Vector3.new(48.305,0.005,31.999)},
        {t=0.891,cf=CFrame.new(-94.884,548.108,-800.612,-0.534,0.000,-0.845,0.000,1.000,0.000,0.845,0.000,-0.534),s="Running",v=Vector3.new(48.508,0.005,32.134)},
        {t=0.896,cf=CFrame.new(-94.665,548.108,-800.468,-0.535,0.000,-0.845,0.000,1.000,0.000,0.845,0.000,-0.535),s="Running",v=Vector3.new(48.559,0.005,32.168)},
        {t=0.901,cf=CFrame.new(-94.285,548.108,-800.217,-0.536,0.000,-0.844,0.000,1.000,0.000,0.844,0.000,-0.536),s="Running",v=Vector3.new(47.488,0.005,31.459)},
        {t=0.907,cf=CFrame.new(-94.073,548.108,-800.077,-0.537,0.000,-0.844,0.000,1.000,0.000,0.844,0.000,-0.537),s="Running",v=Vector3.new(48.304,0.005,32.000)},
        {t=0.912,cf=CFrame.new(-93.860,548.108,-799.936,-0.538,0.000,-0.843,0.000,1.000,0.000,0.843,0.000,-0.538),s="Running",v=Vector3.new(48.499,0.005,32.148)},
        {t=0.918,cf=CFrame.new(-93.629,548.108,-799.784,-0.539,0.000,-0.843,0.000,1.000,0.000,0.843,0.000,-0.539),s="Running",v=Vector3.new(48.521,0.005,32.225)},
        {t=0.923,cf=CFrame.new(-93.245,548.108,-799.530,-0.539,0.000,-0.842,0.000,1.000,0.000,0.842,0.000,-0.539),s="Running",v=Vector3.new(47.439,0.005,31.534)},
        {t=0.928,cf=CFrame.new(-93.033,548.108,-799.390,-0.540,0.000,-0.842,0.000,1.000,0.000,0.842,0.000,-0.540),s="Running",v=Vector3.new(48.250,0.005,32.081)},
        {t=0.933,cf=CFrame.new(-92.814,548.108,-799.244,-0.541,0.000,-0.841,0.000,1.000,0.000,0.841,0.000,-0.541),s="Running",v=Vector3.new(48.452,0.005,32.219)},
        {t=0.939,cf=CFrame.new(-92.591,548.108,-799.096,-0.541,0.000,-0.841,0.000,1.000,0.000,0.841,0.000,-0.541),s="Running",v=Vector3.new(48.503,0.005,32.253)},
        {t=0.944,cf=CFrame.new(-92.210,548.108,-798.844,-0.542,0.000,-0.840,0.000,1.000,0.000,0.840,0.000,-0.542),s="Running",v=Vector3.new(47.423,0.005,31.558)},
        {t=0.949,cf=CFrame.new(-91.991,548.108,-798.698,-0.543,0.000,-0.840,0.000,1.000,0.000,0.840,0.000,-0.543),s="Running",v=Vector3.new(48.211,0.005,32.139)},
        {t=0.954,cf=CFrame.new(-91.777,548.108,-798.557,-0.543,0.000,-0.839,0.000,1.000,0.000,0.839,0.000,-0.543),s="Running",v=Vector3.new(48.403,0.005,32.292)},
        {t=0.959,cf=CFrame.new(-91.561,548.108,-798.412,-0.544,0.000,-0.839,0.000,1.000,0.000,0.839,0.000,-0.544),s="Running",v=Vector3.new(48.449,0.005,32.333)},
        {t=0.964,cf=CFrame.new(-91.185,548.108,-798.162,-0.545,0.000,-0.839,0.000,1.000,0.000,0.839,0.000,-0.545),s="Running",v=Vector3.new(47.379,0.005,31.624)},
        {t=0.971,cf=CFrame.new(-90.963,548.108,-798.014,-0.545,0.000,-0.838,0.000,1.000,0.000,0.838,0.000,-0.545),s="Running",v=Vector3.new(48.192,0.005,32.168)},
        {t=0.977,cf=CFrame.new(-90.734,548.108,-797.862,-0.546,0.000,-0.838,0.000,1.000,0.000,0.838,0.000,-0.546),s="Running",v=Vector3.new(48.395,0.005,32.304)},
        {t=0.982,cf=CFrame.new(-90.353,548.108,-797.608,-0.546,0.000,-0.838,0.000,1.000,0.000,0.838,0.000,-0.546),s="Running",v=Vector3.new(47.366,0.005,31.617)},
        {t=0.987,cf=CFrame.new(-90.141,548.108,-797.467,-0.547,0.000,-0.837,0.000,1.000,0.000,0.837,0.000,-0.547),s="Running",v=Vector3.new(48.189,0.005,32.166)},
        {t=0.991,cf=CFrame.new(-89.925,548.108,-797.323,-0.547,0.000,-0.837,0.000,1.000,0.000,0.837,0.000,-0.547),s="Running",v=Vector3.new(48.394,0.005,32.303)},
        {t=0.997,cf=CFrame.new(-89.704,548.108,-797.176,-0.548,0.000,-0.837,0.000,1.000,0.000,0.837,0.000,-0.548),s="Running",v=Vector3.new(48.446,0.005,32.338)},
        {t=1.002,cf=CFrame.new(-89.325,548.108,-796.923,-0.548,0.000,-0.837,0.000,1.000,0.000,0.837,0.000,-0.548),s="Running",v=Vector3.new(47.378,0.005,31.625)},
        {t=1.007,cf=CFrame.new(-89.116,548.108,-796.784,-0.548,0.000,-0.836,0.000,1.000,0.000,0.836,0.000,-0.548),s="Running",v=Vector3.new(48.192,0.005,32.168)},
        {t=1.012,cf=CFrame.new(-88.894,548.108,-796.636,-0.549,0.000,-0.836,0.000,1.000,0.000,0.836,0.000,-0.549),s="Running",v=Vector3.new(48.395,0.005,32.304)},
        {t=1.018,cf=CFrame.new(-88.514,548.108,-796.383,-0.549,0.000,-0.836,0.000,1.000,0.000,0.836,0.000,-0.549),s="Running",v=Vector3.new(47.388,0.005,31.583)},
        {t=1.023,cf=CFrame.new(-88.307,548.108,-796.245,-0.549,0.000,-0.836,0.000,1.000,0.000,0.836,0.000,-0.549),s="Running",v=Vector3.new(48.228,0.005,32.106)},
        {t=1.028,cf=CFrame.new(-88.092,548.108,-796.102,-0.549,0.000,-0.836,0.000,1.000,0.000,0.836,0.000,-0.549),s="Running",v=Vector3.new(48.467,0.005,32.195)},
        {t=1.035,cf=CFrame.new(-87.858,548.108,-795.947,-0.549,0.000,-0.836,0.000,1.000,0.000,0.836,0.000,-0.549),s="Running",v=Vector3.new(48.567,0.005,32.155)},
        {t=1.040,cf=CFrame.new(-87.480,548.108,-795.697,-0.549,0.000,-0.836,0.000,1.000,0.000,0.836,0.000,-0.549),s="Running",v=Vector3.new(47.523,0.005,31.407)},
        {t=1.045,cf=CFrame.new(-87.265,548.108,-795.555,-0.549,0.000,-0.836,0.000,1.000,0.000,0.836,0.000,-0.549),s="Running",v=Vector3.new(48.402,0.005,31.851)},
        {t=1.050,cf=CFrame.new(-87.049,548.108,-795.413,-0.549,0.000,-0.836,0.000,1.000,0.000,0.836,0.000,-0.549),s="Running",v=Vector3.new(48.666,0.005,31.894)},
        {t=1.054,cf=CFrame.new(-86.833,548.108,-795.272,-0.549,0.000,-0.836,0.000,1.000,0.000,0.836,0.000,-0.549),s="Running",v=Vector3.new(48.763,0.005,31.858)},
        {t=1.059,cf=CFrame.new(-86.614,548.108,-795.128,-0.548,0.000,-0.836,0.000,1.000,0.000,0.836,0.000,-0.548),s="Running",v=Vector3.new(48.825,0.005,31.790)},
        {t=1.066,cf=CFrame.new(-86.218,548.108,-794.871,-0.548,0.000,-0.837,0.000,1.000,0.000,0.837,0.000,-0.548),s="Running",v=Vector3.new(47.815,0.005,30.968)},
        {t=1.071,cf=CFrame.new(-86.002,548.108,-794.730,-0.547,0.000,-0.837,0.000,1.000,0.000,0.837,0.000,-0.547),s="Running",v=Vector3.new(48.720,0.005,31.363)},
        {t=1.076,cf=CFrame.new(-85.771,548.108,-794.582,-0.547,0.000,-0.837,0.000,1.000,0.000,0.837,0.000,-0.547),s="Running",v=Vector3.new(49.034,0.005,31.326)},
        {t=1.081,cf=CFrame.new(-85.545,548.108,-794.437,-0.546,0.000,-0.838,0.000,1.000,0.000,0.838,0.000,-0.546),s="Running",v=Vector3.new(49.176,0.005,31.216)},
        {t=1.086,cf=CFrame.new(-85.154,548.108,-794.189,-0.545,0.000,-0.838,0.000,1.000,0.000,0.838,0.000,-0.545),s="Running",v=Vector3.new(48.193,0.005,30.369)},
        {t=1.091,cf=CFrame.new(-84.942,548.108,-794.055,-0.544,0.000,-0.839,0.000,1.000,0.000,0.839,0.000,-0.544),s="Running",v=Vector3.new(49.124,0.005,30.724)},
        {t=1.096,cf=CFrame.new(-84.721,548.108,-793.916,-0.543,0.000,-0.840,0.000,1.000,0.000,0.840,0.000,-0.543),s="Running",v=Vector3.new(49.461,0.005,30.646)},
        {t=1.101,cf=CFrame.new(-84.487,548.108,-793.770,-0.541,0.000,-0.841,0.000,1.000,0.000,0.841,0.000,-0.541),s="Running",v=Vector3.new(49.669,0.005,30.424)},
        {t=1.107,cf=CFrame.new(-84.093,548.108,-793.529,-0.540,0.000,-0.842,0.000,1.000,0.000,0.842,0.000,-0.540),s="Running",v=Vector3.new(48.717,0.005,29.520)},
        {t=1.111,cf=CFrame.new(-83.881,548.108,-793.399,-0.538,0.000,-0.843,0.000,1.000,0.000,0.843,0.000,-0.538),s="Running",v=Vector3.new(49.678,0.005,29.819)},
        {t=1.116,cf=CFrame.new(-83.658,548.108,-793.265,-0.537,0.000,-0.844,0.000,1.000,0.000,0.844,0.000,-0.537),s="Running",v=Vector3.new(50.030,0.005,29.708)},
        {t=1.121,cf=CFrame.new(-83.436,548.108,-793.132,-0.535,-0.000,-0.845,0.000,1.000,-0.000,0.845,0.000,-0.535),s="Running",v=Vector3.new(50.221,0.005,29.505)},
        {t=1.126,cf=CFrame.new(-83.203,548.108,-792.995,-0.533,-0.000,-0.846,0.000,1.000,-0.000,0.846,0.000,-0.533),s="Running",v=Vector3.new(50.391,0.005,29.243)},
        {t=1.131,cf=CFrame.new(-82.972,548.108,-792.860,-0.531,-0.000,-0.847,0.000,1.000,-0.000,0.847,0.000,-0.531),s="Running",v=Vector3.new(50.495,0.005,29.072)},
        {t=1.136,cf=CFrame.new(-82.572,548.108,-792.628,-0.529,-0.000,-0.849,0.000,1.000,-0.000,0.849,0.000,-0.529),s="Running",v=Vector3.new(49.467,0.005,28.255)},
        {t=1.141,cf=CFrame.new(-82.359,548.108,-792.505,-0.527,-0.000,-0.850,0.000,1.000,-0.000,0.850,0.000,-0.527),s="Running",v=Vector3.new(50.384,0.005,28.614)},
        {t=1.146,cf=CFrame.new(-82.132,548.124,-792.375,-0.525,-0.000,-0.851,0.000,1.000,-0.000,0.851,0.000,-0.525),s="Running",v=Vector3.new(50.618,28.674,28.696)},
        {t=1.152,cf=CFrame.new(-81.883,548.365,-792.233,-0.523,-0.000,-0.852,0.000,1.000,-0.000,0.852,0.000,-0.523),s="Jumping",v=Vector3.new(51.919,52.071,29.156)},
        {t=1.157,cf=CFrame.new(-81.412,548.823,-791.968,-0.521,-0.000,-0.854,0.000,1.000,-0.000,0.854,0.000,-0.521),s="Jumping",v=Vector3.new(52.348,50.627,29.087)},
        {t=1.165,cf=CFrame.new(-81.135,549.064,-791.812,-0.518,-0.000,-0.856,0.000,1.000,-0.000,0.856,0.000,-0.518),s="Freefall",v=Vector3.new(52.409,48.955,28.844)},
        {t=1.170,cf=CFrame.new(-80.678,549.472,-791.560,-0.516,-0.000,-0.857,0.000,1.000,-0.000,0.857,0.000,-0.516),s="Freefall",v=Vector3.new(52.335,47.731,28.636)},
        {t=1.175,cf=CFrame.new(-80.440,549.676,-791.428,-0.514,-0.000,-0.858,0.000,1.000,-0.000,0.858,0.000,-0.514),s="Freefall",v=Vector3.new(52.475,47.112,28.606)},
        {t=1.179,cf=CFrame.new(-80.202,549.876,-791.297,-0.512,-0.000,-0.859,0.000,1.000,-0.000,0.859,0.000,-0.512),s="Freefall",v=Vector3.new(52.527,46.417,28.567)},
        {t=1.185,cf=CFrame.new(-79.966,550.071,-791.168,-0.510,-0.000,-0.860,0.000,1.000,-0.000,0.860,0.000,-0.510),s="Freefall",v=Vector3.new(52.557,45.689,28.525)},
        {t=1.190,cf=CFrame.new(-79.728,550.265,-791.037,-0.508,-0.000,-0.861,0.000,1.000,-0.000,0.861,0.000,-0.508),s="Freefall",v=Vector3.new(52.583,44.871,28.481)},
        {t=1.197,cf=CFrame.new(-79.273,550.633,-790.790,-0.506,-0.000,-0.863,0.000,1.000,-0.000,0.863,0.000,-0.506),s="Freefall",v=Vector3.new(52.469,45.032,28.380)},
        {t=1.203,cf=CFrame.new(-78.828,550.997,-790.548,-0.504,-0.000,-0.864,0.000,1.000,-0.000,0.864,0.000,-0.504),s="Freefall",v=Vector3.new(52.450,42.385,28.337)},
        {t=1.208,cf=CFrame.new(-78.593,551.174,-790.420,-0.502,-0.000,-0.865,0.000,1.000,-0.000,0.865,0.000,-0.502),s="Freefall",v=Vector3.new(52.585,41.016,28.381)},
        {t=1.213,cf=CFrame.new(-78.358,551.347,-790.293,-0.501,-0.000,-0.866,0.000,1.000,-0.000,0.866,0.000,-0.501),s="Freefall",v=Vector3.new(52.626,39.896,28.379)},
        {t=1.218,cf=CFrame.new(-78.119,551.518,-790.163,-0.499,-0.000,-0.866,0.000,1.000,-0.000,0.866,0.000,-0.499),s="Freefall",v=Vector3.new(52.684,38.787,28.289)},
        {t=1.225,cf=CFrame.new(-77.666,551.838,-789.919,-0.497,-0.000,-0.868,0.000,1.000,-0.000,0.868,0.000,-0.497),s="Freefall",v=Vector3.new(52.658,37.300,28.025)},
        {t=1.230,cf=CFrame.new(-77.418,552.003,-789.787,-0.496,-0.000,-0.869,0.000,1.000,-0.000,0.869,0.000,-0.496),s="Freefall",v=Vector3.new(52.827,36.044,27.946)},
        {t=1.235,cf=CFrame.new(-77.177,552.159,-789.658,-0.494,-0.000,-0.869,0.000,1.000,-0.000,0.869,0.000,-0.494),s="Freefall",v=Vector3.new(52.895,35.157,27.879)},
        {t=1.240,cf=CFrame.new(-76.726,552.448,-789.421,-0.493,-0.000,-0.870,0.000,1.000,-0.000,0.870,0.000,-0.493),s="Freefall",v=Vector3.new(52.791,33.798,27.772)},
        {t=1.245,cf=CFrame.new(-76.490,552.592,-789.296,-0.491,-0.000,-0.871,0.000,1.000,-0.000,0.871,0.000,-0.491),s="Freefall",v=Vector3.new(52.916,32.968,27.777)},
        {t=1.251,cf=CFrame.new(-76.249,552.735,-789.169,-0.490,-0.000,-0.872,0.000,1.000,-0.000,0.872,0.000,-0.490),s="Freefall",v=Vector3.new(52.978,31.935,27.720)},
        {t=1.256,cf=CFrame.new(-76.008,552.874,-789.042,-0.488,-0.000,-0.873,0.000,1.000,-0.000,0.873,0.000,-0.488),s="Freefall",v=Vector3.new(53.015,30.854,27.665)},
        {t=1.261,cf=CFrame.new(-75.557,553.126,-788.807,-0.487,-0.000,-0.873,0.000,1.000,-0.000,0.873,0.000,-0.487),s="Freefall",v=Vector3.new(52.894,29.640,27.578)},
        {t=1.268,cf=CFrame.new(-75.311,553.257,-788.678,-0.485,-0.000,-0.874,0.000,1.000,-0.000,0.874,0.000,-0.485),s="Freefall",v=Vector3.new(52.999,28.553,27.620)},
        {t=1.273,cf=CFrame.new(-75.070,553.381,-788.551,-0.484,-0.000,-0.875,0.000,1.000,-0.000,0.875,0.000,-0.484),s="Freefall",v=Vector3.new(53.043,27.563,27.595)},
        {t=1.278,cf=CFrame.new(-74.626,553.603,-788.320,-0.483,-0.000,-0.876,0.000,1.000,-0.000,0.876,0.000,-0.483),s="Freefall",v=Vector3.new(52.956,26.537,27.455)},
        {t=1.283,cf=CFrame.new(-74.398,553.713,-788.202,-0.481,-0.000,-0.877,0.000,1.000,-0.000,0.877,0.000,-0.481),s="Freefall",v=Vector3.new(53.097,25.829,27.429)},
        {t=1.288,cf=CFrame.new(-74.162,553.824,-788.080,-0.480,-0.000,-0.877,0.000,1.000,-0.000,0.877,0.000,-0.480),s="Freefall",v=Vector3.new(53.218,24.584,27.256)},
        {t=1.292,cf=CFrame.new(-73.929,553.927,-787.960,-0.479,-0.000,-0.878,0.000,1.000,-0.000,0.878,0.000,-0.479),s="Freefall",v=Vector3.new(53.276,23.759,27.159)},
