-- CFrame Auto Walk Recording
-- Total Frames: 4857
-- Recorded HipHeight: 5.058475494384766

return {
    hipHeight = 5.058475494384766,
    frames = {
        {t=0.005,cf=CFrame.new(5019.748,869.655,-2161.865,0.304,0.000,-0.953,0.000,1.000,0.000,0.953,0.000,0.304),s="Running",v=Vector3.new(0.000,0.005,0.000)},
        {t=0.009,cf=CFrame.new(5019.748,869.655,-2161.865,0.304,0.000,-0.953,0.000,1.000,0.000,0.953,0.000,0.304),s="Running",v=Vector3.new(0.000,0.005,0.000)},
        {t=0.012,cf=CFrame.new(5019.748,869.655,-2161.865,0.304,0.000,-0.953,0.000,1.000,0.000,0.953,0.000,0.304),s="Running",v=Vector3.new(0.000,0.005,0.000)},
        {t=0.015,cf=CFrame.new(5019.748,869.655,-2161.865,0.304,0.000,-0.953,0.000,1.000,0.000,0.953,0.000,0.304),s="Running",v=Vector3.new(0.000,0.005,0.000)},
        {t=0.019,cf=CFrame.new(5019.748,869.655,-2161.865,0.304,0.000,-0.953,0.000,1.000,0.000,0.953,0.000,0.304),s="Running",v=Vector3.new(0.000,0.005,0.000)},
        {t=0.022,cf=CFrame.new(5019.748,869.655,-2161.865,0.304,0.000,-0.953,0.000,1.000,0.000,0.953,0.000,0.304),s="Running",v=Vector3.new(0.000,0.005,0.000)},
        {t=0.027,cf=CFrame.new(5019.748,869.655,-2161.865,0.304,0.000,-0.953,0.000,1.000,0.000,0.953,0.000,0.304),s="Running",v=Vector3.new(0.000,0.005,0.000)},
        {t=0.031,cf=CFrame.new(5019.748,869.655,-2161.865,0.304,0.000,-0.953,0.000,1.000,0.000,0.953,0.000,0.304),s="Running",v=Vector3.new(0.000,0.005,0.000)},
        {t=0.035,cf=CFrame.new(5019.748,869.655,-2161.865,0.304,0.000,-0.953,0.000,1.000,0.000,0.953,0.000,0.304),s="Running",v=Vector3.new(0.000,0.005,0.000)},
        {t=0.040,cf=CFrame.new(5019.748,869.655,-2161.865,0.304,0.000,-0.953,0.000,1.000,0.000,0.953,0.000,0.304),s="Running",v=Vector3.new(0.000,0.005,0.000)},
        {t=0.045,cf=CFrame.new(5019.748,869.655,-2161.865,0.304,0.000,-0.953,0.000,1.000,0.000,0.953,0.000,0.304),s="Running",v=Vector3.new(0.000,0.005,0.000)},
        {t=0.048,cf=CFrame.new(5019.748,869.655,-2161.865,0.304,0.000,-0.953,0.000,1.000,0.000,0.953,0.000,0.304),s="Running",v=Vector3.new(0.000,0.005,0.000)},
        {t=0.053,cf=CFrame.new(5019.748,869.655,-2161.865,0.304,0.000,-0.953,0.000,1.000,0.000,0.953,0.000,0.304),s="Running",v=Vector3.new(0.000,0.005,0.000)},
        {t=0.056,cf=CFrame.new(5019.748,869.655,-2161.865,0.304,0.000,-0.953,0.000,1.000,0.000,0.953,0.000,0.304),s="Running",v=Vector3.new(0.000,0.005,0.000)},
        {t=0.060,cf=CFrame.new(5019.748,869.655,-2161.865,0.304,0.000,-0.953,0.000,1.000,0.000,0.953,0.000,0.304),s="Running",v=Vector3.new(0.000,0.005,0.000)},
        {t=0.064,cf=CFrame.new(5019.748,869.655,-2161.865,0.304,0.000,-0.953,0.000,1.000,0.000,0.953,0.000,0.304),s="Running",v=Vector3.new(0.000,0.005,0.000)},
        {t=0.069,cf=CFrame.new(5019.748,869.655,-2161.865,0.304,0.000,-0.953,0.000,1.000,0.000,0.953,0.000,0.304),s="Running",v=Vector3.new(0.000,0.005,0.000)},
        {t=0.072,cf=CFrame.new(5019.748,869.655,-2161.865,0.304,0.000,-0.953,0.000,1.000,0.000,0.953,0.000,0.304),s="Running",v=Vector3.new(0.000,0.005,0.000)},
        {t=0.077,cf=CFrame.new(5019.748,869.655,-2161.865,0.304,0.000,-0.953,0.000,1.000,0.000,0.953,0.000,0.304),s="Running",v=Vector3.new(0.000,0.005,0.000)},
        {t=0.082,cf=CFrame.new(5019.748,869.655,-2161.865,0.304,0.000,-0.953,0.000,1.000,0.000,0.953,0.000,0.304),s="Running",v=Vector3.new(0.000,0.005,0.000)},
        {t=0.085,cf=CFrame.new(5019.748,869.655,-2161.865,0.304,0.000,-0.953,0.000,1.000,0.000,0.953,0.000,0.304),s="Running",v=Vector3.new(0.000,0.005,0.000)},
        {t=0.089,cf=CFrame.new(5019.748,869.655,-2161.865,0.304,0.000,-0.953,0.000,1.000,0.000,0.953,0.000,0.304),s="Running",v=Vector3.new(0.000,0.005,0.000)},
        {t=0.095,cf=CFrame.new(5019.748,869.655,-2161.865,0.304,0.000,-0.953,0.000,1.000,0.000,0.953,0.000,0.304),s="Running",v=Vector3.new(0.000,0.005,0.000)},
        {t=0.098,cf=CFrame.new(5019.748,869.655,-2161.865,0.304,0.000,-0.953,0.000,1.000,0.000,0.953,0.000,0.304),s="Running",v=Vector3.new(0.000,0.005,0.000)},
        {t=0.102,cf=CFrame.new(5019.748,869.655,-2161.865,0.304,0.000,-0.953,0.000,1.000,0.000,0.953,0.000,0.304),s="Running",v=Vector3.new(0.000,0.005,0.000)},
        {t=0.106,cf=CFrame.new(5019.748,869.655,-2161.865,0.304,0.000,-0.953,0.000,1.000,0.000,0.953,0.000,0.304),s="Running",v=Vector3.new(0.000,0.005,0.000)},
        {t=0.109,cf=CFrame.new(5019.748,869.655,-2161.865,0.304,0.000,-0.953,0.000,1.000,0.000,0.953,0.000,0.304),s="Running",v=Vector3.new(0.000,0.005,0.000)},
        {t=0.114,cf=CFrame.new(5019.748,869.655,-2161.865,0.304,0.000,-0.953,0.000,1.000,0.000,0.953,0.000,0.304),s="Running",v=Vector3.new(0.000,0.005,0.000)},
        {t=0.119,cf=CFrame.new(5019.748,869.655,-2161.865,0.304,0.000,-0.953,0.000,1.000,0.000,0.953,0.000,0.304),s="Running",v=Vector3.new(0.000,0.005,0.000)},
        {t=0.123,cf=CFrame.new(5019.748,869.655,-2161.865,0.304,0.000,-0.953,0.000,1.000,0.000,0.953,0.000,0.304),s="Running",v=Vector3.new(0.000,0.005,0.000)},
        {t=0.126,cf=CFrame.new(5019.748,869.655,-2161.865,0.304,0.000,-0.953,0.000,1.000,0.000,0.953,0.000,0.304),s="Running",v=Vector3.new(0.000,0.005,0.000)},
        {t=0.131,cf=CFrame.new(5019.748,869.655,-2161.865,0.304,0.000,-0.953,0.000,1.000,0.000,0.953,0.000,0.304),s="Running",v=Vector3.new(0.000,0.005,0.000)},
        {t=0.135,cf=CFrame.new(5019.748,869.655,-2161.865,0.304,0.000,-0.953,0.000,1.000,0.000,0.953,0.000,0.304),s="Running",v=Vector3.new(0.000,0.005,0.000)},
        {t=0.138,cf=CFrame.new(5019.748,869.655,-2161.865,0.304,0.000,-0.953,0.000,1.000,0.000,0.953,0.000,0.304),s="Running",v=Vector3.new(0.000,0.005,0.000)},
        {t=0.143,cf=CFrame.new(5019.748,869.655,-2161.865,0.304,0.000,-0.953,0.000,1.000,0.000,0.953,0.000,0.304),s="Running",v=Vector3.new(0.000,0.005,0.000)},
        {t=0.148,cf=CFrame.new(5019.748,869.655,-2161.865,0.304,0.000,-0.953,0.000,1.000,0.000,0.953,0.000,0.304),s="Running",v=Vector3.new(0.000,0.005,0.000)},
        {t=0.152,cf=CFrame.new(5019.748,869.655,-2161.865,0.304,0.000,-0.953,0.000,1.000,0.000,0.953,0.000,0.304),s="Running",v=Vector3.new(0.000,0.005,0.000)},
        {t=0.155,cf=CFrame.new(5019.748,869.655,-2161.865,0.304,0.000,-0.953,0.000,1.000,0.000,0.953,0.000,0.304),s="Running",v=Vector3.new(0.000,0.005,0.000)},
        {t=0.161,cf=CFrame.new(5019.748,869.655,-2161.865,0.304,0.000,-0.953,0.000,1.000,0.000,0.953,0.000,0.304),s="Running",v=Vector3.new(0.000,0.005,0.000)},
        {t=0.164,cf=CFrame.new(5019.748,869.655,-2161.865,0.304,0.000,-0.953,0.000,1.000,0.000,0.953,0.000,0.304),s="Running",v=Vector3.new(0.000,0.005,0.000)},
        {t=0.169,cf=CFrame.new(5019.748,869.655,-2161.865,0.304,0.000,-0.953,0.000,1.000,0.000,0.953,0.000,0.304),s="Running",v=Vector3.new(0.000,0.005,0.000)},
        {t=0.172,cf=CFrame.new(5019.748,869.655,-2161.865,0.304,0.000,-0.953,0.000,1.000,0.000,0.953,0.000,0.304),s="Running",v=Vector3.new(0.000,0.005,0.000)},
        {t=0.177,cf=CFrame.new(5019.748,869.655,-2161.865,0.304,0.000,-0.953,0.000,1.000,0.000,0.953,0.000,0.304),s="Running",v=Vector3.new(0.000,0.005,0.000)},
        {t=0.181,cf=CFrame.new(5019.748,869.655,-2161.865,0.304,0.000,-0.953,0.000,1.000,0.000,0.953,0.000,0.304),s="Running",v=Vector3.new(0.000,0.005,0.000)},
        {t=0.185,cf=CFrame.new(5019.748,869.655,-2161.865,0.304,0.000,-0.953,0.000,1.000,0.000,0.953,0.000,0.304),s="Running",v=Vector3.new(0.000,0.005,0.000)},
        {t=0.190,cf=CFrame.new(5019.748,869.655,-2161.865,0.304,0.000,-0.953,0.000,1.000,0.000,0.953,0.000,0.304),s="Running",v=Vector3.new(0.000,0.005,0.000)},
        {t=0.194,cf=CFrame.new(5019.748,869.655,-2161.865,0.304,0.000,-0.953,0.000,1.000,0.000,0.953,0.000,0.304),s="Running",v=Vector3.new(0.000,0.005,0.000)},
        {t=0.197,cf=CFrame.new(5019.748,869.655,-2161.865,0.304,0.000,-0.953,0.000,1.000,0.000,0.953,0.000,0.304),s="Running",v=Vector3.new(0.000,0.005,0.000)},
        {t=0.203,cf=CFrame.new(5019.748,869.655,-2161.865,0.304,-0.000,-0.953,0.000,1.000,-0.000,0.953,0.000,0.304),s="Running",v=Vector3.new(0.000,0.005,-0.000)},
        {t=0.207,cf=CFrame.new(5019.748,869.655,-2161.865,0.304,-0.000,-0.953,0.000,1.000,-0.000,0.953,0.000,0.304),s="Running",v=Vector3.new(0.000,0.005,-0.000)},
        {t=0.211,cf=CFrame.new(5019.748,869.655,-2161.865,0.304,-0.000,-0.953,0.000,1.000,-0.000,0.953,0.000,0.304),s="Running",v=Vector3.new(0.000,0.005,-0.000)},
        {t=0.215,cf=CFrame.new(5019.748,869.655,-2161.865,0.304,-0.000,-0.953,0.000,1.000,-0.000,0.953,0.000,0.304),s="Running",v=Vector3.new(0.000,0.005,-0.000)},
        {t=0.220,cf=CFrame.new(5019.748,869.655,-2161.865,0.304,-0.000,-0.953,0.000,1.000,-0.000,0.953,0.000,0.304),s="Running",v=Vector3.new(0.000,0.005,-0.000)},
        {t=0.224,cf=CFrame.new(5019.748,869.655,-2161.865,0.304,-0.000,-0.953,0.000,1.000,-0.000,0.953,0.000,0.304),s="Running",v=Vector3.new(0.000,0.005,-0.000)},
        {t=0.228,cf=CFrame.new(5019.748,869.655,-2161.865,0.304,-0.000,-0.953,0.000,1.000,-0.000,0.953,0.000,0.304),s="Running",v=Vector3.new(0.000,0.005,-0.000)},
        {t=0.231,cf=CFrame.new(5019.748,869.655,-2161.865,0.304,-0.000,-0.953,0.000,1.000,-0.000,0.953,0.000,0.304),s="Running",v=Vector3.new(0.000,0.005,-0.000)},
        {t=0.236,cf=CFrame.new(5019.748,869.655,-2161.865,0.304,-0.000,-0.953,0.000,1.000,-0.000,0.953,0.000,0.304),s="Running",v=Vector3.new(0.000,0.005,-0.000)},
        {t=0.240,cf=CFrame.new(5019.748,869.655,-2161.865,0.303,-0.000,-0.953,0.000,1.000,-0.000,0.953,0.000,0.303),s="Running",v=Vector3.new(0.684,0.005,-0.209)},
        {t=0.244,cf=CFrame.new(5019.750,869.655,-2161.865,0.302,-0.000,-0.953,0.000,1.000,-0.000,0.953,0.000,0.302),s="Running",v=Vector3.new(2.975,0.005,-0.910)},
        {t=0.248,cf=CFrame.new(5019.756,869.655,-2161.867,0.300,-0.000,-0.954,0.000,1.000,-0.000,0.954,0.000,0.300),s="Running",v=Vector3.new(6.390,0.005,-1.871)},
        {t=0.253,cf=CFrame.new(5019.771,869.655,-2161.871,0.296,-0.000,-0.955,0.000,1.000,-0.000,0.955,0.000,0.296),s="Running",v=Vector3.new(10.374,0.005,-2.890)},
        {t=0.257,cf=CFrame.new(5019.801,869.655,-2161.880,0.293,-0.000,-0.956,0.000,1.000,-0.000,0.956,0.000,0.293),s="Running",v=Vector3.new(14.518,0.005,-3.861)},
        {t=0.270,cf=CFrame.new(5019.923,869.655,-2161.910,0.270,-0.000,-0.963,0.000,1.000,-0.000,0.963,0.000,0.270),s="Running",v=Vector3.new(23.644,0.005,-4.851)},
        {t=0.275,cf=CFrame.new(5020.025,869.655,-2161.932,0.261,-0.000,-0.965,0.000,1.000,-0.000,0.965,0.000,0.261),s="Running",v=Vector3.new(31.927,-0.174,-5.640)},
        {t=0.280,cf=CFrame.new(5020.163,869.654,-2161.956,0.251,-0.000,-0.968,0.000,1.000,-0.000,0.968,0.000,0.251),s="Running",v=Vector3.new(37.363,-1.074,-5.662)},
        {t=0.285,cf=CFrame.new(5020.336,869.651,-2161.983,0.239,-0.000,-0.971,0.000,1.000,-0.000,0.971,0.000,0.239),s="Running",v=Vector3.new(45.200,-2.388,-4.705)},
        {t=0.290,cf=CFrame.new(5020.686,869.620,-2162.020,0.226,-0.000,-0.974,0.000,1.000,-0.000,0.974,0.000,0.226),s="Running",v=Vector3.new(49.544,-4.045,-3.246)},
        {t=0.295,cf=CFrame.new(5020.900,869.599,-2162.035,0.213,-0.000,-0.977,0.000,1.000,-0.000,0.977,0.000,0.213),s="Running",v=Vector3.new(54.473,-5.239,-1.171)},
        {t=0.299,cf=CFrame.new(5021.132,869.574,-2162.042,0.200,-0.000,-0.980,0.000,1.000,-0.000,0.980,0.000,0.200),s="Running",v=Vector3.new(56.708,-6.057,0.827)},
        {t=0.304,cf=CFrame.new(5021.367,869.545,-2162.041,0.186,-0.000,-0.982,0.000,1.000,-0.000,0.982,0.000,0.186),s="Running",v=Vector3.new(57.296,-7.072,3.661)},
        {t=0.308,cf=CFrame.new(5021.607,869.511,-2162.028,0.171,-0.000,-0.985,0.000,1.000,-0.000,0.985,0.000,0.171),s="Running",v=Vector3.new(57.499,-8.507,5.913)},
        {t=0.312,cf=CFrame.new(5021.850,869.472,-2162.005,0.155,-0.000,-0.988,0.000,1.000,-0.000,0.988,0.000,0.155),s="Running",v=Vector3.new(57.391,-9.475,8.110)},
        {t=0.316,cf=CFrame.new(5022.098,869.427,-2161.972,0.140,-0.000,-0.990,0.000,1.000,-0.000,0.990,0.000,0.140),s="Running",v=Vector3.new(57.050,-10.913,10.713)},
        {t=0.321,cf=CFrame.new(5022.360,869.374,-2161.927,0.116,-0.000,-0.993,0.000,1.000,-0.000,0.993,0.000,0.116),s="Running",v=Vector3.new(56.638,-2.933,12.810)},
        {t=0.325,cf=CFrame.new(5022.794,869.331,-2161.834,0.094,-0.000,-0.996,0.000,1.000,-0.000,0.996,0.000,0.094),s="Running",v=Vector3.new(54.712,-1.286,14.716)},
        {t=0.328,cf=CFrame.new(5022.825,869.327,-2161.829,0.077,-0.000,-0.997,0.000,1.000,-0.000,0.997,0.000,0.077),s="Running",v=Vector3.new(56.533,-0.321,17.291)},
        {t=0.332,cf=CFrame.new(5023.068,869.312,-2161.761,0.053,-0.000,-0.999,0.000,1.000,-0.000,0.999,0.000,0.053),s="Running",v=Vector3.new(55.462,-0.580,18.021)},
        {t=0.337,cf=CFrame.new(5023.313,869.293,-2161.688,0.024,-0.000,-1.000,0.000,1.000,-0.000,1.000,0.000,0.024),s="Running",v=Vector3.new(54.018,-0.567,21.277)},
        {t=0.342,cf=CFrame.new(5023.544,869.278,-2161.602,0.001,-0.000,-1.000,0.000,1.000,-0.000,1.000,0.000,0.001),s="Running",v=Vector3.new(52.806,-5.218,24.035)},
        {t=0.345,cf=CFrame.new(5023.765,869.247,-2161.507,-0.020,-0.000,-1.000,0.000,1.000,-0.000,1.000,0.000,-0.020),s="Running",v=Vector3.new(51.838,-3.928,26.088)},
        {t=0.349,cf=CFrame.new(5023.984,869.222,-2161.403,-0.043,-0.000,-0.999,0.000,1.000,-0.000,0.999,0.000,-0.043),s="Running",v=Vector3.new(50.718,-2.049,28.207)},
        {t=0.354,cf=CFrame.new(5024.205,869.205,-2161.287,-0.072,-0.000,-0.997,0.000,1.000,-0.000,0.997,0.000,-0.072),s="Running",v=Vector3.new(49.089,-0.559,30.920)},
        {t=0.359,cf=CFrame.new(5024.415,869.195,-2161.162,-0.098,-0.000,-0.995,0.000,1.000,-0.000,0.995,0.000,-0.098),s="Running",v=Vector3.new(47.623,0.250,33.146)},
        {t=0.364,cf=CFrame.new(5024.781,869.183,-2160.917,-0.129,-0.000,-0.992,0.000,1.000,-0.000,0.992,0.000,-0.129),s="Running",v=Vector3.new(44.672,0.481,34.783)},
        {t=0.369,cf=CFrame.new(5024.980,869.179,-2160.770,-0.161,-0.000,-0.987,0.000,1.000,-0.000,0.987,0.000,-0.161),s="Running",v=Vector3.new(43.519,0.792,37.871)},
        {t=0.374,cf=CFrame.new(5025.177,869.176,-2160.608,-0.194,-0.000,-0.981,0.000,1.000,-0.000,0.981,0.000,-0.194),s="Running",v=Vector3.new(41.574,0.797,40.366)},
        {t=0.379,cf=CFrame.new(5025.368,869.173,-2160.434,-0.228,-0.000,-0.974,0.000,1.000,-0.000,0.974,0.000,-0.228),s="Running",v=Vector3.new(39.543,0.708,42.460)},
        {t=0.384,cf=CFrame.new(5025.548,869.171,-2160.254,-0.262,-0.000,-0.965,0.000,1.000,-0.000,0.965,0.000,-0.262),s="Running",v=Vector3.new(37.814,0.634,44.003)},
        {t=0.388,cf=CFrame.new(5025.840,869.165,-2159.927,-0.293,-0.000,-0.956,0.000,1.000,-0.000,0.956,0.000,-0.293),s="Running",v=Vector3.new(34.702,0.319,44.745)},
        {t=0.393,cf=CFrame.new(5025.993,869.161,-2159.744,-0.322,-0.000,-0.947,0.000,1.000,-0.000,0.947,0.000,-0.322),s="Running",v=Vector3.new(33.760,0.365,46.808)},
        {t=0.397,cf=CFrame.new(5026.140,869.159,-2159.553,-0.348,-0.000,-0.938,0.000,1.000,-0.000,0.938,0.000,-0.348),s="Running",v=Vector3.new(32.755,0.315,47.864)},
        {t=0.401,cf=CFrame.new(5026.284,869.156,-2159.357,-0.375,-0.000,-0.927,0.000,1.000,-0.000,0.927,0.000,-0.375),s="Running",v=Vector3.new(31.516,0.242,48.775)},
        {t=0.406,cf=CFrame.new(5026.424,869.153,-2159.156,-0.401,-0.000,-0.916,0.000,1.000,-0.000,0.916,0.000,-0.401),s="Running",v=Vector3.new(30.377,0.170,49.519)},
        {t=0.410,cf=CFrame.new(5026.556,869.154,-2158.955,-0.424,-0.000,-0.906,0.000,1.000,-0.000,0.906,0.000,-0.424),s="Running",v=Vector3.new(29.486,0.311,50.063)},
        {t=0.415,cf=CFrame.new(5026.696,869.154,-2158.738,-0.458,-0.000,-0.889,0.000,1.000,-0.000,0.889,0.000,-0.458),s="Running",v=Vector3.new(28.127,0.274,50.838)},
        {t=0.420,cf=CFrame.new(5026.826,869.154,-2158.521,-0.485,-0.000,-0.875,0.000,1.000,-0.000,0.875,0.000,-0.485),s="Running",v=Vector3.new(27.052,0.233,51.424)},
        {t=0.424,cf=CFrame.new(5026.944,869.155,-2158.310,-0.504,-0.000,-0.864,0.000,1.000,-0.000,0.864,0.000,-0.504),s="Running",v=Vector3.new(26.459,0.205,51.739)},
        {t=0.428,cf=CFrame.new(5027.063,869.155,-2158.095,-0.526,0.000,-0.851,0.000,1.000,0.000,0.851,0.000,-0.526),s="Running",v=Vector3.new(25.783,0.174,52.082)},
        {t=0.432,cf=CFrame.new(5027.174,869.155,-2157.884,-0.542,0.000,-0.840,0.000,1.000,0.000,0.840,0.000,-0.542),s="Running",v=Vector3.new(25.218,0.154,52.359)},
        {t=0.436,cf=CFrame.new(5027.287,869.156,-2157.666,-0.561,0.000,-0.827,0.000,1.000,0.000,0.827,0.000,-0.561),s="Running",v=Vector3.new(24.741,0.129,52.590)},
        {t=0.440,cf=CFrame.new(5027.397,869.153,-2157.448,-0.580,0.000,-0.815,0.000,1.000,0.000,0.815,0.000,-0.580),s="Running",v=Vector3.new(24.334,-0.080,52.781)},
        {t=0.443,cf=CFrame.new(5027.501,869.153,-2157.236,-0.593,0.000,-0.805,0.000,1.000,0.000,0.805,0.000,-0.593),s="Running",v=Vector3.new(24.062,0.082,52.906)},
        {t=0.448,cf=CFrame.new(5027.613,869.153,-2157.010,-0.615,0.000,-0.789,0.000,1.000,0.000,0.789,0.000,-0.615),s="Running",v=Vector3.new(23.625,0.088,53.103)},
        {t=0.453,cf=CFrame.new(5027.722,869.153,-2156.783,-0.633,0.000,-0.774,0.000,1.000,0.000,0.774,0.000,-0.633),s="Running",v=Vector3.new(23.230,0.077,53.277)},
        {t=0.456,cf=CFrame.new(5027.823,869.154,-2156.563,-0.646,0.000,-0.763,0.000,1.000,0.000,0.763,0.000,-0.646),s="Running",v=Vector3.new(22.950,0.068,53.399)},
        {t=0.460,cf=CFrame.new(5027.925,869.154,-2156.342,-0.660,0.000,-0.751,0.000,1.000,0.000,0.751,0.000,-0.660),s="Running",v=Vector3.new(22.712,0.060,53.501)},
        {t=0.464,cf=CFrame.new(5028.023,869.154,-2156.125,-0.672,0.000,-0.741,0.000,1.000,0.000,0.741,0.000,-0.672),s="Running",v=Vector3.new(22.475,0.053,53.601)},
        {t=0.470,cf=CFrame.new(5028.131,869.154,-2155.888,-0.691,0.000,-0.723,0.000,1.000,0.000,0.723,0.000,-0.691),s="Running",v=Vector3.new(22.121,0.043,53.748)},
        {t=0.473,cf=CFrame.new(5028.229,869.154,-2155.664,-0.702,0.000,-0.712,0.000,1.000,0.000,0.712,0.000,-0.702),s="Running",v=Vector3.new(21.835,0.036,53.865)},
        {t=0.477,cf=CFrame.new(5028.323,869.154,-2155.443,-0.712,0.000,-0.702,0.000,1.000,0.000,0.702,0.000,-0.712),s="Running",v=Vector3.new(21.642,0.032,53.943)},
        {t=0.482,cf=CFrame.new(5028.422,869.155,-2155.212,-0.726,0.000,-0.688,0.000,1.000,0.000,0.688,0.000,-0.726),s="Running",v=Vector3.new(21.356,0.027,54.057)},
        {t=0.485,cf=CFrame.new(5028.514,869.155,-2154.991,-0.734,0.000,-0.679,0.000,1.000,0.000,0.679,0.000,-0.734),s="Running",v=Vector3.new(21.166,0.024,54.132)},
        {t=0.490,cf=CFrame.new(5028.610,869.155,-2154.762,-0.746,0.000,-0.666,0.000,1.000,0.000,0.666,0.000,-0.746),s="Running",v=Vector3.new(20.906,0.020,54.232)},
        {t=0.493,cf=CFrame.new(5028.700,869.155,-2154.540,-0.754,0.000,-0.657,0.000,1.000,0.000,0.657,0.000,-0.754),s="Running",v=Vector3.new(20.700,0.017,54.312)},
        {t=0.497,cf=CFrame.new(5028.793,869.155,-2154.309,-0.765,0.000,-0.644,0.000,1.000,0.000,0.644,0.000,-0.765),s="Running",v=Vector3.new(20.430,0.015,54.414)},
        {t=0.503,cf=CFrame.new(5028.889,869.155,-2154.071,-0.776,0.000,-0.631,0.000,1.000,0.000,0.631,0.000,-0.776),s="Running",v=Vector3.new(20.161,0.012,54.514)},
        {t=0.506,cf=CFrame.new(5028.976,869.155,-2153.845,-0.783,0.000,-0.622,0.000,1.000,0.000,0.622,0.000,-0.783),s="Running",v=Vector3.new(20.008,0.010,54.571)},
        {t=0.509,cf=CFrame.new(5029.062,869.155,-2153.620,-0.790,0.000,-0.613,0.000,1.000,0.000,0.613,0.000,-0.790),s="Running",v=Vector3.new(19.883,0.009,54.617)},
        {t=0.514,cf=CFrame.new(5029.153,869.155,-2153.384,-0.799,0.000,-0.601,0.000,1.000,0.000,0.601,0.000,-0.799),s="Running",v=Vector3.new(19.666,0.007,54.695)},
        {t=0.519,cf=CFrame.new(5029.241,869.155,-2153.152,-0.807,0.000,-0.590,0.000,1.000,0.000,0.590,0.000,-0.807),s="Running",v=Vector3.new(19.463,0.006,54.767)},
        {t=0.522,cf=CFrame.new(5029.324,869.155,-2152.928,-0.813,0.000,-0.582,0.000,1.000,0.000,0.582,0.000,-0.813),s="Running",v=Vector3.new(19.304,0.006,54.824)},
        {t=0.527,cf=CFrame.new(5029.415,869.155,-2152.687,-0.822,0.000,-0.570,0.000,1.000,0.000,0.570,0.000,-0.822),s="Running",v=Vector3.new(19.041,0.005,54.915)},
        {t=0.531,cf=CFrame.new(5029.497,869.155,-2152.459,-0.827,0.000,-0.562,0.000,1.000,0.000,0.562,0.000,-0.827),s="Running",v=Vector3.new(18.902,0.005,54.964)},
        {t=0.535,cf=CFrame.new(5029.580,869.155,-2152.230,-0.833,0.000,-0.554,0.000,1.000,0.000,0.554,0.000,-0.833),s="Running",v=Vector3.new(18.777,0.005,55.007)},
        {t=0.539,cf=CFrame.new(5029.665,869.155,-2151.991,-0.840,0.000,-0.543,0.000,1.000,0.000,0.543,0.000,-0.840),s="Running",v=Vector3.new(18.521,0.005,55.093)},
        {t=0.543,cf=CFrame.new(5029.746,869.155,-2151.761,-0.845,0.000,-0.535,0.000,1.000,0.000,0.535,0.000,-0.845),s="Running",v=Vector3.new(18.292,0.005,55.169)},
        {t=0.547,cf=CFrame.new(5029.827,869.155,-2151.527,-0.851,0.000,-0.526,0.000,1.000,0.000,0.526,0.000,-0.851),s="Running",v=Vector3.new(18.119,0.005,55.226)},
        {t=0.551,cf=CFrame.new(5029.905,869.155,-2151.299,-0.855,0.000,-0.518,0.000,1.000,0.000,0.518,0.000,-0.855),s="Running",v=Vector3.new(17.938,0.005,55.285)},
        {t=0.556,cf=CFrame.new(5029.987,869.155,-2151.057,-0.861,0.000,-0.508,0.000,1.000,0.000,0.508,0.000,-0.861),s="Running",v=Vector3.new(17.644,0.005,55.379)},
        {t=0.559,cf=CFrame.new(5029.996,869.155,-2151.036,-0.865,0.000,-0.502,0.000,1.000,0.000,0.502,0.000,-0.865),s="Running",v=Vector3.new(17.811,0.005,56.802)},
        {t=0.565,cf=CFrame.new(5030.140,869.155,-2150.591,-0.872,0.000,-0.489,0.000,1.000,0.000,0.489,0.000,-0.872),s="Running",v=Vector3.new(16.599,0.005,54.598)},
        {t=0.569,cf=CFrame.new(5030.214,869.155,-2150.359,-0.877,0.000,-0.480,0.000,1.000,0.000,0.480,0.000,-0.877),s="Running",v=Vector3.new(16.283,0.005,55.517)},
        {t=0.572,cf=CFrame.new(5030.284,869.155,-2150.128,-0.881,0.000,-0.473,0.000,1.000,0.000,0.473,0.000,-0.881),s="Running",v=Vector3.new(15.738,0.005,55.878)},
        {t=0.577,cf=CFrame.new(5030.356,869.155,-2149.882,-0.886,0.000,-0.464,0.000,1.000,0.000,0.464,0.000,-0.886),s="Running",v=Vector3.new(15.112,0.005,56.103)},
        {t=0.580,cf=CFrame.new(5030.366,869.155,-2149.854,-0.889,0.000,-0.457,0.000,1.000,0.000,0.457,0.000,-0.889),s="Running",v=Vector3.new(15.078,0.005,57.582)},
        {t=0.586,cf=CFrame.new(5030.492,869.155,-2149.391,-0.897,0.000,-0.443,0.000,1.000,0.000,0.443,0.000,-0.897),s="Running",v=Vector3.new(13.701,0.005,55.392)},
        {t=0.590,cf=CFrame.new(5030.551,869.155,-2149.160,-0.900,0.000,-0.436,0.000,1.000,0.000,0.436,0.000,-0.900),s="Running",v=Vector3.new(13.348,0.005,56.292)},
        {t=0.593,cf=CFrame.new(5030.609,869.155,-2148.927,-0.904,0.000,-0.428,0.000,1.000,0.000,0.428,0.000,-0.904),s="Running",v=Vector3.new(12.854,0.005,56.611)},
        {t=0.598,cf=CFrame.new(5030.670,869.155,-2148.677,-0.909,0.000,-0.417,0.000,1.000,0.000,0.417,0.000,-0.909),s="Running",v=Vector3.new(12.065,0.005,56.834)},
        {t=0.603,cf=CFrame.new(5030.726,869.155,-2148.431,-0.914,0.000,-0.407,0.000,1.000,0.000,0.407,0.000,-0.914),s="Running",v=Vector3.new(11.322,0.005,56.999)},
        {t=0.606,cf=CFrame.new(5030.776,869.155,-2148.191,-0.917,0.000,-0.399,0.000,1.000,0.000,0.399,0.000,-0.917),s="Running",v=Vector3.new(10.709,0.005,57.121)},
        {t=0.609,cf=CFrame.new(5030.784,869.155,-2148.167,-0.920,0.000,-0.392,0.000,1.000,0.000,0.392,0.000,-0.920),s="Running",v=Vector3.new(10.552,0.005,58.583)},
        {t=0.615,cf=CFrame.new(5030.873,869.155,-2147.701,-0.926,0.000,-0.378,0.000,1.000,0.000,0.378,0.000,-0.926),s="Running",v=Vector3.new(9.352,0.005,56.291)},
        {t=0.619,cf=CFrame.new(5030.917,869.155,-2147.462,-0.929,0.000,-0.369,0.000,1.000,0.000,0.369,0.000,-0.929),s="Running",v=Vector3.new(8.992,0.005,57.153)},
        {t=0.622,cf=CFrame.new(5030.957,869.155,-2147.226,-0.932,0.000,-0.362,0.000,1.000,0.000,0.362,0.000,-0.932),s="Running",v=Vector3.new(8.655,0.005,57.406)},
        {t=0.627,cf=CFrame.new(5030.999,869.155,-2146.975,-0.937,0.000,-0.350,0.000,1.000,0.000,0.350,0.000,-0.937),s="Running",v=Vector3.new(8.128,0.005,57.532)},
        {t=0.631,cf=CFrame.new(5031.036,869.155,-2146.737,-0.939,0.000,-0.343,0.000,1.000,0.000,0.343,0.000,-0.939),s="Running",v=Vector3.new(7.727,0.005,57.600)},
        {t=0.636,cf=CFrame.new(5031.075,869.155,-2146.481,-0.944,0.000,-0.331,0.000,1.000,0.000,0.331,0.000,-0.944),s="Running",v=Vector3.new(7.206,0.005,57.671)},
        {t=0.639,cf=CFrame.new(5031.108,869.155,-2146.242,-0.946,0.000,-0.324,0.000,1.000,0.000,0.324,0.000,-0.946),s="Running",v=Vector3.new(6.843,0.005,57.717)},
        {t=0.644,cf=CFrame.new(5031.142,869.155,-2145.990,-0.949,0.000,-0.315,0.000,1.000,0.000,0.315,0.000,-0.949),s="Running",v=Vector3.new(6.422,0.005,57.766)},
        {t=0.646,cf=CFrame.new(5031.147,869.155,-2145.963,-0.951,0.000,-0.309,0.000,1.000,0.000,0.309,0.000,-0.951),s="Running",v=Vector3.new(6.326,0.005,59.193)},
        {t=0.652,cf=CFrame.new(5031.202,869.155,-2145.493,-0.955,0.000,-0.298,0.000,1.000,0.000,0.298,0.000,-0.955),s="Running",v=Vector3.new(5.733,0.005,56.778)},
        {t=0.655,cf=CFrame.new(5031.229,869.155,-2145.251,-0.957,0.000,-0.291,0.000,1.000,0.000,0.291,0.000,-0.957),s="Running",v=Vector3.new(5.543,0.005,57.592)},
        {t=0.661,cf=CFrame.new(5031.259,869.155,-2144.989,-0.960,0.000,-0.280,0.000,1.000,0.000,0.280,0.000,-0.960),s="Running",v=Vector3.new(5.269,0.005,57.817)},
        {t=0.664,cf=CFrame.new(5031.284,869.155,-2144.742,-0.962,0.000,-0.274,0.000,1.000,0.000,0.274,0.000,-0.962),s="Running",v=Vector3.new(5.084,0.005,57.883)},
        {t=0.668,cf=CFrame.new(5031.309,869.155,-2144.499,-0.964,0.000,-0.267,0.000,1.000,0.000,0.267,0.000,-0.964),s="Running",v=Vector3.new(5.000,0.005,57.904)},
        {t=0.672,cf=CFrame.new(5031.333,869.155,-2144.254,-0.966,0.000,-0.260,0.000,1.000,0.000,0.260,0.000,-0.966),s="Running",v=Vector3.new(4.864,0.005,57.918)},
        {t=0.678,cf=CFrame.new(5031.359,869.155,-2143.991,-0.968,0.000,-0.250,0.000,1.000,0.000,0.250,0.000,-0.968),s="Running",v=Vector3.new(4.694,0.005,57.933)},
        {t=0.681,cf=CFrame.new(5031.382,869.155,-2143.747,-0.970,0.000,-0.244,0.000,1.000,0.000,0.244,0.000,-0.970),s="Running",v=Vector3.new(4.625,0.005,57.939)},
        {t=0.685,cf=CFrame.new(5031.404,869.155,-2143.503,-0.971,0.000,-0.237,0.000,1.000,0.000,0.237,0.000,-0.971),s="Running",v=Vector3.new(4.562,0.005,57.944)},
        {t=0.689,cf=CFrame.new(5031.426,869.155,-2143.261,-0.973,0.000,-0.232,0.000,1.000,0.000,0.232,0.000,-0.973),s="Running",v=Vector3.new(4.519,0.005,57.948)},
        {t=0.695,cf=CFrame.new(5031.451,869.155,-2142.994,-0.975,0.000,-0.223,0.000,1.000,0.000,0.223,0.000,-0.975),s="Running",v=Vector3.new(4.494,0.005,57.949)},
        {t=0.699,cf=CFrame.new(5031.473,869.155,-2142.740,-0.976,0.000,-0.217,0.000,1.000,0.000,0.217,0.000,-0.976),s="Running",v=Vector3.new(4.486,0.005,57.950)},
        {t=0.703,cf=CFrame.new(5031.495,869.155,-2142.491,-0.977,0.000,-0.211,0.000,1.000,0.000,0.211,0.000,-0.977),s="Running",v=Vector3.new(4.484,0.005,57.950)},
        {t=0.707,cf=CFrame.new(5031.516,869.155,-2142.244,-0.978,0.000,-0.206,0.000,1.000,0.000,0.206,0.000,-0.978),s="Running",v=Vector3.new(4.483,0.005,57.950)},
        {t=0.711,cf=CFrame.new(5031.538,869.155,-2141.991,-0.980,0.000,-0.201,0.000,1.000,0.000,0.201,0.000,-0.980),s="Running",v=Vector3.new(4.483,0.005,57.950)},
        {t=0.715,cf=CFrame.new(5031.559,869.155,-2141.747,-0.980,0.000,-0.197,0.000,1.000,0.000,0.197,0.000,-0.980),s="Running",v=Vector3.new(4.482,0.005,57.950)},
        {t=0.720,cf=CFrame.new(5031.582,869.155,-2141.493,-0.982,0.000,-0.191,0.000,1.000,0.000,0.191,0.000,-0.982),s="Running",v=Vector3.new(4.482,0.005,57.950)},
        {t=0.724,cf=CFrame.new(5031.603,869.155,-2141.245,-0.982,0.000,-0.187,0.000,1.000,0.000,0.187,0.000,-0.982),s="Running",v=Vector3.new(4.482,0.005,57.950)},
        {t=0.727,cf=CFrame.new(5031.624,869.155,-2141.002,-0.983,0.000,-0.183,0.000,1.000,0.000,0.183,0.000,-0.983),s="Running",v=Vector3.new(4.482,0.005,57.950)},
        {t=0.731,cf=CFrame.new(5031.645,869.155,-2140.756,-0.984,0.000,-0.179,0.000,1.000,0.000,0.179,0.000,-0.984),s="Running",v=Vector3.new(4.477,0.005,57.951)},
        {t=0.736,cf=CFrame.new(5031.666,869.155,-2140.504,-0.985,0.000,-0.174,0.000,1.000,0.000,0.174,0.000,-0.985),s="Running",v=Vector3.new(4.426,0.005,57.955)},
        {t=0.739,cf=CFrame.new(5031.686,869.155,-2140.260,-0.985,0.000,-0.171,0.000,1.000,0.000,0.171,0.000,-0.985),s="Running",v=Vector3.new(4.401,0.005,57.957)},
        {t=0.743,cf=CFrame.new(5031.707,869.155,-2140.013,-0.986,0.000,-0.167,0.000,1.000,0.000,0.167,0.000,-0.986),s="Running",v=Vector3.new(4.390,0.005,57.957)},
        {t=0.749,cf=CFrame.new(5031.729,869.155,-2139.750,-0.987,0.000,-0.162,0.000,1.000,0.000,0.162,0.000,-0.987),s="Running",v=Vector3.new(4.384,0.005,57.958)},
        {t=0.752,cf=CFrame.new(5031.749,869.155,-2139.504,-0.987,0.000,-0.159,0.000,1.000,0.000,0.159,0.000,-0.987),s="Running",v=Vector3.new(4.382,0.005,57.958)},
        {t=0.756,cf=CFrame.new(5031.768,869.155,-2139.264,-0.988,0.000,-0.156,0.000,1.000,0.000,0.156,0.000,-0.988),s="Running",v=Vector3.new(4.382,0.005,57.958)},
        {t=0.761,cf=CFrame.new(5031.789,869.155,-2139.009,-0.988,0.000,-0.152,0.000,1.000,0.000,0.152,0.000,-0.988),s="Running",v=Vector3.new(4.381,0.005,57.958)},
        {t=0.764,cf=CFrame.new(5031.808,869.155,-2138.770,-0.989,0.000,-0.150,0.000,1.000,0.000,0.150,0.000,-0.989),s="Running",v=Vector3.new(4.381,0.005,57.958)},
        {t=0.769,cf=CFrame.new(5031.829,869.155,-2138.519,-0.989,0.000,-0.147,0.000,1.000,0.000,0.147,0.000,-0.989),s="Running",v=Vector3.new(4.381,0.005,57.958)},
        {t=0.772,cf=CFrame.new(5031.848,869.155,-2138.274,-0.990,0.000,-0.144,0.000,1.000,0.000,0.144,0.000,-0.990),s="Running",v=Vector3.new(4.381,0.005,57.958)},
        {t=0.777,cf=CFrame.new(5031.869,869.155,-2138.019,-0.990,0.000,-0.141,0.000,1.000,0.000,0.141,0.000,-0.990),s="Running",v=Vector3.new(4.328,0.005,57.962)},
        {t=0.781,cf=CFrame.new(5031.887,869.155,-2137.778,-0.990,0.000,-0.138,0.000,1.000,0.000,0.138,0.000,-0.990),s="Running",v=Vector3.new(4.304,0.005,57.964)},
        {t=0.787,cf=CFrame.new(5031.909,869.155,-2137.510,-0.991,0.000,-0.134,0.000,1.000,0.000,0.134,0.000,-0.991),s="Running",v=Vector3.new(4.066,0.005,57.980)},
        {t=0.791,cf=CFrame.new(5031.927,869.155,-2137.261,-0.991,0.000,-0.131,0.000,1.000,0.000,0.131,0.000,-0.991),s="Running",v=Vector3.new(3.825,0.005,57.997)},
        {t=0.795,cf=CFrame.new(5031.944,869.155,-2137.013,-0.992,0.000,-0.128,0.000,1.000,0.000,0.128,0.000,-0.992),s="Running",v=Vector3.new(3.685,0.005,58.006)},
        {t=0.799,cf=CFrame.new(5031.960,869.155,-2136.766,-0.992,0.000,-0.126,0.000,1.000,0.000,0.126,0.000,-0.992),s="Running",v=Vector3.new(3.565,0.005,58.014)},
        {t=0.802,cf=CFrame.new(5031.977,869.155,-2136.519,-0.992,0.000,-0.123,0.000,1.000,0.000,0.123,0.000,-0.992),s="Running",v=Vector3.new(3.509,0.005,58.017)},
        {t=0.806,cf=CFrame.new(5031.992,869.155,-2136.276,-0.993,0.000,-0.121,0.000,1.000,0.000,0.121,0.000,-0.993),s="Running",v=Vector3.new(3.487,0.005,58.019)},
        {t=0.812,cf=CFrame.new(5032.010,869.155,-2136.008,-0.993,0.000,-0.117,0.000,1.000,0.000,0.117,0.000,-0.993),s="Running",v=Vector3.new(3.476,0.005,58.019)},
        {t=0.816,cf=CFrame.new(5032.026,869.155,-2135.758,-0.993,0.000,-0.115,0.000,1.000,0.000,0.115,0.000,-0.993),s="Running",v=Vector3.new(3.472,0.005,58.020)},
        {t=0.821,cf=CFrame.new(5032.043,869.155,-2135.496,-0.994,0.000,-0.112,0.000,1.000,0.000,0.112,0.000,-0.994),s="Running",v=Vector3.new(3.470,0.005,58.020)},
        {t=0.824,cf=CFrame.new(5032.058,869.155,-2135.255,-0.994,0.000,-0.111,0.000,1.000,0.000,0.111,0.000,-0.994),s="Running",v=Vector3.new(3.470,0.005,58.020)},
        {t=0.828,cf=CFrame.new(5032.074,869.155,-2135.011,-0.994,0.000,-0.109,0.000,1.000,0.000,0.109,0.000,-0.994),s="Running",v=Vector3.new(3.470,0.005,58.020)},
        {t=0.831,cf=CFrame.new(5032.089,869.155,-2134.767,-0.994,0.000,-0.107,0.000,1.000,0.000,0.107,0.000,-0.994),s="Running",v=Vector3.new(3.470,0.005,58.020)},
        {t=0.834,cf=CFrame.new(5032.104,869.155,-2134.527,-0.994,0.000,-0.106,0.000,1.000,0.000,0.106,0.000,-0.994),s="Running",v=Vector3.new(3.470,0.005,58.020)},
        {t=0.839,cf=CFrame.new(5032.121,869.155,-2134.276,-0.995,0.000,-0.104,0.000,1.000,0.000,0.104,0.000,-0.995),s="Running",v=Vector3.new(3.470,0.005,58.020)},
        {t=0.844,cf=CFrame.new(5032.137,869.155,-2134.021,-0.995,0.000,-0.102,0.000,1.000,0.000,0.102,0.000,-0.995),s="Running",v=Vector3.new(3.470,0.005,58.020)},
        {t=0.847,cf=CFrame.new(5032.152,869.155,-2133.781,-0.995,0.000,-0.100,0.000,1.000,0.000,0.100,0.000,-0.995),s="Running",v=Vector3.new(3.469,0.005,58.020)},
        {t=0.852,cf=CFrame.new(5032.169,869.155,-2133.521,-0.995,0.000,-0.098,0.000,1.000,0.000,0.098,0.000,-0.995),s="Running",v=Vector3.new(3.469,0.005,58.020)},
        {t=0.855,cf=CFrame.new(5032.170,869.155,-2133.500,-0.995,0.000,-0.097,0.000,1.000,0.000,0.097,0.000,-0.995),s="Running",v=Vector3.new(3.554,0.005,59.425)},
        {t=0.861,cf=CFrame.new(5032.199,869.155,-2133.032,-0.995,0.000,-0.095,0.000,1.000,0.000,0.095,0.000,-0.995),s="Running",v=Vector3.new(3.406,0.005,56.966)},
        {t=0.863,cf=CFrame.new(5032.201,869.155,-2133.011,-0.996,0.000,-0.094,0.000,1.000,0.000,0.094,0.000,-0.996),s="Running",v=Vector3.new(3.538,0.005,59.161)},
        {t=0.869,cf=CFrame.new(5032.230,869.155,-2132.538,-0.996,0.000,-0.092,0.000,1.000,0.000,0.092,0.000,-0.996),s="Running",v=Vector3.new(3.403,0.005,56.900)},
        {t=0.872,cf=CFrame.new(5032.232,869.155,-2132.515,-0.996,0.000,-0.091,0.000,1.000,0.000,0.091,0.000,-0.996),s="Running",v=Vector3.new(3.537,0.005,59.145)},
        {t=0.876,cf=CFrame.new(5032.248,869.155,-2132.253,-0.996,0.000,-0.090,0.000,1.000,0.000,0.090,0.000,-0.996),s="Running",v=Vector3.new(3.486,0.005,58.301)},
        {t=0.881,cf=CFrame.new(5032.276,869.155,-2131.803,-0.996,0.000,-0.089,0.000,1.000,0.000,0.089,0.000,-0.996),s="Running",v=Vector3.new(3.390,0.005,56.685)},
        {t=0.885,cf=CFrame.new(5032.291,869.155,-2131.561,-0.996,0.000,-0.088,0.000,1.000,0.000,0.088,0.000,-0.996),s="Running",v=Vector3.new(3.450,0.005,57.686)},
        {t=0.890,cf=CFrame.new(5032.307,869.155,-2131.304,-0.996,0.000,-0.086,0.000,1.000,0.000,0.086,0.000,-0.996),s="Running",v=Vector3.new(3.465,0.005,57.936)},
        {t=0.892,cf=CFrame.new(5032.309,869.155,-2131.284,-0.996,0.000,-0.086,0.000,1.000,0.000,0.086,0.000,-0.996),s="Running",v=Vector3.new(3.552,0.005,59.404)},
        {t=0.897,cf=CFrame.new(5032.325,869.155,-2131.018,-0.996,0.000,-0.084,0.000,1.000,0.000,0.084,0.000,-0.996),s="Running",v=Vector3.new(3.490,0.005,58.366)},
        {t=0.902,cf=CFrame.new(5032.354,869.155,-2130.558,-0.997,0.000,-0.083,0.000,1.000,0.000,0.083,0.000,-0.997),s="Running",v=Vector3.new(3.391,0.005,56.701)},
        {t=0.906,cf=CFrame.new(5032.368,869.155,-2130.321,-0.997,0.000,-0.082,0.000,1.000,0.000,0.082,0.000,-0.997),s="Running",v=Vector3.new(3.450,0.005,57.690)},
        {t=0.911,cf=CFrame.new(5032.384,869.155,-2130.065,-0.997,0.000,-0.081,0.000,1.000,0.000,0.081,0.000,-0.997),s="Running",v=Vector3.new(3.465,0.005,57.937)},
        {t=0.913,cf=CFrame.new(5032.386,869.155,-2130.044,-0.997,0.000,-0.081,0.000,1.000,0.000,0.081,0.000,-0.997),s="Running",v=Vector3.new(3.552,0.005,59.404)},
        {t=0.919,cf=CFrame.new(5032.415,869.155,-2129.572,-0.997,0.000,-0.079,0.000,1.000,0.000,0.079,0.000,-0.997),s="Running",v=Vector3.new(3.406,0.005,56.961)},
        {t=0.922,cf=CFrame.new(5032.417,869.155,-2129.548,-0.997,0.000,-0.079,0.000,1.000,0.000,0.079,0.000,-0.997),s="Running",v=Vector3.new(3.538,0.005,59.160)},
        {t=0.928,cf=CFrame.new(5032.445,869.155,-2129.078,-0.997,0.000,-0.078,0.000,1.000,0.000,0.078,0.000,-0.997),s="Running",v=Vector3.new(3.403,0.005,56.900)},
        {t=0.931,cf=CFrame.new(5032.459,869.155,-2128.839,-0.997,0.000,-0.077,0.000,1.000,0.000,0.077,0.000,-0.997),s="Running",v=Vector3.new(3.453,0.005,57.740)},
        {t=0.936,cf=CFrame.new(5032.476,869.155,-2128.577,-0.997,0.000,-0.076,0.000,1.000,0.000,0.076,0.000,-0.997),s="Running",v=Vector3.new(3.465,0.005,57.950)},
        {t=0.939,cf=CFrame.new(5032.491,869.155,-2128.334,-0.997,0.000,-0.076,0.000,1.000,0.000,0.076,0.000,-0.997),s="Running",v=Vector3.new(3.468,0.005,58.002)},
        {t=0.942,cf=CFrame.new(5032.493,869.155,-2128.312,-0.997,0.000,-0.075,0.000,1.000,0.000,0.075,0.000,-0.997),s="Running",v=Vector3.new(3.553,0.005,59.420)},
        {t=0.948,cf=CFrame.new(5032.521,869.155,-2127.841,-0.997,0.000,-0.075,0.000,1.000,0.000,0.075,0.000,-0.997),s="Running",v=Vector3.new(3.406,0.005,56.965)},
        {t=0.952,cf=CFrame.new(5032.536,869.155,-2127.597,-0.997,0.000,-0.074,0.000,1.000,0.000,0.074,0.000,-0.997),s="Running",v=Vector3.new(3.454,0.005,57.756)},
        {t=0.956,cf=CFrame.new(5032.552,869.155,-2127.349,-0.997,0.000,-0.073,0.000,1.000,0.000,0.073,0.000,-0.997),s="Running",v=Vector3.new(3.466,0.005,57.954)},
        {t=0.960,cf=CFrame.new(5032.567,869.155,-2127.094,-0.997,0.000,-0.073,0.000,1.000,0.000,0.073,0.000,-0.997),s="Running",v=Vector3.new(3.469,0.005,58.003)},
        {t=0.964,cf=CFrame.new(5032.583,869.155,-2126.849,-0.997,0.000,-0.072,0.000,1.000,0.000,0.072,0.000,-0.997),s="Running",v=Vector3.new(3.469,0.005,58.016)},
        {t=0.970,cf=CFrame.new(5032.599,869.155,-2126.583,-0.997,0.000,-0.072,0.000,1.000,0.000,0.072,0.000,-0.997),s="Running",v=Vector3.new(3.469,0.005,58.019)},
        {t=0.973,cf=CFrame.new(5032.614,869.155,-2126.335,-0.997,0.000,-0.071,0.000,1.000,0.000,0.071,0.000,-0.997),s="Running",v=Vector3.new(3.469,0.005,58.020)},
        {t=0.977,cf=CFrame.new(5032.629,869.155,-2126.091,-0.997,0.000,-0.071,0.000,1.000,0.000,0.071,0.000,-0.997),s="Running",v=Vector3.new(3.469,0.005,58.020)},
        {t=0.980,cf=CFrame.new(5032.645,869.155,-2125.848,-0.998,0.000,-0.070,0.000,1.000,0.000,0.070,0.000,-0.998),s="Running",v=Vector3.new(3.469,0.005,58.020)},
        {t=0.985,cf=CFrame.new(5032.661,869.155,-2125.585,-0.998,0.000,-0.070,0.000,1.000,0.000,0.070,0.000,-0.998),s="Running",v=Vector3.new(3.469,0.005,58.020)},
        {t=0.989,cf=CFrame.new(5032.676,869.155,-2125.340,-0.998,0.000,-0.070,0.000,1.000,0.000,0.070,0.000,-0.998),s="Running",v=Vector3.new(3.469,0.005,58.020)},
        {t=0.993,cf=CFrame.new(5032.691,869.155,-2125.093,-0.998,0.000,-0.069,0.000,1.000,0.000,0.069,0.000,-0.998),s="Running",v=Vector3.new(3.469,0.005,58.020)},
        {t=0.998,cf=CFrame.new(5032.707,869.155,-2124.830,-0.998,0.000,-0.069,0.000,1.000,0.000,0.069,0.000,-0.998),s="Running",v=Vector3.new(3.469,0.005,58.020)},
        {t=1.003,cf=CFrame.new(5032.723,869.155,-2124.575,-0.998,0.000,-0.068,0.000,1.000,0.000,0.068,0.000,-0.998),s="Running",v=Vector3.new(3.469,0.005,58.020)},
        {t=1.006,cf=CFrame.new(5032.738,869.155,-2124.330,-0.998,0.000,-0.068,0.000,1.000,0.000,0.068,0.000,-0.998),s="Running",v=Vector3.new(3.469,0.005,58.020)},
        {t=1.010,cf=CFrame.new(5032.753,869.155,-2124.083,-0.998,0.000,-0.068,0.000,1.000,0.000,0.068,0.000,-0.998),s="Running",v=Vector3.new(3.469,0.005,58.020)},
        {t=1.014,cf=CFrame.new(5032.768,869.155,-2123.840,-0.998,0.000,-0.067,0.000,1.000,0.000,0.067,0.000,-0.998),s="Running",v=Vector3.new(3.469,0.005,58.020)},
        {t=1.020,cf=CFrame.new(5032.785,869.155,-2123.571,-0.998,0.000,-0.067,0.000,1.000,0.000,0.067,0.000,-0.998),s="Running",v=Vector3.new(3.469,0.005,58.020)},
        {t=1.024,cf=CFrame.new(5032.800,869.155,-2123.324,-0.998,0.000,-0.067,0.000,1.000,0.000,0.067,0.000,-0.998),s="Running",v=Vector3.new(3.469,0.005,58.020)},
        {t=1.028,cf=CFrame.new(5032.815,869.155,-2123.074,-0.998,0.000,-0.066,0.000,1.000,0.000,0.066,0.000,-0.998),s="Running",v=Vector3.new(3.469,0.005,58.020)},
        {t=1.031,cf=CFrame.new(5032.830,869.155,-2122.827,-0.998,0.000,-0.066,0.000,1.000,0.000,0.066,0.000,-0.998),s="Running",v=Vector3.new(3.469,0.005,58.020)},
