-- CFrame Auto Walk Recording
-- Total Frames: 1627
-- Recorded HipHeight: 5.058475494384766

return {
    hipHeight = 5.058475494384766,
    frames = {
        {t=0.006,cf=CFrame.new(-225.376,424.208,-445.473,0.980,0.000,-0.201,0.000,1.000,0.000,0.201,0.000,0.980),s="Running",v=Vector3.new(0.000,0.002,0.000)},
        {t=0.011,cf=CFrame.new(-225.376,424.208,-445.473,0.980,0.000,-0.201,0.000,1.000,0.000,0.201,0.000,0.980),s="Running",v=Vector3.new(0.000,0.002,0.000)},
        {t=0.017,cf=CFrame.new(-225.376,424.208,-445.473,0.980,0.000,-0.201,0.000,1.000,0.000,0.201,0.000,0.980),s="Running",v=Vector3.new(0.000,0.002,0.000)},
        {t=0.021,cf=CFrame.new(-225.376,424.208,-445.473,0.980,0.000,-0.201,0.000,1.000,0.000,0.201,0.000,0.980),s="Running",v=Vector3.new(0.000,0.002,0.000)},
        {t=0.026,cf=CFrame.new(-225.376,424.208,-445.473,0.980,0.000,-0.201,0.000,1.000,0.000,0.201,0.000,0.980),s="Running",v=Vector3.new(0.000,0.002,0.000)},
        {t=0.032,cf=CFrame.new(-225.376,424.208,-445.473,0.980,0.000,-0.201,0.000,1.000,0.000,0.201,0.000,0.980),s="Running",v=Vector3.new(0.000,0.002,0.000)},
        {t=0.036,cf=CFrame.new(-225.376,424.208,-445.473,0.980,0.000,-0.201,0.000,1.000,0.000,0.201,0.000,0.980),s="Running",v=Vector3.new(0.000,0.002,0.000)},
        {t=0.040,cf=CFrame.new(-225.376,424.208,-445.473,0.980,0.000,-0.201,0.000,1.000,0.000,0.201,0.000,0.980),s="Running",v=Vector3.new(0.000,0.002,0.000)},
        {t=0.045,cf=CFrame.new(-225.376,424.208,-445.473,0.980,0.000,-0.201,0.000,1.000,0.000,0.201,0.000,0.980),s="Running",v=Vector3.new(0.000,0.002,0.000)},
        {t=0.050,cf=CFrame.new(-225.376,424.208,-445.473,0.980,0.000,-0.201,0.000,1.000,0.000,0.201,0.000,0.980),s="Running",v=Vector3.new(0.000,0.002,0.000)},
        {t=0.055,cf=CFrame.new(-225.376,424.208,-445.473,0.980,0.000,-0.201,0.000,1.000,0.000,0.201,0.000,0.980),s="Running",v=Vector3.new(0.000,0.002,0.000)},
        {t=0.059,cf=CFrame.new(-225.376,424.208,-445.473,0.980,0.000,-0.201,0.000,1.000,0.000,0.201,0.000,0.980),s="Running",v=Vector3.new(0.000,0.002,0.000)},
        {t=0.064,cf=CFrame.new(-225.376,424.208,-445.473,0.980,0.000,-0.201,0.000,1.000,0.000,0.201,0.000,0.980),s="Running",v=Vector3.new(0.000,0.002,0.000)},
        {t=0.069,cf=CFrame.new(-225.376,424.208,-445.473,0.980,0.000,-0.201,0.000,1.000,0.000,0.201,0.000,0.980),s="Running",v=Vector3.new(0.000,0.002,0.000)},
        {t=0.073,cf=CFrame.new(-225.376,424.208,-445.473,0.980,0.000,-0.201,0.000,1.000,0.000,0.201,0.000,0.980),s="Running",v=Vector3.new(0.000,0.002,0.000)},
        {t=0.077,cf=CFrame.new(-225.376,424.208,-445.473,0.980,0.000,-0.201,0.000,1.000,0.000,0.201,0.000,0.980),s="Running",v=Vector3.new(0.000,0.002,0.000)},
        {t=0.082,cf=CFrame.new(-225.376,424.208,-445.473,0.980,0.000,-0.201,0.000,1.000,0.000,0.201,0.000,0.980),s="Running",v=Vector3.new(0.000,0.002,0.000)},
        {t=0.086,cf=CFrame.new(-225.376,424.208,-445.473,0.980,0.000,-0.201,0.000,1.000,0.000,0.201,0.000,0.980),s="Running",v=Vector3.new(0.000,0.002,0.000)},
        {t=0.090,cf=CFrame.new(-225.376,424.208,-445.473,0.980,0.000,-0.201,0.000,1.000,0.000,0.201,0.000,0.980),s="Running",v=Vector3.new(0.000,0.002,0.000)},
        {t=0.094,cf=CFrame.new(-225.376,424.208,-445.473,0.980,0.000,-0.201,0.000,1.000,0.000,0.201,0.000,0.980),s="Running",v=Vector3.new(0.000,0.002,0.000)},
        {t=0.099,cf=CFrame.new(-225.376,424.208,-445.473,0.980,0.000,-0.201,0.000,1.000,0.000,0.201,0.000,0.980),s="Running",v=Vector3.new(0.000,0.002,0.000)},
        {t=0.103,cf=CFrame.new(-225.376,424.208,-445.473,0.980,0.000,-0.201,0.000,1.000,0.000,0.201,0.000,0.980),s="Running",v=Vector3.new(0.000,0.002,0.000)},
        {t=0.107,cf=CFrame.new(-225.376,424.208,-445.473,0.980,0.000,-0.201,0.000,1.000,0.000,0.201,0.000,0.980),s="Running",v=Vector3.new(0.000,0.002,0.000)},
        {t=0.111,cf=CFrame.new(-225.376,424.208,-445.473,0.980,0.000,-0.201,0.000,1.000,0.000,0.201,0.000,0.980),s="Running",v=Vector3.new(0.000,0.002,0.000)},
        {t=0.115,cf=CFrame.new(-225.376,424.208,-445.473,0.980,0.000,-0.201,0.000,1.000,0.000,0.201,0.000,0.980),s="Running",v=Vector3.new(0.000,0.002,0.000)},
        {t=0.120,cf=CFrame.new(-225.376,424.208,-445.473,0.980,0.000,-0.201,0.000,1.000,0.000,0.201,0.000,0.980),s="Running",v=Vector3.new(0.000,0.002,0.000)},
        {t=0.123,cf=CFrame.new(-225.376,424.208,-445.473,0.980,0.000,-0.201,0.000,1.000,0.000,0.201,0.000,0.980),s="Running",v=Vector3.new(0.000,0.002,0.000)},
        {t=0.128,cf=CFrame.new(-225.376,424.208,-445.473,0.980,0.000,-0.201,0.000,1.000,0.000,0.201,0.000,0.980),s="Running",v=Vector3.new(0.000,0.002,0.000)},
        {t=0.132,cf=CFrame.new(-225.376,424.208,-445.473,0.980,0.000,-0.201,0.000,1.000,0.000,0.201,0.000,0.980),s="Running",v=Vector3.new(0.000,0.002,0.000)},
        {t=0.136,cf=CFrame.new(-225.376,424.208,-445.473,0.980,0.000,-0.201,0.000,1.000,0.000,0.201,0.000,0.980),s="Running",v=Vector3.new(0.000,0.002,0.000)},
        {t=0.140,cf=CFrame.new(-225.376,424.208,-445.473,0.980,0.000,-0.201,0.000,1.000,0.000,0.201,0.000,0.980),s="Running",v=Vector3.new(0.000,0.002,0.000)},
        {t=0.145,cf=CFrame.new(-225.376,424.208,-445.473,0.980,0.000,-0.201,0.000,1.000,0.000,0.201,0.000,0.980),s="Running",v=Vector3.new(0.000,0.002,0.000)},
        {t=0.149,cf=CFrame.new(-225.376,424.208,-445.473,0.980,0.000,-0.201,0.000,1.000,0.000,0.201,0.000,0.980),s="Running",v=Vector3.new(0.000,0.002,0.000)},
        {t=0.153,cf=CFrame.new(-225.376,424.208,-445.473,0.980,0.000,-0.201,0.000,1.000,0.000,0.201,0.000,0.980),s="Running",v=Vector3.new(0.000,0.002,0.000)},
        {t=0.157,cf=CFrame.new(-225.376,424.208,-445.473,0.980,0.000,-0.201,0.000,1.000,0.000,0.201,0.000,0.980),s="Running",v=Vector3.new(0.000,0.002,0.000)},
        {t=0.161,cf=CFrame.new(-225.376,424.208,-445.473,0.980,0.000,-0.201,0.000,1.000,0.000,0.201,0.000,0.980),s="Running",v=Vector3.new(0.000,0.002,0.000)},
        {t=0.166,cf=CFrame.new(-225.376,424.208,-445.473,0.980,0.000,-0.201,0.000,1.000,0.000,0.201,0.000,0.980),s="Running",v=Vector3.new(0.000,0.002,0.000)},
        {t=0.170,cf=CFrame.new(-225.376,424.208,-445.473,0.980,0.000,-0.201,0.000,1.000,0.000,0.201,0.000,0.980),s="Running",v=Vector3.new(0.000,0.002,0.000)},
        {t=0.174,cf=CFrame.new(-225.376,424.208,-445.473,0.980,0.000,-0.201,0.000,1.000,0.000,0.201,0.000,0.980),s="Running",v=Vector3.new(0.000,0.002,0.000)},
        {t=0.178,cf=CFrame.new(-225.376,424.208,-445.473,0.980,0.000,-0.201,0.000,1.000,0.000,0.201,0.000,0.980),s="Running",v=Vector3.new(0.000,0.002,0.000)},
        {t=0.182,cf=CFrame.new(-225.376,424.208,-445.473,0.980,0.000,-0.201,0.000,1.000,0.000,0.201,0.000,0.980),s="Running",v=Vector3.new(0.000,0.002,0.000)},
        {t=0.186,cf=CFrame.new(-225.376,424.208,-445.473,0.980,0.000,-0.201,0.000,1.000,0.000,0.201,0.000,0.980),s="Running",v=Vector3.new(0.000,0.002,0.000)},
        {t=0.190,cf=CFrame.new(-225.376,424.208,-445.473,0.980,0.000,-0.201,0.000,1.000,0.000,0.201,0.000,0.980),s="Running",v=Vector3.new(0.000,0.002,0.000)},
        {t=0.194,cf=CFrame.new(-225.376,424.208,-445.473,0.980,0.000,-0.201,0.000,1.000,0.000,0.201,0.000,0.980),s="Running",v=Vector3.new(0.000,0.002,0.000)},
        {t=0.199,cf=CFrame.new(-225.376,424.208,-445.473,0.980,0.000,-0.201,0.000,1.000,0.000,0.201,0.000,0.980),s="Running",v=Vector3.new(0.000,0.002,0.000)},
        {t=0.204,cf=CFrame.new(-225.376,424.208,-445.473,0.980,-0.000,-0.201,0.000,1.000,-0.000,0.201,0.000,0.980),s="Running",v=Vector3.new(-0.000,0.002,0.000)},
        {t=0.209,cf=CFrame.new(-225.376,424.208,-445.473,0.980,-0.000,-0.201,0.000,1.000,-0.000,0.201,0.000,0.980),s="Running",v=Vector3.new(-0.000,0.002,0.000)},
        {t=0.213,cf=CFrame.new(-225.376,424.208,-445.473,0.980,-0.000,-0.201,0.000,1.000,-0.000,0.201,0.000,0.980),s="Running",v=Vector3.new(-0.000,0.002,0.000)},
        {t=0.218,cf=CFrame.new(-225.376,424.208,-445.473,0.980,-0.000,-0.201,0.000,1.000,-0.000,0.201,0.000,0.980),s="Running",v=Vector3.new(-0.000,0.002,0.000)},
        {t=0.222,cf=CFrame.new(-225.376,424.208,-445.473,0.980,-0.000,-0.201,0.000,1.000,-0.000,0.201,0.000,0.980),s="Running",v=Vector3.new(-0.000,0.002,0.000)},
        {t=0.226,cf=CFrame.new(-225.376,424.208,-445.473,0.980,-0.000,-0.201,0.000,1.000,-0.000,0.201,0.000,0.980),s="Running",v=Vector3.new(0.000,0.002,-0.000)},
        {t=0.232,cf=CFrame.new(-225.376,424.208,-445.474,0.980,-0.000,-0.201,0.000,1.000,-0.000,0.201,0.000,0.980),s="Running",v=Vector3.new(0.692,0.002,-3.368)},
        {t=0.237,cf=CFrame.new(-225.374,424.208,-445.483,0.980,-0.000,-0.201,0.000,1.000,-0.000,0.201,0.000,0.980),s="Running",v=Vector3.new(1.787,0.002,-8.699)},
        {t=0.242,cf=CFrame.new(-225.370,424.208,-445.504,0.980,-0.000,-0.201,0.000,1.000,-0.000,0.201,0.000,0.980),s="Running",v=Vector3.new(2.843,0.002,-13.840)},
        {t=0.247,cf=CFrame.new(-225.357,424.208,-445.567,0.980,-0.000,-0.201,0.000,1.000,-0.000,0.201,0.000,0.980),s="Running",v=Vector3.new(3.868,-0.647,-18.829)},
        {t=0.252,cf=CFrame.new(-225.343,424.206,-445.637,0.980,-0.000,-0.201,0.000,1.000,-0.000,0.201,0.000,0.980),s="Running",v=Vector3.new(5.352,-1.589,-26.049)},
        {t=0.257,cf=CFrame.new(-225.322,424.196,-445.739,0.980,-0.000,-0.201,0.000,1.000,-0.000,0.201,0.000,0.980),s="Running",v=Vector3.new(6.431,-2.658,-31.305)},
        {t=0.263,cf=CFrame.new(-225.294,424.180,-445.874,0.980,-0.000,-0.201,0.000,1.000,-0.000,0.201,0.000,0.980),s="Running",v=Vector3.new(7.595,-0.869,-36.970)},
        {t=0.268,cf=CFrame.new(-225.239,424.161,-446.143,0.980,-0.000,-0.201,0.000,1.000,-0.000,0.201,0.000,0.980),s="Running",v=Vector3.new(8.758,-0.626,-42.628)},
        {t=0.273,cf=CFrame.new(-225.200,424.153,-446.329,0.980,-0.000,-0.201,0.000,1.000,-0.000,0.201,0.000,0.980),s="Running",v=Vector3.new(10.325,-0.361,-50.256)},
        {t=0.279,cf=CFrame.new(-225.154,424.144,-446.556,0.980,-0.000,-0.201,0.000,1.000,-0.000,0.201,0.000,0.980),s="Running",v=Vector3.new(11.204,-0.295,-54.539)},
        {t=0.284,cf=CFrame.new(-225.105,424.136,-446.796,0.980,-0.000,-0.201,0.000,1.000,-0.000,0.201,0.000,0.980),s="Running",v=Vector3.new(11.450,-1.239,-56.187)},
        {t=0.290,cf=CFrame.new(-225.016,424.113,-447.229,0.980,-0.000,-0.199,0.000,1.000,-0.000,0.199,0.000,0.980),s="Running",v=Vector3.new(10.947,-0.854,-55.585)},
        {t=0.295,cf=CFrame.new(-224.969,424.105,-447.474,0.981,-0.000,-0.196,0.000,1.000,-0.000,0.196,0.000,0.981),s="Running",v=Vector3.new(10.304,-0.133,-56.909)},
        {t=0.301,cf=CFrame.new(-224.921,424.104,-447.738,0.982,-0.000,-0.191,0.000,1.000,-0.000,0.191,0.000,0.982),s="Running",v=Vector3.new(9.020,0.452,-57.442)},
        {t=0.307,cf=CFrame.new(-224.850,424.105,-448.191,0.983,-0.000,-0.183,0.000,1.000,-0.000,0.183,0.000,0.983),s="Running",v=Vector3.new(6.909,0.512,-56.488)},
        {t=0.312,cf=CFrame.new(-224.819,424.106,-448.444,0.985,-0.000,-0.171,0.000,1.000,-0.000,0.171,0.000,0.985),s="Running",v=Vector3.new(4.819,0.495,-57.687)},
        {t=0.317,cf=CFrame.new(-224.796,424.106,-448.704,0.988,-0.000,-0.156,0.000,1.000,-0.000,0.156,0.000,0.988),s="Running",v=Vector3.new(1.780,0.454,-58.017)},
        {t=0.324,cf=CFrame.new(-224.782,424.107,-449.174,0.991,-0.000,-0.131,0.000,1.000,-0.000,0.131,0.000,0.991),s="Running",v=Vector3.new(-4.003,0.354,-56.511)},
        {t=0.332,cf=CFrame.new(-224.813,424.108,-449.638,0.995,-0.000,-0.101,0.000,1.000,-0.000,0.101,0.000,0.995),s="Running",v=Vector3.new(-9.035,0.264,-55.724)},
        {t=0.339,cf=CFrame.new(-224.855,424.108,-449.911,0.998,-0.000,-0.067,0.000,1.000,-0.000,0.067,0.000,0.998),s="Running",v=Vector3.new(-14.714,0.219,-55.722)},
        {t=0.345,cf=CFrame.new(-224.970,424.106,-450.365,0.999,-0.000,-0.033,0.000,1.000,-0.000,0.033,0.000,0.999),s="Running",v=Vector3.new(-20.171,-0.032,-52.894)},
        {t=0.352,cf=CFrame.new(-225.123,424.106,-450.793,1.000,0.000,0.009,0.000,1.000,0.000,-0.009,0.000,1.000),s="Running",v=Vector3.new(-24.174,0.131,-50.962)},
        {t=0.358,cf=CFrame.new(-225.229,424.106,-451.034,0.999,0.000,0.051,0.000,1.000,0.000,-0.051,0.000,0.999),s="Running",v=Vector3.new(-29.087,0.121,-49.744)},
        {t=0.365,cf=CFrame.new(-225.458,424.107,-451.444,0.995,0.000,0.100,0.000,1.000,0.000,-0.100,0.000,0.995),s="Running",v=Vector3.new(-33.568,0.092,-45.493)},
        {t=0.373,cf=CFrame.new(-225.727,424.107,-451.828,0.987,0.000,0.159,0.000,1.000,0.000,-0.159,0.000,0.987),s="Running",v=Vector3.new(-37.312,0.067,-42.325)},
        {t=0.380,cf=CFrame.new(-225.901,424.108,-452.043,0.977,0.000,0.212,0.000,1.000,0.000,-0.212,0.000,0.977),s="Running",v=Vector3.new(-41.391,0.054,-39.999)},
        {t=0.389,cf=CFrame.new(-226.368,424.108,-452.515,0.959,0.000,0.282,0.000,1.000,0.000,-0.282,0.000,0.959),s="Running",v=Vector3.new(-43.649,0.036,-34.017)},
        {t=0.399,cf=CFrame.new(-226.732,424.108,-452.819,0.935,0.000,0.356,0.000,1.000,0.000,-0.356,0.000,0.935),s="Running",v=Vector3.new(-47.342,0.027,-30.067)},
        {t=0.409,cf=CFrame.new(-227.141,424.108,-453.097,0.902,0.000,0.432,0.000,1.000,0.000,-0.432,0.000,0.902),s="Running",v=Vector3.new(-50.724,0.018,-24.332)},
        {t=0.417,cf=CFrame.new(-227.559,424.108,-453.316,0.871,0.000,0.492,0.000,1.000,0.000,-0.492,0.000,0.871),s="Running",v=Vector3.new(-52.800,0.014,-19.675)},
        {t=0.428,cf=CFrame.new(-228.188,424.108,-453.572,0.826,0.000,0.564,0.000,1.000,0.000,-0.564,0.000,0.826),s="Running",v=Vector3.new(-53.079,0.008,-14.913)},
        {t=0.454,cf=CFrame.new(-229.385,424.108,-453.945,0.708,0.000,0.706,0.000,1.000,0.000,-0.706,0.000,0.708),s="Running",v=Vector3.new(-50.023,0.003,-9.753)},
        {t=0.467,cf=CFrame.new(-230.055,424.108,-454.099,0.653,0.000,0.757,0.000,1.000,0.000,-0.757,0.000,0.653),s="Running",v=Vector3.new(-53.023,0.002,-9.353)},
        {t=0.477,cf=CFrame.new(-230.558,424.108,-454.205,0.614,0.000,0.789,0.000,1.000,0.000,-0.789,0.000,0.614),s="Running",v=Vector3.new(-55.068,0.002,-9.386)},
        {t=0.488,cf=CFrame.new(-231.242,424.108,-454.339,0.575,0.000,0.818,0.000,1.000,0.000,-0.818,0.000,0.575),s="Running",v=Vector3.new(-54.302,0.002,-9.151)},
        {t=0.496,cf=CFrame.new(-231.746,424.108,-454.438,0.544,0.000,0.839,0.000,1.000,0.000,-0.839,0.000,0.544),s="Running",v=Vector3.new(-55.403,0.002,-9.245)},
        {t=0.507,cf=CFrame.new(-232.427,424.108,-454.567,0.508,0.000,0.861,0.000,1.000,0.000,-0.861,0.000,0.508),s="Running",v=Vector3.new(-54.397,0.002,-9.049)},
        {t=0.516,cf=CFrame.new(-232.937,424.108,-454.664,0.479,0.000,0.878,0.000,1.000,0.000,-0.878,0.000,0.479),s="Running",v=Vector3.new(-55.427,0.002,-9.213)},
        {t=0.524,cf=CFrame.new(-233.427,424.108,-454.754,0.458,0.000,0.889,0.000,1.000,0.000,-0.889,0.000,0.458),s="Running",v=Vector3.new(-55.685,0.002,-9.255)},
        {t=0.540,cf=CFrame.new(-234.337,424.108,-454.922,0.416,0.000,0.909,0.000,1.000,0.000,-0.909,0.000,0.416),s="Running",v=Vector3.new(-53.186,0.002,-8.839)},
        {t=0.547,cf=CFrame.new(-234.612,424.108,-454.974,0.401,0.000,0.916,0.000,1.000,0.000,-0.916,0.000,0.401),s="Running",v=Vector3.new(-56.406,0.002,-9.374)},
        {t=0.556,cf=CFrame.new(-235.136,424.108,-455.069,0.381,0.000,0.925,0.000,1.000,0.000,-0.925,0.000,0.381),s="Running",v=Vector3.new(-55.930,0.002,-9.295)},
        {t=0.564,cf=CFrame.new(-235.656,424.108,-455.162,0.364,0.000,0.931,0.000,1.000,0.000,-0.931,0.000,0.364),s="Running",v=Vector3.new(-55.810,0.002,-9.275)},
        {t=0.572,cf=CFrame.new(-236.150,424.108,-455.250,0.350,0.000,0.937,0.000,1.000,0.000,-0.937,0.000,0.350),s="Running",v=Vector3.new(-55.781,0.002,-9.270)},
        {t=0.576,cf=CFrame.new(-236.601,424.108,-455.328,0.341,0.000,0.940,0.000,1.000,0.000,-0.940,0.000,0.341),s="Running",v=Vector3.new(-55.773,0.002,-9.269)},
        {t=0.583,cf=CFrame.new(-236.880,424.108,-455.378,0.331,0.000,0.944,0.000,1.000,0.000,-0.944,0.000,0.331),s="Running",v=Vector3.new(-57.053,0.002,-9.482)},
        {t=0.587,cf=CFrame.new(-237.145,424.108,-455.425,0.324,0.000,0.946,0.000,1.000,0.000,-0.946,0.000,0.324),s="Running",v=Vector3.new(-57.373,0.002,-9.535)},
        {t=0.592,cf=CFrame.new(-237.600,424.108,-455.503,0.317,0.000,0.949,0.000,1.000,0.000,-0.949,0.000,0.317),s="Running",v=Vector3.new(-56.171,0.002,-9.335)},
        {t=0.597,cf=CFrame.new(-237.865,424.108,-455.551,0.308,0.000,0.951,0.000,1.000,0.000,-0.951,0.000,0.308),s="Running",v=Vector3.new(-57.152,0.002,-9.498)},
        {t=0.602,cf=CFrame.new(-238.132,424.108,-455.598,0.302,0.000,0.953,0.000,1.000,0.000,-0.953,0.000,0.302),s="Running",v=Vector3.new(-57.398,0.002,-9.539)},
        {t=0.606,cf=CFrame.new(-238.398,424.108,-455.644,0.296,0.000,0.955,0.000,1.000,0.000,-0.955,0.000,0.296),s="Running",v=Vector3.new(-57.459,0.002,-9.549)},
        {t=0.611,cf=CFrame.new(-238.667,424.108,-455.691,0.290,0.000,0.957,0.000,1.000,0.000,-0.957,0.000,0.290),s="Running",v=Vector3.new(-57.474,0.002,-9.552)},
        {t=0.616,cf=CFrame.new(-238.941,424.108,-455.739,0.284,0.000,0.959,0.000,1.000,0.000,-0.959,0.000,0.284),s="Running",v=Vector3.new(-57.478,0.002,-9.552)},
        {t=0.621,cf=CFrame.new(-239.212,424.108,-455.786,0.279,0.000,0.960,0.000,1.000,0.000,-0.960,0.000,0.279),s="Running",v=Vector3.new(-57.479,0.002,-9.552)},
        {t=0.625,cf=CFrame.new(-239.662,424.108,-455.863,0.274,0.000,0.962,0.000,1.000,0.000,-0.962,0.000,0.274),s="Running",v=Vector3.new(-56.198,0.002,-9.339)},
        {t=0.631,cf=CFrame.new(-239.926,424.108,-455.909,0.268,0.000,0.963,0.000,1.000,0.000,-0.963,0.000,0.268),s="Running",v=Vector3.new(-57.159,0.002,-9.499)},
        {t=0.636,cf=CFrame.new(-240.198,424.108,-455.956,0.263,0.000,0.965,0.000,1.000,0.000,-0.965,0.000,0.263),s="Running",v=Vector3.new(-57.399,0.002,-9.539)},
        {t=0.640,cf=CFrame.new(-240.467,424.108,-456.002,0.259,0.000,0.966,0.000,1.000,0.000,-0.966,0.000,0.259),s="Running",v=Vector3.new(-57.459,0.002,-9.549)},
        {t=0.645,cf=CFrame.new(-240.739,424.108,-456.049,0.254,0.000,0.967,0.000,1.000,0.000,-0.967,0.000,0.254),s="Running",v=Vector3.new(-57.474,0.002,-9.552)},
        {t=0.650,cf=CFrame.new(-241.200,424.108,-456.127,0.250,0.000,0.968,0.000,1.000,0.000,-0.968,0.000,0.250),s="Running",v=Vector3.new(-56.197,0.002,-9.339)},
        {t=0.654,cf=CFrame.new(-241.456,424.108,-456.171,0.246,0.000,0.969,0.000,1.000,0.000,-0.969,0.000,0.246),s="Running",v=Vector3.new(-57.159,0.002,-9.499)},
        {t=0.659,cf=CFrame.new(-241.715,424.108,-456.215,0.243,0.000,0.970,0.000,1.000,0.000,-0.970,0.000,0.243),s="Running",v=Vector3.new(-57.399,0.002,-9.539)},
        {t=0.664,cf=CFrame.new(-241.979,424.108,-456.261,0.239,0.000,0.971,0.000,1.000,0.000,-0.971,0.000,0.239),s="Running",v=Vector3.new(-57.459,0.002,-9.549)},
        {t=0.669,cf=CFrame.new(-242.246,424.108,-456.307,0.235,0.000,0.972,0.000,1.000,0.000,-0.972,0.000,0.235),s="Running",v=Vector3.new(-57.474,0.002,-9.552)},
        {t=0.674,cf=CFrame.new(-242.509,424.108,-456.352,0.232,0.000,0.973,0.000,1.000,0.000,-0.973,0.000,0.232),s="Running",v=Vector3.new(-57.478,0.002,-9.552)},
        {t=0.680,cf=CFrame.new(-242.786,424.108,-456.399,0.228,0.000,0.974,0.000,1.000,0.000,-0.974,0.000,0.228),s="Running",v=Vector3.new(-57.479,0.002,-9.552)},
        {t=0.684,cf=CFrame.new(-243.236,424.108,-456.475,0.226,0.000,0.974,0.000,1.000,0.000,-0.974,0.000,0.226),s="Running",v=Vector3.new(-56.198,0.002,-9.339)},
        {t=0.688,cf=CFrame.new(-243.490,424.108,-456.518,0.223,0.000,0.975,0.000,1.000,0.000,-0.975,0.000,0.223),s="Running",v=Vector3.new(-57.159,0.002,-9.499)},
        {t=0.692,cf=CFrame.new(-243.745,424.108,-456.561,0.221,0.000,0.975,0.000,1.000,0.000,-0.975,0.000,0.221),s="Running",v=Vector3.new(-57.399,0.002,-9.539)},
        {t=0.697,cf=CFrame.new(-244.008,424.108,-456.606,0.218,0.000,0.976,0.000,1.000,0.000,-0.976,0.000,0.218),s="Running",v=Vector3.new(-57.459,0.002,-9.549)},
        {t=0.701,cf=CFrame.new(-244.268,424.108,-456.650,0.216,0.000,0.976,0.000,1.000,0.000,-0.976,0.000,0.216),s="Running",v=Vector3.new(-57.474,0.002,-9.552)},
        {t=0.706,cf=CFrame.new(-244.523,424.108,-456.693,0.214,0.000,0.977,0.000,1.000,0.000,-0.977,0.000,0.214),s="Running",v=Vector3.new(-57.478,0.002,-9.552)},
        {t=0.710,cf=CFrame.new(-244.777,424.108,-456.736,0.212,0.000,0.977,0.000,1.000,0.000,-0.977,0.000,0.212),s="Running",v=Vector3.new(-57.479,0.002,-9.552)},
        {t=0.715,cf=CFrame.new(-245.039,424.108,-456.781,0.209,0.000,0.978,0.000,1.000,0.000,-0.978,0.000,0.209),s="Running",v=Vector3.new(-57.479,0.002,-9.552)},
        {t=0.720,cf=CFrame.new(-245.309,424.108,-456.826,0.207,0.000,0.978,0.000,1.000,0.000,-0.978,0.000,0.207),s="Running",v=Vector3.new(-57.479,0.002,-9.552)},
        {t=0.725,cf=CFrame.new(-245.563,424.108,-456.869,0.205,0.000,0.979,0.000,1.000,0.000,-0.979,0.000,0.205),s="Running",v=Vector3.new(-57.479,0.002,-9.552)},
        {t=0.730,cf=CFrame.new(-246.013,424.108,-456.945,0.203,0.000,0.979,0.000,1.000,0.000,-0.979,0.000,0.203),s="Running",v=Vector3.new(-56.198,0.002,-9.340)},
        {t=0.734,cf=CFrame.new(-246.257,424.108,-456.986,0.201,0.000,0.980,0.000,1.000,0.000,-0.980,0.000,0.201),s="Running",v=Vector3.new(-57.159,0.002,-9.499)},
        {t=0.739,cf=CFrame.new(-246.505,424.108,-457.028,0.200,0.000,0.980,0.000,1.000,0.000,-0.980,0.000,0.200),s="Running",v=Vector3.new(-57.399,0.002,-9.539)},
        {t=0.743,cf=CFrame.new(-246.757,424.108,-457.070,0.198,0.000,0.980,0.000,1.000,0.000,-0.980,0.000,0.198),s="Running",v=Vector3.new(-57.459,0.002,-9.549)},
        {t=0.747,cf=CFrame.new(-247.014,424.108,-457.113,0.197,0.000,0.980,0.000,1.000,0.000,-0.980,0.000,0.197),s="Running",v=Vector3.new(-57.474,0.002,-9.552)},
        {t=0.753,cf=CFrame.new(-247.281,424.108,-457.158,0.195,0.000,0.981,0.000,1.000,0.000,-0.981,0.000,0.195),s="Running",v=Vector3.new(-57.478,0.002,-9.552)},
        {t=0.756,cf=CFrame.new(-247.532,424.108,-457.201,0.194,0.000,0.981,0.000,1.000,0.000,-0.981,0.000,0.194),s="Running",v=Vector3.new(-57.479,0.002,-9.552)},
        {t=0.761,cf=CFrame.new(-247.790,424.108,-457.244,0.192,0.000,0.981,0.000,1.000,0.000,-0.981,0.000,0.192),s="Running",v=Vector3.new(-57.479,0.002,-9.552)},
        {t=0.802,cf=CFrame.new(-249.672,424.108,-457.560,0.184,0.000,0.983,0.000,1.000,0.000,-0.983,0.000,0.184),s="Running",v=Vector3.new(-45.945,0.002,-7.636)},
        {t=0.807,cf=CFrame.new(-249.922,424.108,-457.602,0.183,0.000,0.983,0.000,1.000,0.000,-0.983,0.000,0.183),s="Running",v=Vector3.new(-54.587,0.002,-9.124)},
        {t=0.813,cf=CFrame.new(-250.401,424.108,-457.683,0.182,0.000,0.983,0.000,1.000,0.000,-0.983,0.000,0.182),s="Running",v=Vector3.new(-55.460,0.002,-9.322)},
        {t=0.819,cf=CFrame.new(-250.692,424.108,-457.732,0.181,0.000,0.983,0.000,1.000,0.000,-0.983,0.000,0.181),s="Running",v=Vector3.new(-56.949,0.002,-9.646)},
        {t=0.823,cf=CFrame.new(-250.969,424.108,-457.779,0.181,0.000,0.984,0.000,1.000,0.000,-0.984,0.000,0.181),s="Running",v=Vector3.new(-57.311,0.002,-9.787)},
        {t=0.829,cf=CFrame.new(-251.264,424.108,-457.829,0.180,0.000,0.984,0.000,1.000,0.000,-0.984,0.000,0.180),s="Running",v=Vector3.new(-57.386,0.002,-9.916)},
        {t=0.834,cf=CFrame.new(-251.739,424.108,-457.911,0.180,0.000,0.984,0.000,1.000,0.000,-0.984,0.000,0.180),s="Running",v=Vector3.new(-56.109,0.002,-9.812)},
        {t=0.839,cf=CFrame.new(-252.018,424.108,-457.960,0.180,0.000,0.984,0.000,1.000,0.000,-0.984,0.000,0.180),s="Running",v=Vector3.new(-57.053,0.002,-10.102)},
        {t=0.845,cf=CFrame.new(-252.297,424.108,-458.009,0.180,0.000,0.984,0.000,1.000,0.000,-0.984,0.000,0.180),s="Running",v=Vector3.new(-57.276,0.002,-10.252)},
        {t=0.851,cf=CFrame.new(-252.604,424.108,-458.064,0.180,0.000,0.984,0.000,1.000,0.000,-0.984,0.000,0.180),s="Running",v=Vector3.new(-57.325,0.002,-10.324)},
        {t=0.856,cf=CFrame.new(-253.081,424.108,-458.150,0.180,0.000,0.984,0.000,1.000,0.000,-0.984,0.000,0.180),s="Running",v=Vector3.new(-56.043,0.002,-10.200)},
        {t=0.862,cf=CFrame.new(-253.357,424.108,-458.200,0.180,0.000,0.984,0.000,1.000,0.000,-0.984,0.000,0.180),s="Running",v=Vector3.new(-56.991,0.002,-10.453)},
        {t=0.867,cf=CFrame.new(-253.643,424.108,-458.252,0.180,0.000,0.984,0.000,1.000,0.000,-0.984,0.000,0.180),s="Running",v=Vector3.new(-57.222,0.002,-10.549)},
        {t=0.873,cf=CFrame.new(-254.119,424.108,-458.339,0.180,0.000,0.984,0.000,1.000,0.000,-0.984,0.000,0.180),s="Running",v=Vector3.new(-55.994,0.002,-10.379)},
        {t=0.879,cf=CFrame.new(-254.391,424.108,-458.389,0.181,0.000,0.984,0.000,1.000,0.000,-0.984,0.000,0.181),s="Running",v=Vector3.new(-56.954,0.002,-10.632)},
        {t=0.884,cf=CFrame.new(-254.861,424.108,-458.476,0.181,0.000,0.984,0.000,1.000,0.000,-0.984,0.000,0.181),s="Running",v=Vector3.new(-55.912,0.002,-10.483)},
        {t=0.889,cf=CFrame.new(-255.129,424.108,-458.526,0.181,0.000,0.983,0.000,1.000,0.000,-0.983,0.000,0.181),s="Running",v=Vector3.new(-56.927,0.002,-10.694)},
        {t=0.894,cf=CFrame.new(-255.396,424.108,-458.576,0.181,0.000,0.983,0.000,1.000,0.000,-0.983,0.000,0.181),s="Running",v=Vector3.new(-57.173,0.002,-10.786)},
        {t=0.900,cf=CFrame.new(-255.685,424.108,-458.630,0.182,0.000,0.983,0.000,1.000,0.000,-0.983,0.000,0.182),s="Running",v=Vector3.new(-57.217,0.002,-10.903)},
        {t=0.906,cf=CFrame.new(-256.160,424.108,-458.720,0.182,0.000,0.983,0.000,1.000,0.000,-0.983,0.000,0.182),s="Running",v=Vector3.new(-55.940,0.002,-10.746)},
        {t=0.911,cf=CFrame.new(-256.426,424.108,-458.770,0.183,0.000,0.983,0.000,1.000,0.000,-0.983,0.000,0.183),s="Running",v=Vector3.new(-56.881,0.002,-11.034)},
        {t=0.917,cf=CFrame.new(-256.716,424.108,-458.826,0.184,0.000,0.983,0.000,1.000,0.000,-0.983,0.000,0.184),s="Running",v=Vector3.new(-57.102,0.002,-11.179)},
        {t=0.923,cf=CFrame.new(-257.182,424.108,-458.916,0.184,0.000,0.983,0.000,1.000,0.000,-0.983,0.000,0.184),s="Running",v=Vector3.new(-55.880,0.002,-10.980)},
        {t=0.928,cf=CFrame.new(-257.441,424.108,-458.967,0.185,0.000,0.983,0.000,1.000,0.000,-0.983,0.000,0.185),s="Running",v=Vector3.new(-56.838,0.002,-11.234)},
        {t=0.934,cf=CFrame.new(-257.905,424.108,-459.058,0.185,0.000,0.983,0.000,1.000,0.000,-0.983,0.000,0.185),s="Running",v=Vector3.new(-55.799,0.002,-11.066)},
        {t=0.940,cf=CFrame.new(-258.171,424.108,-459.110,0.186,0.000,0.983,0.000,1.000,0.000,-0.983,0.000,0.186),s="Running",v=Vector3.new(-56.813,0.002,-11.281)},
        {t=0.945,cf=CFrame.new(-258.433,424.108,-459.161,0.186,0.000,0.982,0.000,1.000,0.000,-0.982,0.000,0.186),s="Running",v=Vector3.new(-57.066,0.002,-11.336)},
        {t=0.950,cf=CFrame.new(-258.889,424.108,-459.251,0.187,0.000,0.982,0.000,1.000,0.000,-0.982,0.000,0.187),s="Running",v=Vector3.new(-55.855,0.002,-11.097)},
        {t=0.956,cf=CFrame.new(-259.162,424.108,-459.305,0.187,0.000,0.982,0.000,1.000,0.000,-0.982,0.000,0.187),s="Running",v=Vector3.new(-56.827,0.002,-11.290)},
        {t=0.961,cf=CFrame.new(-259.432,424.108,-459.358,0.188,0.000,0.982,0.000,1.000,0.000,-0.982,0.000,0.188),s="Running",v=Vector3.new(-57.070,0.002,-11.339)},
        {t=0.967,cf=CFrame.new(-259.712,424.108,-459.414,0.188,0.000,0.982,0.000,1.000,0.000,-0.982,0.000,0.188),s="Running",v=Vector3.new(-57.131,0.002,-11.351)},
        {t=0.973,cf=CFrame.new(-260.186,424.108,-459.507,0.188,0.000,0.982,0.000,1.000,0.000,-0.982,0.000,0.188),s="Running",v=Vector3.new(-55.871,0.002,-11.101)},
        {t=0.979,cf=CFrame.new(-260.469,424.108,-459.563,0.189,0.000,0.982,0.000,1.000,0.000,-0.982,0.000,0.189),s="Running",v=Vector3.new(-56.831,0.002,-11.291)},
        {t=0.986,cf=CFrame.new(-260.946,424.108,-459.657,0.189,0.000,0.982,0.000,1.000,0.000,-0.982,0.000,0.189),s="Running",v=Vector3.new(-55.797,0.002,-11.086)},
        {t=0.992,cf=CFrame.new(-261.216,424.108,-459.710,0.190,0.000,0.982,0.000,1.000,0.000,-0.982,0.000,0.190),s="Running",v=Vector3.new(-56.812,0.002,-11.287)},
        {t=0.998,cf=CFrame.new(-261.681,424.108,-459.802,0.190,0.000,0.982,0.000,1.000,0.000,-0.982,0.000,0.190),s="Running",v=Vector3.new(-55.792,0.002,-11.085)},
        {t=1.003,cf=CFrame.new(-261.944,424.108,-459.854,0.190,0.000,0.982,0.000,1.000,0.000,-0.982,0.000,0.190),s="Running",v=Vector3.new(-56.808,0.002,-11.303)},
        {t=1.013,cf=CFrame.new(-262.460,424.108,-459.957,0.191,0.000,0.982,0.000,1.000,0.000,-0.982,0.000,0.191),s="Running",v=Vector3.new(-55.777,0.002,-11.159)},
        {t=1.018,cf=CFrame.new(-262.907,424.108,-460.046,0.191,0.000,0.982,0.000,1.000,0.000,-0.982,0.000,0.191),s="Running",v=Vector3.new(-55.519,0.002,-11.125)},
        {t=1.023,cf=CFrame.new(-263.161,424.108,-460.096,0.191,0.000,0.982,0.000,1.000,0.000,-0.982,0.000,0.191),s="Running",v=Vector3.new(-56.728,0.002,-11.372)},
        {t=1.029,cf=CFrame.new(-263.438,424.108,-460.151,0.192,0.000,0.981,0.000,1.000,0.000,-0.981,0.000,0.192),s="Running",v=Vector3.new(-57.030,0.002,-11.434)},
        {t=1.034,cf=CFrame.new(-263.892,424.108,-460.242,0.192,0.000,0.981,0.000,1.000,0.000,-0.981,0.000,0.192),s="Running",v=Vector3.new(-55.832,0.002,-11.194)},
        {t=1.039,cf=CFrame.new(-264.146,424.108,-460.293,0.192,0.000,0.981,0.000,1.000,0.000,-0.981,0.000,0.192),s="Running",v=Vector3.new(-56.806,0.002,-11.389)},
        {t=1.044,cf=CFrame.new(-264.404,424.108,-460.344,0.192,0.000,0.981,0.000,1.000,0.000,-0.981,0.000,0.192),s="Running",v=Vector3.new(-57.050,0.002,-11.438)},
        {t=1.050,cf=CFrame.new(-264.668,424.108,-460.397,0.193,0.000,0.981,0.000,1.000,0.000,-0.981,0.000,0.193),s="Running",v=Vector3.new(-57.111,0.002,-11.450)},
        {t=1.055,cf=CFrame.new(-265.127,424.108,-460.489,0.193,0.000,0.981,0.000,1.000,0.000,-0.981,0.000,0.193),s="Running",v=Vector3.new(-55.852,0.002,-11.198)},
        {t=1.060,cf=CFrame.new(-265.382,424.108,-460.540,0.193,0.000,0.981,0.000,1.000,0.000,-0.981,0.000,0.193),s="Running",v=Vector3.new(-56.811,0.002,-11.390)},
        {t=1.066,cf=CFrame.new(-265.647,424.108,-460.593,0.193,0.000,0.981,0.000,1.000,0.000,-0.981,0.000,0.193),s="Running",v=Vector3.new(-57.051,0.002,-11.438)},
        {t=1.071,cf=CFrame.new(-266.100,424.108,-460.683,0.193,0.000,0.981,0.000,1.000,0.000,-0.981,0.000,0.193),s="Running",v=Vector3.new(-55.837,0.002,-11.195)},
        {t=1.077,cf=CFrame.new(-266.353,424.108,-460.734,0.194,0.000,0.981,0.000,1.000,0.000,-0.981,0.000,0.194),s="Running",v=Vector3.new(-56.807,0.002,-11.390)},
        {t=1.083,cf=CFrame.new(-266.622,424.108,-460.788,0.194,0.000,0.981,0.000,1.000,0.000,-0.981,0.000,0.194),s="Running",v=Vector3.new(-57.050,0.002,-11.438)},
        {t=1.088,cf=CFrame.new(-266.885,424.108,-460.840,0.194,0.000,0.981,0.000,1.000,0.000,-0.981,0.000,0.194),s="Running",v=Vector3.new(-57.111,0.002,-11.450)},
        {t=1.093,cf=CFrame.new(-267.339,424.108,-460.931,0.194,0.000,0.981,0.000,1.000,0.000,-0.981,0.000,0.194),s="Running",v=Vector3.new(-55.852,0.002,-11.198)},
        {t=1.099,cf=CFrame.new(-267.610,424.108,-460.985,0.194,0.000,0.981,0.000,1.000,0.000,-0.981,0.000,0.194),s="Running",v=Vector3.new(-56.811,0.002,-11.390)},
        {t=1.103,cf=CFrame.new(-267.867,424.108,-461.036,0.194,0.000,0.981,0.000,1.000,0.000,-0.981,0.000,0.194),s="Running",v=Vector3.new(-57.051,0.002,-11.438)},
        {t=1.109,cf=CFrame.new(-268.317,424.108,-461.127,0.194,0.000,0.981,0.000,1.000,0.000,-0.981,0.000,0.194),s="Running",v=Vector3.new(-55.837,0.002,-11.195)},
        {t=1.114,cf=CFrame.new(-268.581,424.108,-461.180,0.194,0.000,0.981,0.000,1.000,0.000,-0.981,0.000,0.194),s="Running",v=Vector3.new(-56.807,0.002,-11.390)},
        {t=1.118,cf=CFrame.new(-268.840,424.108,-461.231,0.195,0.000,0.981,0.000,1.000,0.000,-0.981,0.000,0.195),s="Running",v=Vector3.new(-57.050,0.002,-11.438)},
        {t=1.123,cf=CFrame.new(-269.100,424.108,-461.283,0.195,0.000,0.981,0.000,1.000,0.000,-0.981,0.000,0.195),s="Running",v=Vector3.new(-57.111,0.002,-11.450)},
        {t=1.128,cf=CFrame.new(-269.369,424.108,-461.337,0.195,0.000,0.981,0.000,1.000,0.000,-0.981,0.000,0.195),s="Running",v=Vector3.new(-57.126,0.002,-11.453)},
        {t=1.133,cf=CFrame.new(-269.825,424.108,-461.428,0.195,0.000,0.981,0.000,1.000,0.000,-0.981,0.000,0.195),s="Running",v=Vector3.new(-55.856,0.002,-11.199)},
        {t=1.139,cf=CFrame.new(-270.081,424.108,-461.480,0.195,0.000,0.981,0.000,1.000,0.000,-0.981,0.000,0.195),s="Running",v=Vector3.new(-56.812,0.002,-11.391)},
        {t=1.144,cf=CFrame.new(-270.339,424.108,-461.531,0.195,0.000,0.981,0.000,1.000,0.000,-0.981,0.000,0.195),s="Running",v=Vector3.new(-57.051,0.002,-11.439)},
        {t=1.150,cf=CFrame.new(-270.612,424.108,-461.586,0.195,0.000,0.981,0.000,1.000,0.000,-0.981,0.000,0.195),s="Running",v=Vector3.new(-57.111,0.002,-11.450)},
        {t=1.155,cf=CFrame.new(-271.070,424.108,-461.678,0.195,0.000,0.981,0.000,1.000,0.000,-0.981,0.000,0.195),s="Running",v=Vector3.new(-55.852,0.002,-11.198)},
        {t=1.160,cf=CFrame.new(-271.324,424.108,-461.729,0.195,0.000,0.981,0.000,1.000,0.000,-0.981,0.000,0.195),s="Running",v=Vector3.new(-56.811,0.002,-11.390)},
        {t=1.165,cf=CFrame.new(-271.588,424.108,-461.781,0.195,0.000,0.981,0.000,1.000,0.000,-0.981,0.000,0.195),s="Running",v=Vector3.new(-57.051,0.002,-11.438)},
        {t=1.171,cf=CFrame.new(-272.042,424.108,-461.872,0.195,0.000,0.981,0.000,1.000,0.000,-0.981,0.000,0.195),s="Running",v=Vector3.new(-55.837,0.002,-11.195)},
        {t=1.177,cf=CFrame.new(-272.302,424.108,-461.924,0.195,0.000,0.981,0.000,1.000,0.000,-0.981,0.000,0.195),s="Running",v=Vector3.new(-56.807,0.002,-11.390)},
        {t=1.183,cf=CFrame.new(-272.568,424.108,-461.978,0.196,0.000,0.981,0.000,1.000,0.000,-0.981,0.000,0.196),s="Running",v=Vector3.new(-57.050,0.002,-11.438)},
        {t=1.188,cf=CFrame.new(-273.013,424.108,-462.067,0.196,0.000,0.981,0.000,1.000,0.000,-0.981,0.000,0.196),s="Running",v=Vector3.new(-55.837,0.002,-11.195)},
        {t=1.193,cf=CFrame.new(-273.265,424.108,-462.117,0.196,0.000,0.981,0.000,1.000,0.000,-0.981,0.000,0.196),s="Running",v=Vector3.new(-56.807,0.002,-11.390)},
        {t=1.198,cf=CFrame.new(-273.522,424.108,-462.169,0.196,0.000,0.981,0.000,1.000,0.000,-0.981,0.000,0.196),s="Running",v=Vector3.new(-57.050,0.002,-11.438)},
        {t=1.203,cf=CFrame.new(-273.777,424.108,-462.220,0.196,0.000,0.981,0.000,1.000,0.000,-0.981,0.000,0.196),s="Running",v=Vector3.new(-57.111,0.002,-11.450)},
        {t=1.208,cf=CFrame.new(-274.036,424.108,-462.272,0.196,0.000,0.981,0.000,1.000,0.000,-0.981,0.000,0.196),s="Running",v=Vector3.new(-57.126,0.002,-11.453)},
        {t=1.214,cf=CFrame.new(-274.496,424.108,-462.364,0.196,0.000,0.981,0.000,1.000,0.000,-0.981,0.000,0.196),s="Running",v=Vector3.new(-55.846,0.002,-11.247)},
        {t=1.219,cf=CFrame.new(-274.753,424.108,-462.415,0.196,0.000,0.981,0.000,1.000,0.000,-0.981,0.000,0.196),s="Running",v=Vector3.new(-56.796,0.002,-11.472)},
        {t=1.224,cf=CFrame.new(-275.009,424.108,-462.467,0.196,0.000,0.981,0.000,1.000,0.000,-0.981,0.000,0.196),s="Running",v=Vector3.new(-57.022,0.002,-11.581)},
        {t=1.230,cf=CFrame.new(-275.463,424.108,-462.559,0.197,0.000,0.980,0.000,1.000,0.000,-0.980,0.000,0.197),s="Running",v=Vector3.new(-55.797,0.002,-11.393)},
        {t=1.235,cf=CFrame.new(-275.707,424.108,-462.609,0.197,0.000,0.980,0.000,1.000,0.000,-0.980,0.000,0.197),s="Running",v=Vector3.new(-56.750,0.002,-11.671)},
        {t=1.240,cf=CFrame.new(-275.959,424.108,-462.661,0.197,0.000,0.980,0.000,1.000,0.000,-0.980,0.000,0.197),s="Running",v=Vector3.new(-56.979,0.002,-11.788)},
        {t=1.246,cf=CFrame.new(-276.235,424.108,-462.718,0.198,0.000,0.980,0.000,1.000,0.000,-0.980,0.000,0.198),s="Running",v=Vector3.new(-57.020,0.002,-11.895)},
        {t=1.250,cf=CFrame.new(-276.489,424.108,-462.771,0.198,0.000,0.980,0.000,1.000,0.000,-0.980,0.000,0.198),s="Running",v=Vector3.new(-57.028,0.002,-11.932)},
        {t=1.254,cf=CFrame.new(-276.740,424.108,-462.823,0.199,0.000,0.980,0.000,1.000,0.000,-0.980,0.000,0.199),s="Running",v=Vector3.new(-57.025,0.002,-11.966)},
        {t=1.258,cf=CFrame.new(-276.996,424.108,-462.876,0.199,0.000,0.980,0.000,1.000,0.000,-0.980,0.000,0.199),s="Running",v=Vector3.new(-57.011,0.002,-12.033)},
        {t=1.264,cf=CFrame.new(-277.450,424.108,-462.972,0.200,0.000,0.980,0.000,1.000,0.000,-0.980,0.000,0.200),s="Running",v=Vector3.new(-55.717,0.002,-11.874)},
        {t=1.270,cf=CFrame.new(-277.704,424.108,-463.026,0.200,0.000,0.980,0.000,1.000,0.000,-0.980,0.000,0.200),s="Running",v=Vector3.new(-56.649,0.002,-12.178)},
        {t=1.273,cf=CFrame.new(-277.949,424.108,-463.078,0.201,0.000,0.980,0.000,1.000,0.000,-0.980,0.000,0.201),s="Running",v=Vector3.new(-56.869,0.002,-12.314)},
        {t=1.279,cf=CFrame.new(-278.207,424.108,-463.134,0.202,0.000,0.979,0.000,1.000,0.000,-0.979,0.000,0.202),s="Running",v=Vector3.new(-56.909,0.002,-12.417)},
        {t=1.283,cf=CFrame.new(-278.456,424.108,-463.188,0.203,0.000,0.979,0.000,1.000,0.000,-0.979,0.000,0.203),s="Running",v=Vector3.new(-56.911,0.002,-12.478)},
        {t=1.287,cf=CFrame.new(-278.705,424.108,-463.242,0.203,0.000,0.979,0.000,1.000,0.000,-0.979,0.000,0.203),s="Running",v=Vector3.new(-56.889,0.002,-12.596)},
        {t=1.291,cf=CFrame.new(-278.956,424.108,-463.298,0.204,0.000,0.979,0.000,1.000,0.000,-0.979,0.000,0.204),s="Running",v=Vector3.new(-56.859,0.002,-12.733)},
        {t=1.296,cf=CFrame.new(-279.215,424.108,-463.355,0.205,0.000,0.979,0.000,1.000,0.000,-0.979,0.000,0.205),s="Running",v=Vector3.new(-56.828,0.002,-12.871)},
        {t=1.301,cf=CFrame.new(-279.466,424.108,-463.412,0.206,0.000,0.979,0.000,1.000,0.000,-0.979,0.000,0.206),s="Running",v=Vector3.new(-56.803,0.002,-12.981)},
        {t=1.305,cf=CFrame.new(-279.714,424.108,-463.468,0.207,0.000,0.978,0.000,1.000,0.000,-0.978,0.000,0.207),s="Running",v=Vector3.new(-56.779,0.002,-13.085)},
        {t=1.310,cf=CFrame.new(-280.170,424.108,-463.573,0.208,0.000,0.978,0.000,1.000,0.000,-0.978,0.000,0.208),s="Running",v=Vector3.new(-55.488,0.002,-12.904)},
        {t=1.315,cf=CFrame.new(-280.431,424.108,-463.633,0.209,0.000,0.978,0.000,1.000,0.000,-0.978,0.000,0.209),s="Running",v=Vector3.new(-56.429,0.002,-13.157)},
        {t=1.320,cf=CFrame.new(-280.682,424.108,-463.691,0.210,0.000,0.978,0.000,1.000,0.000,-0.978,0.000,0.210),s="Running",v=Vector3.new(-56.665,0.002,-13.222)},
        {t=1.323,cf=CFrame.new(-280.929,424.108,-463.748,0.210,0.000,0.978,0.000,1.000,0.000,-0.978,0.000,0.210),s="Running",v=Vector3.new(-56.723,0.002,-13.238)},
        {t=1.327,cf=CFrame.new(-281.172,424.108,-463.805,0.211,0.000,0.977,0.000,1.000,0.000,-0.977,0.000,0.211),s="Running",v=Vector3.new(-56.738,0.002,-13.243)},
        {t=1.332,cf=CFrame.new(-281.424,424.108,-463.863,0.212,0.000,0.977,0.000,1.000,0.000,-0.977,0.000,0.212),s="Running",v=Vector3.new(-56.741,0.002,-13.244)},
        {t=1.336,cf=CFrame.new(-281.671,424.108,-463.920,0.212,0.000,0.977,0.000,1.000,0.000,-0.977,0.000,0.212),s="Running",v=Vector3.new(-56.742,0.002,-13.245)},
        {t=1.340,cf=CFrame.new(-281.917,424.108,-463.977,0.213,0.000,0.977,0.000,1.000,0.000,-0.977,0.000,0.213),s="Running",v=Vector3.new(-56.742,0.002,-13.245)},
        {t=1.344,cf=CFrame.new(-282.160,424.108,-464.034,0.213,0.000,0.977,0.000,1.000,0.000,-0.977,0.000,0.213),s="Running",v=Vector3.new(-56.743,0.002,-13.245)},
        {t=1.349,cf=CFrame.new(-282.423,424.108,-464.095,0.214,0.000,0.977,0.000,1.000,0.000,-0.977,0.000,0.214),s="Running",v=Vector3.new(-56.743,0.002,-13.245)},
        {t=1.353,cf=CFrame.new(-282.671,424.108,-464.152,0.215,0.000,0.977,0.000,1.000,0.000,-0.977,0.000,0.215),s="Running",v=Vector3.new(-56.743,0.002,-13.245)},
        {t=1.357,cf=CFrame.new(-282.914,424.108,-464.209,0.215,0.000,0.977,0.000,1.000,0.000,-0.977,0.000,0.215),s="Running",v=Vector3.new(-56.743,0.002,-13.245)},
        {t=1.361,cf=CFrame.new(-283.161,424.108,-464.266,0.216,0.000,0.976,0.000,1.000,0.000,-0.976,0.000,0.216),s="Running",v=Vector3.new(-56.743,0.002,-13.245)},
        {t=1.365,cf=CFrame.new(-283.409,424.108,-464.324,0.216,0.000,0.976,0.000,1.000,0.000,-0.976,0.000,0.216),s="Running",v=Vector3.new(-56.743,0.002,-13.245)},
