-- CFrame Auto Walk Recording
-- Total Frames: 7929
-- Recorded HipHeight: 5.058475494384766

return {
    hipHeight = 5.058475494384766,
    frames = {
        {t=0.006,cf=CFrame.new(5121.571,1096.608,2034.156,0.101,0.000,-0.995,0.000,1.000,0.000,0.995,0.000,0.101),s="Running",v=Vector3.new(0.000,0.010,0.000)},
        {t=0.012,cf=CFrame.new(5121.571,1096.608,2034.156,0.101,0.000,-0.995,0.000,1.000,0.000,0.995,0.000,0.101),s="Running",v=Vector3.new(0.000,0.010,0.000)},
        {t=0.015,cf=CFrame.new(5121.571,1096.608,2034.156,0.101,0.000,-0.995,0.000,1.000,0.000,0.995,0.000,0.101),s="Running",v=Vector3.new(0.000,0.010,0.000)},
        {t=0.020,cf=CFrame.new(5121.571,1096.608,2034.156,0.101,0.000,-0.995,0.000,1.000,0.000,0.995,0.000,0.101),s="Running",v=Vector3.new(0.000,0.010,0.000)},
        {t=0.024,cf=CFrame.new(5121.571,1096.608,2034.156,0.101,0.000,-0.995,0.000,1.000,0.000,0.995,0.000,0.101),s="Running",v=Vector3.new(0.000,0.010,0.000)},
        {t=0.027,cf=CFrame.new(5121.571,1096.608,2034.156,0.101,0.000,-0.995,0.000,1.000,0.000,0.995,0.000,0.101),s="Running",v=Vector3.new(0.000,0.010,0.000)},
        {t=0.032,cf=CFrame.new(5121.571,1096.608,2034.156,0.101,0.000,-0.995,0.000,1.000,0.000,0.995,0.000,0.101),s="Running",v=Vector3.new(0.000,0.010,0.000)},
        {t=0.035,cf=CFrame.new(5121.571,1096.608,2034.156,0.101,0.000,-0.995,0.000,1.000,0.000,0.995,0.000,0.101),s="Running",v=Vector3.new(0.000,0.010,0.000)},
        {t=0.040,cf=CFrame.new(5121.571,1096.608,2034.156,0.101,0.000,-0.995,0.000,1.000,0.000,0.995,0.000,0.101),s="Running",v=Vector3.new(0.000,0.010,0.000)},
        {t=0.044,cf=CFrame.new(5121.571,1096.608,2034.156,0.101,0.000,-0.995,0.000,1.000,0.000,0.995,0.000,0.101),s="Running",v=Vector3.new(0.000,0.010,0.000)},
        {t=0.049,cf=CFrame.new(5121.571,1096.608,2034.156,0.101,0.000,-0.995,0.000,1.000,0.000,0.995,0.000,0.101),s="Running",v=Vector3.new(0.000,0.010,0.000)},
        {t=0.053,cf=CFrame.new(5121.571,1096.608,2034.156,0.101,0.000,-0.995,0.000,1.000,0.000,0.995,0.000,0.101),s="Running",v=Vector3.new(0.000,0.010,0.000)},
        {t=0.056,cf=CFrame.new(5121.571,1096.608,2034.156,0.101,0.000,-0.995,0.000,1.000,0.000,0.995,0.000,0.101),s="Running",v=Vector3.new(0.000,0.010,0.000)},
        {t=0.061,cf=CFrame.new(5121.571,1096.608,2034.156,0.101,0.000,-0.995,0.000,1.000,0.000,0.995,0.000,0.101),s="Running",v=Vector3.new(0.000,0.010,0.000)},
        {t=0.066,cf=CFrame.new(5121.571,1096.608,2034.156,0.101,0.000,-0.995,0.000,1.000,0.000,0.995,0.000,0.101),s="Running",v=Vector3.new(0.000,0.010,0.000)},
        {t=0.069,cf=CFrame.new(5121.571,1096.608,2034.156,0.101,0.000,-0.995,0.000,1.000,0.000,0.995,0.000,0.101),s="Running",v=Vector3.new(0.000,0.010,0.000)},
        {t=0.074,cf=CFrame.new(5121.571,1096.608,2034.156,0.101,0.000,-0.995,0.000,1.000,0.000,0.995,0.000,0.101),s="Running",v=Vector3.new(0.000,0.010,0.000)},
        {t=0.077,cf=CFrame.new(5121.571,1096.608,2034.156,0.101,0.000,-0.995,0.000,1.000,0.000,0.995,0.000,0.101),s="Running",v=Vector3.new(0.000,0.010,0.000)},
        {t=0.082,cf=CFrame.new(5121.571,1096.608,2034.156,0.101,0.000,-0.995,0.000,1.000,0.000,0.995,0.000,0.101),s="Running",v=Vector3.new(0.000,0.010,0.000)},
        {t=0.085,cf=CFrame.new(5121.571,1096.608,2034.156,0.101,0.000,-0.995,0.000,1.000,0.000,0.995,0.000,0.101),s="Running",v=Vector3.new(0.000,0.010,0.000)},
        {t=0.090,cf=CFrame.new(5121.571,1096.608,2034.156,0.101,0.000,-0.995,0.000,1.000,0.000,0.995,0.000,0.101),s="Running",v=Vector3.new(0.000,0.010,0.000)},
        {t=0.094,cf=CFrame.new(5121.571,1096.608,2034.156,0.101,0.000,-0.995,0.000,1.000,0.000,0.995,0.000,0.101),s="Running",v=Vector3.new(0.000,0.010,0.000)},
        {t=0.098,cf=CFrame.new(5121.571,1096.608,2034.156,0.101,0.000,-0.995,0.000,1.000,0.000,0.995,0.000,0.101),s="Running",v=Vector3.new(0.000,0.010,0.000)},
        {t=0.103,cf=CFrame.new(5121.571,1096.608,2034.156,0.101,0.000,-0.995,0.000,1.000,0.000,0.995,0.000,0.101),s="Running",v=Vector3.new(0.000,0.010,0.000)},
        {t=0.106,cf=CFrame.new(5121.571,1096.608,2034.156,0.101,0.000,-0.995,0.000,1.000,0.000,0.995,0.000,0.101),s="Running",v=Vector3.new(0.000,0.010,0.000)},
        {t=0.111,cf=CFrame.new(5121.571,1096.608,2034.156,0.101,0.000,-0.995,0.000,1.000,0.000,0.995,0.000,0.101),s="Running",v=Vector3.new(0.000,0.010,0.000)},
        {t=0.114,cf=CFrame.new(5121.571,1096.608,2034.156,0.101,0.000,-0.995,0.000,1.000,0.000,0.995,0.000,0.101),s="Running",v=Vector3.new(0.000,0.010,0.000)},
        {t=0.119,cf=CFrame.new(5121.571,1096.608,2034.156,0.101,0.000,-0.995,0.000,1.000,0.000,0.995,0.000,0.101),s="Running",v=Vector3.new(0.000,0.010,0.000)},
        {t=0.123,cf=CFrame.new(5121.571,1096.608,2034.156,0.101,0.000,-0.995,0.000,1.000,0.000,0.995,0.000,0.101),s="Running",v=Vector3.new(0.000,0.010,0.000)},
        {t=0.128,cf=CFrame.new(5121.571,1096.608,2034.156,0.101,-0.000,-0.995,0.000,1.000,-0.000,0.995,0.000,0.101),s="Running",v=Vector3.new(-0.000,0.010,0.000)},
        {t=0.131,cf=CFrame.new(5121.571,1096.608,2034.156,0.101,-0.000,-0.995,0.000,1.000,-0.000,0.995,0.000,0.101),s="Running",v=Vector3.new(-0.000,0.010,0.000)},
        {t=0.136,cf=CFrame.new(5121.571,1096.608,2034.156,0.101,-0.000,-0.995,0.000,1.000,-0.000,0.995,0.000,0.101),s="Running",v=Vector3.new(-0.000,0.010,0.000)},
        {t=0.141,cf=CFrame.new(5121.571,1096.608,2034.156,0.101,-0.000,-0.995,0.000,1.000,-0.000,0.995,0.000,0.101),s="Running",v=Vector3.new(-0.000,0.010,0.000)},
        {t=0.143,cf=CFrame.new(5121.571,1096.608,2034.156,0.101,-0.000,-0.995,0.000,1.000,-0.000,0.995,0.000,0.101),s="Running",v=Vector3.new(-0.000,0.010,0.000)},
        {t=0.149,cf=CFrame.new(5121.571,1096.608,2034.156,0.101,-0.000,-0.995,0.000,1.000,-0.000,0.995,0.000,0.101),s="Running",v=Vector3.new(-0.000,0.010,0.000)},
        {t=0.152,cf=CFrame.new(5121.571,1096.608,2034.156,0.101,-0.000,-0.995,0.000,1.000,-0.000,0.995,0.000,0.101),s="Running",v=Vector3.new(-0.000,0.010,0.000)},
        {t=0.156,cf=CFrame.new(5121.571,1096.608,2034.156,0.101,-0.000,-0.995,0.000,1.000,-0.000,0.995,0.000,0.101),s="Running",v=Vector3.new(-0.000,0.010,0.000)},
        {t=0.160,cf=CFrame.new(5121.571,1096.608,2034.156,0.101,-0.000,-0.995,0.000,1.000,-0.000,0.995,0.000,0.101),s="Running",v=Vector3.new(-0.000,0.010,0.000)},
        {t=0.165,cf=CFrame.new(5121.571,1096.608,2034.156,0.101,-0.000,-0.995,0.000,1.000,-0.000,0.995,0.000,0.101),s="Running",v=Vector3.new(2.279,0.010,-0.232)},
        {t=0.171,cf=CFrame.new(5121.579,1096.608,2034.155,0.101,-0.000,-0.995,0.000,1.000,-0.000,0.995,0.000,0.101),s="Running",v=Vector3.new(8.378,0.010,-0.852)},
        {t=0.174,cf=CFrame.new(5121.599,1096.608,2034.153,0.101,-0.000,-0.995,0.000,1.000,-0.000,0.995,0.000,0.101),s="Running",v=Vector3.new(12.272,0.010,-1.248)},
        {t=0.177,cf=CFrame.new(5121.636,1096.608,2034.150,0.101,-0.000,-0.995,0.000,1.000,-0.000,0.995,0.000,0.101),s="Running",v=Vector3.new(15.593,0.010,-1.586)},
        {t=0.182,cf=CFrame.new(5121.691,1096.608,2034.144,0.101,-0.000,-0.995,0.000,1.000,-0.000,0.995,0.000,0.101),s="Running",v=Vector3.new(20.073,-0.104,-2.042)},
        {t=0.186,cf=CFrame.new(5121.765,1096.608,2034.136,0.101,-0.000,-0.995,0.000,1.000,-0.000,0.995,0.000,0.101),s="Running",v=Vector3.new(25.065,-1.012,-2.549)},
        {t=0.191,cf=CFrame.new(5121.863,1096.605,2034.127,0.101,-0.000,-0.995,0.000,1.000,-0.000,0.995,0.000,0.101),s="Running",v=Vector3.new(28.669,-1.677,-2.916)},
        {t=0.194,cf=CFrame.new(5121.972,1096.594,2034.116,0.101,-0.000,-0.995,0.000,1.000,-0.000,0.995,0.000,0.101),s="Running",v=Vector3.new(32.176,-2.642,-3.282)},
        {t=0.199,cf=CFrame.new(5122.106,1096.579,2034.102,0.102,-0.000,-0.995,0.000,1.000,-0.000,0.995,0.000,0.102),s="Running",v=Vector3.new(38.117,-3.808,-3.923)},
        {t=0.203,cf=CFrame.new(5122.260,1096.559,2034.086,0.103,-0.000,-0.995,0.000,1.000,-0.000,0.995,0.000,0.103),s="Running",v=Vector3.new(41.832,-4.507,-4.354)},
        {t=0.208,cf=CFrame.new(5122.439,1096.536,2034.067,0.105,-0.000,-0.995,0.000,1.000,-0.000,0.995,0.000,0.105),s="Running",v=Vector3.new(48.210,-5.755,-5.464)},
        {t=0.211,cf=CFrame.new(5122.637,1096.508,2034.045,0.106,-0.000,-0.994,0.000,1.000,-0.000,0.994,0.000,0.106),s="Running",v=Vector3.new(52.226,-6.579,-6.459)},
        {t=0.215,cf=CFrame.new(5122.854,1096.476,2034.018,0.109,-0.000,-0.994,0.000,1.000,-0.000,0.994,0.000,0.109),s="Running",v=Vector3.new(54.991,-7.259,-7.626)},
        {t=0.219,cf=CFrame.new(5123.082,1096.443,2033.987,0.113,-0.000,-0.994,0.000,1.000,-0.000,0.994,0.000,0.113),s="Running",v=Vector3.new(56.353,-7.898,-8.838)},
        {t=0.223,cf=CFrame.new(5123.316,1096.406,2033.950,0.118,-0.000,-0.993,0.000,1.000,-0.000,0.993,0.000,0.118),s="Running",v=Vector3.new(56.858,-8.773,-10.277)},
        {t=0.228,cf=CFrame.new(5123.566,1096.365,2033.904,0.126,-0.000,-0.992,0.000,1.000,-0.000,0.992,0.000,0.126),s="Running",v=Vector3.new(56.994,-2.398,-11.929)},
        {t=0.232,cf=CFrame.new(5123.803,1096.345,2033.855,0.133,-0.000,-0.991,0.000,1.000,-0.000,0.991,0.000,0.133),s="Running",v=Vector3.new(56.892,-1.126,-13.091)},
        {t=0.235,cf=CFrame.new(5124.045,1096.327,2033.800,0.142,-0.000,-0.990,0.000,1.000,-0.000,0.990,0.000,0.142),s="Running",v=Vector3.new(56.477,-0.891,-14.916)},
        {t=0.241,cf=CFrame.new(5124.300,1096.306,2033.732,0.157,-0.000,-0.988,0.000,1.000,-0.000,0.988,0.000,0.157),s="Running",v=Vector3.new(55.827,-0.803,-17.245)},
        {t=0.244,cf=CFrame.new(5124.533,1096.288,2033.661,0.167,-0.000,-0.986,0.000,1.000,-0.000,0.986,0.000,0.167),s="Running",v=Vector3.new(55.342,-0.724,-18.774)},
        {t=0.248,cf=CFrame.new(5124.762,1096.271,2033.584,0.178,-0.000,-0.984,0.000,1.000,-0.000,0.984,0.000,0.178),s="Running",v=Vector3.new(54.656,-10.806,-20.657)},
        {t=0.252,cf=CFrame.new(5124.988,1096.217,2033.500,0.189,-0.000,-0.982,0.000,1.000,-0.000,0.982,0.000,0.189),s="Running",v=Vector3.new(53.869,-11.005,-22.576)},
        {t=0.257,cf=CFrame.new(5125.216,1096.161,2033.405,0.203,-0.000,-0.979,0.000,1.000,-0.000,0.979,0.000,0.203),s="Running",v=Vector3.new(52.915,-7.995,-24.793)},
        {t=0.260,cf=CFrame.new(5125.434,1096.120,2033.304,0.215,-0.000,-0.977,0.000,1.000,-0.000,0.977,0.000,0.215),s="Running",v=Vector3.new(52.208,-4.654,-26.284)},
        {t=0.265,cf=CFrame.new(5125.662,1096.094,2033.190,0.232,-0.000,-0.973,0.000,1.000,-0.000,0.973,0.000,0.232),s="Running",v=Vector3.new(50.757,-0.946,-28.949)},
        {t=0.269,cf=CFrame.new(5125.878,1096.089,2033.068,0.246,-0.000,-0.969,0.000,1.000,-0.000,0.969,0.000,0.246),s="Running",v=Vector3.new(49.900,0.963,-30.436)},
        {t=0.274,cf=CFrame.new(5126.091,1096.089,2032.941,0.264,-0.000,-0.965,0.000,1.000,-0.000,0.965,0.000,0.264),s="Running",v=Vector3.new(49.193,1.542,-31.583)},
        {t=0.278,cf=CFrame.new(5126.294,1096.091,2032.813,0.278,-0.000,-0.961,0.000,1.000,-0.000,0.961,0.000,0.278),s="Running",v=Vector3.new(48.408,1.768,-32.771)},
        {t=0.282,cf=CFrame.new(5126.493,1096.094,2032.680,0.293,-0.000,-0.956,0.000,1.000,-0.000,0.956,0.000,0.293),s="Running",v=Vector3.new(47.333,1.845,-34.265)},
        {t=0.286,cf=CFrame.new(5126.688,1096.097,2032.541,0.310,-0.000,-0.951,0.000,1.000,-0.000,0.951,0.000,0.310),s="Running",v=Vector3.new(46.053,1.810,-35.947)},
        {t=0.290,cf=CFrame.new(5126.887,1096.099,2032.388,0.330,-0.000,-0.944,0.000,1.000,-0.000,0.944,0.000,0.330),s="Running",v=Vector3.new(44.467,1.649,-37.925)},
        {t=0.294,cf=CFrame.new(5127.071,1096.102,2032.233,0.345,-0.000,-0.938,0.000,1.000,-0.000,0.938,0.000,0.345),s="Running",v=Vector3.new(43.533,1.524,-39.020)},
        {t=0.299,cf=CFrame.new(5127.255,1096.104,2032.072,0.365,-0.000,-0.931,0.000,1.000,-0.000,0.931,0.000,0.365),s="Running",v=Vector3.new(42.461,1.386,-40.177)},
        {t=0.302,cf=CFrame.new(5127.428,1096.106,2031.910,0.380,-0.000,-0.925,0.000,1.000,-0.000,0.925,0.000,0.380),s="Running",v=Vector3.new(41.483,1.256,-41.181)},
        {t=0.307,cf=CFrame.new(5127.608,1096.107,2031.734,0.402,-0.000,-0.916,0.000,1.000,-0.000,0.916,0.000,0.402),s="Running",v=Vector3.new(39.957,1.027,-42.675)},
        {t=0.311,cf=CFrame.new(5127.776,1096.109,2031.558,0.419,-0.000,-0.908,0.000,1.000,-0.000,0.908,0.000,0.419),s="Running",v=Vector3.new(38.883,0.909,-43.662)},
        {t=0.315,cf=CFrame.new(5127.935,1096.108,2031.382,0.434,-0.000,-0.901,0.000,1.000,-0.000,0.901,0.000,0.434),s="Running",v=Vector3.new(37.970,0.729,-44.452)},
        {t=0.319,cf=CFrame.new(5128.091,1096.109,2031.202,0.452,-0.000,-0.892,0.000,1.000,-0.000,0.892,0.000,0.452),s="Running",v=Vector3.new(36.880,0.731,-45.357)},
        {t=0.324,cf=CFrame.new(5128.250,1096.108,2031.010,0.475,-0.000,-0.880,0.000,1.000,-0.000,0.880,0.000,0.475),s="Running",v=Vector3.new(35.315,0.480,-46.590)},
        {t=0.327,cf=CFrame.new(5128.396,1096.108,2030.820,0.489,-0.000,-0.872,0.000,1.000,-0.000,0.872,0.000,0.489),s="Running",v=Vector3.new(34.232,0.515,-47.400)},
        {t=0.336,cf=CFrame.new(5128.674,1096.106,2030.440,0.529,-0.000,-0.848,0.000,1.000,-0.000,0.848,0.000,0.529),s="Running",v=Vector3.new(31.331,0.204,-48.005)},
        {t=0.341,cf=CFrame.new(5128.810,1096.107,2030.233,0.550,-0.000,-0.835,0.000,1.000,-0.000,0.835,0.000,0.550),s="Running",v=Vector3.new(30.079,0.300,-49.808)},
        {t=0.344,cf=CFrame.new(5128.935,1096.107,2030.030,0.563,-0.000,-0.826,0.000,1.000,-0.000,0.826,0.000,0.563),s="Running",v=Vector3.new(29.238,0.291,-50.558)},
        {t=0.349,cf=CFrame.new(5129.059,1096.108,2029.819,0.582,-0.000,-0.813,0.000,1.000,-0.000,0.813,0.000,0.582),s="Running",v=Vector3.new(28.172,0.260,-51.215)},
        {t=0.352,cf=CFrame.new(5129.176,1096.108,2029.610,0.597,-0.000,-0.802,0.000,1.000,-0.000,0.802,0.000,0.597),s="Running",v=Vector3.new(27.086,0.230,-51.812)},
        {t=0.356,cf=CFrame.new(5129.290,1096.108,2029.396,0.613,-0.000,-0.790,0.000,1.000,-0.000,0.790,0.000,0.613),s="Running",v=Vector3.new(25.865,0.192,-52.437)},
        {t=0.361,cf=CFrame.new(5129.404,1096.109,2029.169,0.634,-0.000,-0.773,0.000,1.000,-0.000,0.773,0.000,0.634),s="Running",v=Vector3.new(24.499,0.157,-53.094)},
        {t=0.365,cf=CFrame.new(5129.506,1096.109,2028.952,0.648,-0.000,-0.762,0.000,1.000,-0.000,0.762,0.000,0.648),s="Running",v=Vector3.new(23.577,0.140,-53.512)},
        {t=0.369,cf=CFrame.new(5129.605,1096.106,2028.733,0.664,-0.000,-0.748,0.000,1.000,-0.000,0.748,0.000,0.664),s="Running",v=Vector3.new(22.618,-0.064,-53.926)},
        {t=0.373,cf=CFrame.new(5129.701,1096.106,2028.511,0.677,-0.000,-0.736,0.000,1.000,-0.000,0.736,0.000,0.677),s="Running",v=Vector3.new(21.511,0.086,-54.376)},
        {t=0.378,cf=CFrame.new(5129.796,1096.106,2028.274,0.694,-0.000,-0.720,0.000,1.000,-0.000,0.720,0.000,0.694),s="Running",v=Vector3.new(20.329,0.085,-54.836)},
        {t=0.381,cf=CFrame.new(5129.884,1096.107,2028.042,0.706,-0.000,-0.708,0.000,1.000,-0.000,0.708,0.000,0.706),s="Running",v=Vector3.new(19.511,0.073,-55.138)},
        {t=0.386,cf=CFrame.new(5129.971,1096.107,2027.803,0.723,-0.000,-0.691,0.000,1.000,-0.000,0.691,0.000,0.723),s="Running",v=Vector3.new(18.706,0.064,-55.417)},
        {t=0.390,cf=CFrame.new(5130.051,1096.107,2027.573,0.735,-0.000,-0.678,0.000,1.000,-0.000,0.678,0.000,0.735),s="Running",v=Vector3.new(18.069,0.057,-55.626)},
        {t=0.395,cf=CFrame.new(5130.133,1096.107,2027.327,0.753,-0.000,-0.658,0.000,1.000,-0.000,0.658,0.000,0.753),s="Running",v=Vector3.new(16.993,0.047,-55.960)},
        {t=0.400,cf=CFrame.new(5130.209,1096.108,2027.085,0.765,-0.000,-0.644,0.000,1.000,-0.000,0.644,0.000,0.765),s="Running",v=Vector3.new(16.035,0.037,-56.247)},
        {t=0.403,cf=CFrame.new(5130.279,1096.108,2026.845,0.775,-0.000,-0.632,0.000,1.000,-0.000,0.632,0.000,0.775),s="Running",v=Vector3.new(15.451,0.032,-56.414)},
        {t=0.407,cf=CFrame.new(5130.348,1096.108,2026.604,0.786,-0.000,-0.619,0.000,1.000,-0.000,0.619,0.000,0.786),s="Running",v=Vector3.new(14.911,0.027,-56.561)},
        {t=0.411,cf=CFrame.new(5130.414,1096.108,2026.363,0.797,-0.000,-0.604,0.000,1.000,-0.000,0.604,0.000,0.797),s="Running",v=Vector3.new(14.323,0.024,-56.712)},
        {t=0.415,cf=CFrame.new(5130.477,1096.108,2026.124,0.807,-0.000,-0.590,0.000,1.000,-0.000,0.590,0.000,0.807),s="Running",v=Vector3.new(13.751,0.022,-56.852)},
        {t=0.419,cf=CFrame.new(5130.537,1096.108,2025.886,0.817,-0.000,-0.577,0.000,1.000,-0.000,0.577,0.000,0.817),s="Running",v=Vector3.new(13.130,0.018,-56.998)},
        {t=0.423,cf=CFrame.new(5130.593,1096.108,2025.648,0.825,-0.000,-0.565,0.000,1.000,-0.000,0.565,0.000,0.825),s="Running",v=Vector3.new(12.516,0.015,-57.137)},
        {t=0.427,cf=CFrame.new(5130.650,1096.108,2025.403,0.835,-0.000,-0.550,0.000,1.000,-0.000,0.550,0.000,0.835),s="Running",v=Vector3.new(11.959,0.013,-57.258)},
        {t=0.432,cf=CFrame.new(5130.706,1096.108,2025.151,0.846,-0.000,-0.534,0.000,1.000,-0.000,0.534,0.000,0.846),s="Running",v=Vector3.new(11.391,0.011,-57.375)},
        {t=0.435,cf=CFrame.new(5130.755,1096.108,2024.911,0.853,-0.000,-0.523,0.000,1.000,-0.000,0.523,0.000,0.853),s="Running",v=Vector3.new(10.938,0.011,-57.463)},
        {t=0.441,cf=CFrame.new(5130.809,1096.108,2024.649,0.864,-0.000,-0.504,0.000,1.000,-0.000,0.504,0.000,0.864),s="Running",v=Vector3.new(10.285,0.010,-57.583)},
        {t=0.446,cf=CFrame.new(5130.858,1096.108,2024.387,0.873,-0.000,-0.487,0.000,1.000,-0.000,0.487,0.000,0.873),s="Running",v=Vector3.new(9.861,0.010,-57.659)},
        {t=0.450,cf=CFrame.new(5130.903,1096.108,2024.140,0.880,-0.000,-0.476,0.000,1.000,-0.000,0.476,0.000,0.880),s="Running",v=Vector3.new(9.606,0.010,-57.703)},
        {t=0.454,cf=CFrame.new(5130.946,1096.108,2023.895,0.885,-0.000,-0.466,0.000,1.000,-0.000,0.466,0.000,0.885),s="Running",v=Vector3.new(9.389,0.010,-57.739)},
        {t=0.457,cf=CFrame.new(5130.988,1096.108,2023.651,0.890,-0.000,-0.456,0.000,1.000,-0.000,0.456,0.000,0.890),s="Running",v=Vector3.new(9.235,0.010,-57.765)},
        {t=0.460,cf=CFrame.new(5131.028,1096.108,2023.411,0.895,-0.000,-0.447,0.000,1.000,-0.000,0.447,0.000,0.895),s="Running",v=Vector3.new(9.129,0.010,-57.782)},
        {t=0.466,cf=CFrame.new(5131.071,1096.108,2023.158,0.902,-0.000,-0.431,0.000,1.000,-0.000,0.431,0.000,0.902),s="Running",v=Vector3.new(8.946,0.010,-57.810)},
        {t=0.469,cf=CFrame.new(5131.110,1096.108,2022.916,0.907,-0.000,-0.422,0.000,1.000,-0.000,0.422,0.000,0.907),s="Running",v=Vector3.new(8.837,0.010,-57.827)},
        {t=0.473,cf=CFrame.new(5131.149,1096.108,2022.675,0.911,-0.000,-0.413,0.000,1.000,-0.000,0.413,0.000,0.911),s="Running",v=Vector3.new(8.746,0.010,-57.841)},
        {t=0.477,cf=CFrame.new(5131.189,1096.108,2022.430,0.916,-0.000,-0.402,0.000,1.000,-0.000,0.402,0.000,0.916),s="Running",v=Vector3.new(8.707,0.010,-57.847)},
        {t=0.482,cf=CFrame.new(5131.229,1096.108,2022.183,0.920,-0.000,-0.391,0.000,1.000,-0.000,0.391,0.000,0.920),s="Running",v=Vector3.new(8.691,0.010,-57.850)},
        {t=0.485,cf=CFrame.new(5131.267,1096.108,2021.940,0.924,-0.000,-0.383,0.000,1.000,-0.000,0.383,0.000,0.924),s="Running",v=Vector3.new(8.679,0.010,-57.851)},
        {t=0.491,cf=CFrame.new(5131.306,1096.108,2021.689,0.928,-0.000,-0.371,0.000,1.000,-0.000,0.371,0.000,0.928),s="Running",v=Vector3.new(8.638,0.010,-57.858)},
        {t=0.494,cf=CFrame.new(5131.343,1096.108,2021.449,0.931,-0.000,-0.364,0.000,1.000,-0.000,0.364,0.000,0.931),s="Running",v=Vector3.new(8.610,0.010,-57.862)},
        {t=0.499,cf=CFrame.new(5131.384,1096.108,2021.191,0.935,-0.000,-0.354,0.000,1.000,-0.000,0.354,0.000,0.935),s="Running",v=Vector3.new(8.588,0.010,-57.865)},
        {t=0.502,cf=CFrame.new(5131.421,1096.108,2020.951,0.938,-0.000,-0.348,0.000,1.000,-0.000,0.348,0.000,0.938),s="Running",v=Vector3.new(8.582,0.010,-57.866)},
        {t=0.507,cf=CFrame.new(5131.459,1096.108,2020.704,0.941,-0.000,-0.339,0.000,1.000,-0.000,0.339,0.000,0.941),s="Running",v=Vector3.new(8.580,0.010,-57.866)},
        {t=0.512,cf=CFrame.new(5131.499,1096.108,2020.450,0.944,-0.000,-0.330,0.000,1.000,-0.000,0.330,0.000,0.944),s="Running",v=Vector3.new(8.579,0.010,-57.866)},
        {t=0.516,cf=CFrame.new(5131.538,1096.108,2020.199,0.947,-0.000,-0.322,0.000,1.000,-0.000,0.322,0.000,0.947),s="Running",v=Vector3.new(8.578,0.010,-57.866)},
        {t=0.519,cf=CFrame.new(5131.575,1096.108,2019.960,0.948,-0.000,-0.317,0.000,1.000,-0.000,0.317,0.000,0.948),s="Running",v=Vector3.new(8.578,0.010,-57.866)},
        {t=0.523,cf=CFrame.new(5131.612,1096.108,2019.720,0.950,-0.000,-0.311,0.000,1.000,-0.000,0.311,0.000,0.950),s="Running",v=Vector3.new(8.578,0.010,-57.866)},
        {t=0.528,cf=CFrame.new(5131.650,1096.108,2019.471,0.953,-0.000,-0.303,0.000,1.000,-0.000,0.303,0.000,0.953),s="Running",v=Vector3.new(8.578,0.010,-57.866)},
        {t=0.531,cf=CFrame.new(5131.688,1096.108,2019.227,0.955,-0.000,-0.298,0.000,1.000,-0.000,0.298,0.000,0.955),s="Running",v=Vector3.new(8.578,0.010,-57.866)},
        {t=0.535,cf=CFrame.new(5131.726,1096.108,2018.981,0.956,-0.000,-0.292,0.000,1.000,-0.000,0.292,0.000,0.956),s="Running",v=Vector3.new(8.578,0.010,-57.866)},
        {t=0.541,cf=CFrame.new(5131.766,1096.108,2018.718,0.959,-0.000,-0.284,0.000,1.000,-0.000,0.284,0.000,0.959),s="Running",v=Vector3.new(8.578,0.010,-57.866)},
        {t=0.544,cf=CFrame.new(5131.803,1096.108,2018.474,0.960,-0.000,-0.280,0.000,1.000,-0.000,0.280,0.000,0.960),s="Running",v=Vector3.new(8.578,0.010,-57.866)},
        {t=0.549,cf=CFrame.new(5131.843,1096.108,2018.216,0.962,-0.000,-0.273,0.000,1.000,-0.000,0.273,0.000,0.962),s="Running",v=Vector3.new(8.578,0.010,-57.866)},
        {t=0.553,cf=CFrame.new(5131.879,1096.108,2017.975,0.963,-0.000,-0.269,0.000,1.000,-0.000,0.269,0.000,0.963),s="Running",v=Vector3.new(8.578,0.010,-57.866)},
        {t=0.556,cf=CFrame.new(5131.916,1096.108,2017.738,0.964,-0.000,-0.265,0.000,1.000,-0.000,0.265,0.000,0.964),s="Running",v=Vector3.new(8.578,0.010,-57.866)},
        {t=0.561,cf=CFrame.new(5131.955,1096.108,2017.479,0.966,-0.000,-0.259,0.000,1.000,-0.000,0.259,0.000,0.966),s="Running",v=Vector3.new(8.578,0.010,-57.866)},
        {t=0.565,cf=CFrame.new(5131.993,1096.108,2017.228,0.967,-0.000,-0.255,0.000,1.000,-0.000,0.255,0.000,0.967),s="Running",v=Vector3.new(8.578,0.010,-57.866)},
        {t=0.569,cf=CFrame.new(5132.030,1096.108,2016.986,0.968,-0.000,-0.251,0.000,1.000,-0.000,0.251,0.000,0.968),s="Running",v=Vector3.new(8.578,0.010,-57.866)},
        {t=0.573,cf=CFrame.new(5132.067,1096.108,2016.739,0.969,-0.000,-0.247,0.000,1.000,-0.000,0.247,0.000,0.969),s="Running",v=Vector3.new(8.578,0.010,-57.866)},
        {t=0.577,cf=CFrame.new(5132.104,1096.108,2016.497,0.970,-0.000,-0.243,0.000,1.000,-0.000,0.243,0.000,0.970),s="Running",v=Vector3.new(8.578,0.010,-57.866)},
        {t=0.581,cf=CFrame.new(5132.141,1096.108,2016.253,0.971,-0.000,-0.239,0.000,1.000,-0.000,0.239,0.000,0.971),s="Running",v=Vector3.new(8.549,0.010,-57.871)},
        {t=0.586,cf=CFrame.new(5132.179,1096.108,2016.000,0.972,-0.000,-0.234,0.000,1.000,-0.000,0.234,0.000,0.972),s="Running",v=Vector3.new(8.482,0.010,-57.881)},
        {t=0.590,cf=CFrame.new(5132.216,1096.108,2015.754,0.973,-0.000,-0.230,0.000,1.000,-0.000,0.230,0.000,0.973),s="Running",v=Vector3.new(8.390,0.010,-57.894)},
        {t=0.593,cf=CFrame.new(5132.250,1096.108,2015.518,0.974,-0.000,-0.228,0.000,1.000,-0.000,0.228,0.000,0.974),s="Running",v=Vector3.new(8.298,0.010,-57.907)},
        {t=0.599,cf=CFrame.new(5132.288,1096.108,2015.262,0.975,-0.000,-0.222,0.000,1.000,-0.000,0.222,0.000,0.975),s="Running",v=Vector3.new(8.068,0.010,-57.939)},
        {t=0.602,cf=CFrame.new(5132.321,1096.108,2015.024,0.976,-0.000,-0.220,0.000,1.000,-0.000,0.220,0.000,0.976),s="Running",v=Vector3.new(7.890,0.010,-57.964)},
        {t=0.607,cf=CFrame.new(5132.357,1096.108,2014.767,0.977,-0.000,-0.215,0.000,1.000,-0.000,0.215,0.000,0.977),s="Running",v=Vector3.new(7.615,0.010,-58.000)},
        {t=0.611,cf=CFrame.new(5132.390,1096.108,2014.516,0.977,-0.000,-0.211,0.000,1.000,-0.000,0.211,0.000,0.977),s="Running",v=Vector3.new(7.392,0.010,-58.029)},
        {t=0.615,cf=CFrame.new(5132.422,1096.108,2014.269,0.978,-0.000,-0.207,0.000,1.000,-0.000,0.207,0.000,0.978),s="Running",v=Vector3.new(7.183,0.010,-58.055)},
        {t=0.619,cf=CFrame.new(5132.454,1096.108,2014.021,0.979,-0.000,-0.203,0.000,1.000,-0.000,0.203,0.000,0.979),s="Running",v=Vector3.new(6.877,0.010,-58.092)},
        {t=0.624,cf=CFrame.new(5132.483,1096.108,2013.773,0.980,-0.000,-0.198,0.000,1.000,-0.000,0.198,0.000,0.980),s="Running",v=Vector3.new(6.608,0.010,-58.123)},
        {t=0.627,cf=CFrame.new(5132.511,1096.108,2013.534,0.981,-0.000,-0.195,0.000,1.000,-0.000,0.195,0.000,0.981),s="Running",v=Vector3.new(6.346,0.010,-58.152)},
        {t=0.631,cf=CFrame.new(5132.539,1096.108,2013.284,0.981,-0.000,-0.192,0.000,1.000,-0.000,0.192,0.000,0.981),s="Running",v=Vector3.new(6.065,0.010,-58.183)},
        {t=0.637,cf=CFrame.new(5132.567,1096.108,2013.021,0.983,-0.000,-0.186,0.000,1.000,-0.000,0.186,0.000,0.983),s="Running",v=Vector3.new(5.895,0.010,-58.200)},
        {t=0.640,cf=CFrame.new(5132.592,1096.108,2012.780,0.983,-0.000,-0.183,0.000,1.000,-0.000,0.183,0.000,0.983),s="Running",v=Vector3.new(5.785,0.010,-58.212)},
        {t=0.644,cf=CFrame.new(5132.617,1096.108,2012.537,0.984,-0.000,-0.180,0.000,1.000,-0.000,0.180,0.000,0.984),s="Running",v=Vector3.new(5.640,0.010,-58.226)},
        {t=0.648,cf=CFrame.new(5132.642,1096.108,2012.289,0.984,-0.000,-0.176,0.000,1.000,-0.000,0.176,0.000,0.984),s="Running",v=Vector3.new(5.457,0.010,-58.243)},
        {t=0.653,cf=CFrame.new(5132.667,1096.108,2012.032,0.985,-0.000,-0.172,0.000,1.000,-0.000,0.172,0.000,0.985),s="Running",v=Vector3.new(5.247,0.010,-58.263)},
        {t=0.657,cf=CFrame.new(5132.689,1096.108,2011.785,0.986,-0.000,-0.168,0.000,1.000,-0.000,0.168,0.000,0.986),s="Running",v=Vector3.new(5.069,0.010,-58.278)},
        {t=0.661,cf=CFrame.new(5132.711,1096.108,2011.538,0.986,-0.000,-0.164,0.000,1.000,-0.000,0.164,0.000,0.986),s="Running",v=Vector3.new(4.860,0.010,-58.296)},
        {t=0.665,cf=CFrame.new(5132.732,1096.108,2011.292,0.987,-0.000,-0.161,0.000,1.000,-0.000,0.161,0.000,0.987),s="Running",v=Vector3.new(4.609,0.010,-58.316)},
        {t=0.670,cf=CFrame.new(5132.753,1096.108,2011.036,0.988,-0.000,-0.156,0.000,1.000,-0.000,0.156,0.000,0.988),s="Running",v=Vector3.new(4.267,0.010,-58.342)},
        {t=0.672,cf=CFrame.new(5132.771,1096.108,2010.796,0.988,-0.000,-0.154,0.000,1.000,-0.000,0.154,0.000,0.988),s="Running",v=Vector3.new(4.036,0.010,-58.359)},
        {t=0.678,cf=CFrame.new(5132.791,1096.108,2010.537,0.989,-0.000,-0.148,0.000,1.000,-0.000,0.148,0.000,0.989),s="Running",v=Vector3.new(3.729,0.010,-58.379)},
        {t=0.682,cf=CFrame.new(5132.807,1096.108,2010.289,0.990,-0.000,-0.144,0.000,1.000,-0.000,0.144,0.000,0.990),s="Running",v=Vector3.new(3.411,0.010,-58.398)},
        {t=0.686,cf=CFrame.new(5132.822,1096.108,2010.045,0.990,-0.000,-0.140,0.000,1.000,-0.000,0.140,0.000,0.990),s="Running",v=Vector3.new(3.159,0.010,-58.412)},
        {t=0.689,cf=CFrame.new(5132.836,1096.108,2009.799,0.991,-0.000,-0.137,0.000,1.000,-0.000,0.137,0.000,0.991),s="Running",v=Vector3.new(2.885,0.010,-58.426)},
        {t=0.693,cf=CFrame.new(5132.850,1096.108,2009.549,0.991,-0.000,-0.133,0.000,1.000,-0.000,0.133,0.000,0.991),s="Running",v=Vector3.new(2.586,0.010,-58.441)},
        {t=0.700,cf=CFrame.new(5132.862,1096.108,2009.283,0.992,-0.000,-0.126,0.000,1.000,-0.000,0.126,0.000,0.992),s="Running",v=Vector3.new(2.215,0.010,-58.456)},
        {t=0.702,cf=CFrame.new(5132.872,1096.108,2009.043,0.992,-0.000,-0.124,0.000,1.000,-0.000,0.124,0.000,0.992),s="Running",v=Vector3.new(2.004,0.010,-58.463)},
        {t=0.706,cf=CFrame.new(5132.881,1096.108,2008.796,0.993,-0.000,-0.120,0.000,1.000,-0.000,0.120,0.000,0.993),s="Running",v=Vector3.new(1.810,0.010,-58.470)},
        {t=0.711,cf=CFrame.new(5132.889,1096.108,2008.551,0.993,-0.000,-0.116,0.000,1.000,-0.000,0.116,0.000,0.993),s="Running",v=Vector3.new(1.618,0.010,-58.476)},
        {t=0.714,cf=CFrame.new(5132.897,1096.108,2008.308,0.994,-0.000,-0.112,0.000,1.000,-0.000,0.112,0.000,0.994),s="Running",v=Vector3.new(1.440,0.010,-58.480)},
        {t=0.718,cf=CFrame.new(5132.904,1096.108,2008.065,0.994,-0.000,-0.108,0.000,1.000,-0.000,0.108,0.000,0.994),s="Running",v=Vector3.new(1.276,0.010,-58.484)},
        {t=0.724,cf=CFrame.new(5132.910,1096.108,2007.809,0.995,-0.000,-0.104,0.000,1.000,-0.000,0.104,0.000,0.995),s="Running",v=Vector3.new(1.121,0.010,-58.488)},
        {t=0.728,cf=CFrame.new(5132.916,1096.108,2007.562,0.995,-0.000,-0.100,0.000,1.000,-0.000,0.100,0.000,0.995),s="Running",v=Vector3.new(1.031,0.010,-58.490)},
        {t=0.733,cf=CFrame.new(5132.921,1096.108,2007.305,0.995,-0.000,-0.096,0.000,1.000,-0.000,0.096,0.000,0.995),s="Running",v=Vector3.new(0.922,0.010,-58.491)},
        {t=0.735,cf=CFrame.new(5132.925,1096.108,2007.063,0.996,-0.000,-0.093,0.000,1.000,-0.000,0.093,0.000,0.996),s="Running",v=Vector3.new(0.808,0.010,-58.493)},
        {t=0.740,cf=CFrame.new(5132.929,1096.108,2006.810,0.996,-0.000,-0.090,0.000,1.000,-0.000,0.090,0.000,0.996),s="Running",v=Vector3.new(0.667,0.010,-58.495)},
        {t=0.743,cf=CFrame.new(5132.933,1096.108,2006.562,0.996,-0.000,-0.087,0.000,1.000,-0.000,0.087,0.000,0.996),s="Running",v=Vector3.new(0.548,0.010,-58.496)},
        {t=0.749,cf=CFrame.new(5132.936,1096.108,2006.303,0.997,-0.000,-0.083,0.000,1.000,-0.000,0.083,0.000,0.997),s="Running",v=Vector3.new(0.409,0.010,-58.497)},
        {t=0.753,cf=CFrame.new(5132.938,1096.108,2006.044,0.997,-0.000,-0.079,0.000,1.000,-0.000,0.079,0.000,0.997),s="Running",v=Vector3.new(0.254,0.010,-58.498)},
        {t=0.756,cf=CFrame.new(5132.940,1096.108,2005.798,0.997,-0.000,-0.076,0.000,1.000,-0.000,0.076,0.000,0.997),s="Running",v=Vector3.new(0.160,0.010,-58.498)},
        {t=0.761,cf=CFrame.new(5132.941,1096.108,2005.541,0.997,-0.000,-0.073,0.000,1.000,-0.000,0.073,0.000,0.997),s="Running",v=Vector3.new(0.055,0.010,-58.499)},
        {t=0.765,cf=CFrame.new(5132.942,1096.108,2005.296,0.998,-0.000,-0.070,0.000,1.000,-0.000,0.070,0.000,0.998),s="Running",v=Vector3.new(-0.052,0.010,-58.499)},
        {t=0.773,cf=CFrame.new(5132.943,1096.108,2004.813,0.998,-0.000,-0.064,0.000,1.000,-0.000,0.064,0.000,0.998),s="Running",v=Vector3.new(-0.197,0.010,-57.372)},
        {t=0.778,cf=CFrame.new(5132.943,1096.108,2004.558,0.998,-0.000,-0.060,0.000,1.000,-0.000,0.060,0.000,0.998),s="Running",v=Vector3.new(-0.253,0.010,-58.217)},
        {t=0.782,cf=CFrame.new(5132.943,1096.108,2004.319,0.998,-0.000,-0.058,0.000,1.000,-0.000,0.058,0.000,0.998),s="Running",v=Vector3.new(-0.268,0.010,-58.428)},
        {t=0.785,cf=CFrame.new(5132.942,1096.108,2004.075,0.998,-0.000,-0.056,0.000,1.000,-0.000,0.056,0.000,0.998),s="Running",v=Vector3.new(-0.276,0.010,-58.481)},
        {t=0.790,cf=CFrame.new(5132.942,1096.108,2003.822,0.999,-0.000,-0.053,0.000,1.000,-0.000,0.053,0.000,0.999),s="Running",v=Vector3.new(-0.279,0.010,-58.494)},
        {t=0.793,cf=CFrame.new(5132.941,1096.108,2003.583,0.999,-0.000,-0.051,0.000,1.000,-0.000,0.051,0.000,0.999),s="Running",v=Vector3.new(-0.301,0.010,-58.497)},
        {t=0.798,cf=CFrame.new(5132.941,1096.108,2003.332,0.999,-0.000,-0.048,0.000,1.000,-0.000,0.048,0.000,0.999),s="Running",v=Vector3.new(-0.367,0.010,-58.497)},
        {t=0.803,cf=CFrame.new(5132.940,1096.108,2003.083,0.999,-0.000,-0.046,0.000,1.000,-0.000,0.046,0.000,0.999),s="Running",v=Vector3.new(-0.450,0.010,-58.497)},
        {t=0.806,cf=CFrame.new(5132.938,1096.108,2002.843,0.999,-0.000,-0.044,0.000,1.000,-0.000,0.044,0.000,0.999),s="Running",v=Vector3.new(-0.523,0.010,-58.496)},
        {t=0.810,cf=CFrame.new(5132.937,1096.108,2002.592,0.999,-0.000,-0.042,0.000,1.000,-0.000,0.042,0.000,0.999),s="Running",v=Vector3.new(-0.565,0.010,-58.496)},
        {t=0.829,cf=CFrame.new(5132.931,1096.108,2001.655,0.999,-0.000,-0.033,0.000,1.000,-0.000,0.033,0.000,0.999),s="Running",v=Vector3.new(-0.589,0.010,-55.118)},
        {t=0.834,cf=CFrame.new(5132.928,1096.108,2001.402,1.000,-0.000,-0.030,0.000,1.000,-0.000,0.030,0.000,1.000),s="Running",v=Vector3.new(-0.659,0.010,-57.651)},
        {t=0.841,cf=CFrame.new(5132.923,1096.108,2000.923,1.000,-0.000,-0.027,0.000,1.000,-0.000,0.027,0.000,1.000),s="Running",v=Vector3.new(-0.668,0.010,-57.158)},
        {t=0.845,cf=CFrame.new(5132.921,1096.108,2000.678,1.000,-0.000,-0.026,0.000,1.000,-0.000,0.026,0.000,1.000),s="Running",v=Vector3.new(-0.683,0.010,-58.161)},
        {t=0.849,cf=CFrame.new(5132.918,1096.108,2000.433,1.000,-0.000,-0.025,0.000,1.000,-0.000,0.025,0.000,1.000),s="Running",v=Vector3.new(-0.688,0.010,-58.411)},
        {t=0.852,cf=CFrame.new(5132.916,1096.108,2000.183,1.000,-0.000,-0.023,0.000,1.000,-0.000,0.023,0.000,1.000),s="Running",v=Vector3.new(-0.689,0.010,-58.474)},
        {t=0.856,cf=CFrame.new(5132.914,1096.108,1999.931,1.000,-0.000,-0.022,0.000,1.000,-0.000,0.022,0.000,1.000),s="Running",v=Vector3.new(-0.689,0.010,-58.490)},
        {t=0.861,cf=CFrame.new(5132.911,1096.108,1999.667,1.000,-0.000,-0.020,0.000,1.000,-0.000,0.020,0.000,1.000),s="Running",v=Vector3.new(-0.689,0.010,-58.493)},
        {t=0.879,cf=CFrame.new(5132.901,1096.108,1998.702,1.000,-0.000,-0.015,0.000,1.000,-0.000,0.015,0.000,1.000),s="Running",v=Vector3.new(-0.650,0.010,-55.117)},
        {t=0.894,cf=CFrame.new(5132.892,1096.108,1997.851,1.000,-0.000,-0.011,0.000,1.000,-0.000,0.011,0.000,1.000),s="Running",v=Vector3.new(-0.640,0.010,-54.273)},
        {t=0.906,cf=CFrame.new(5132.886,1096.108,1997.309,1.000,-0.000,-0.008,0.000,1.000,-0.000,0.008,0.000,1.000),s="Running",v=Vector3.new(-0.741,0.010,-56.312)},
        {t=0.911,cf=CFrame.new(5132.880,1096.108,1996.843,1.000,-0.000,-0.007,0.000,1.000,-0.000,0.007,0.000,1.000),s="Running",v=Vector3.new(-0.832,0.010,-56.821)},
        {t=0.924,cf=CFrame.new(5132.870,1096.108,1996.117,1.000,-0.000,-0.004,0.000,1.000,-0.000,0.004,0.000,1.000),s="Running",v=Vector3.new(-0.984,0.010,-55.820)},
        {t=0.928,cf=CFrame.new(5132.865,1096.108,1995.866,1.000,-0.000,-0.003,0.000,1.000,-0.000,0.003,0.000,1.000),s="Running",v=Vector3.new(-1.066,0.010,-57.822)},
        {t=0.931,cf=CFrame.new(5132.861,1096.108,1995.611,1.000,-0.000,-0.002,0.000,1.000,-0.000,0.002,0.000,1.000),s="Running",v=Vector3.new(-1.088,0.010,-58.322)},
        {t=0.936,cf=CFrame.new(5132.856,1096.108,1995.342,1.000,-0.000,-0.001,0.000,1.000,-0.000,0.001,0.000,1.000),s="Running",v=Vector3.new(-1.095,0.010,-58.447)},
        {t=0.939,cf=CFrame.new(5132.851,1096.108,1995.087,1.000,-0.000,-0.001,0.000,1.000,-0.000,0.001,0.000,1.000),s="Running",v=Vector3.new(-1.097,0.010,-58.478)},
        {t=0.945,cf=CFrame.new(5132.846,1096.108,1994.817,1.000,0.000,0.000,0.000,1.000,0.000,-0.000,0.000,1.000),s="Running",v=Vector3.new(-1.098,0.010,-58.486)},
        {t=0.948,cf=CFrame.new(5132.841,1096.108,1994.567,1.000,0.000,0.001,0.000,1.000,0.000,-0.001,0.000,1.000),s="Running",v=Vector3.new(-1.098,0.010,-58.488)},
        {t=0.958,cf=CFrame.new(5132.832,1096.108,1994.030,1.000,0.000,0.003,0.000,1.000,0.000,-0.003,0.000,1.000),s="Running",v=Vector3.new(-1.077,0.010,-57.363)},
        {t=0.961,cf=CFrame.new(5132.827,1096.108,1993.780,1.000,0.000,0.003,0.000,1.000,0.000,-0.003,0.000,1.000),s="Running",v=Vector3.new(-1.093,0.010,-58.207)},
        {t=0.965,cf=CFrame.new(5132.822,1096.108,1993.529,1.000,0.000,0.004,0.000,1.000,0.000,-0.004,0.000,1.000),s="Running",v=Vector3.new(-1.097,0.010,-58.418)},
        {t=0.969,cf=CFrame.new(5132.817,1096.108,1993.261,1.000,0.000,0.004,0.000,1.000,0.000,-0.004,0.000,1.000),s="Running",v=Vector3.new(-1.098,0.010,-58.471)},
        {t=0.972,cf=CFrame.new(5132.813,1096.108,1993.015,1.000,0.000,0.005,0.000,1.000,0.000,-0.005,0.000,1.000),s="Running",v=Vector3.new(-1.098,0.010,-58.484)},
        {t=0.978,cf=CFrame.new(5132.808,1096.108,1992.753,1.000,0.000,0.005,0.000,1.000,0.000,-0.005,0.000,1.000),s="Running",v=Vector3.new(-1.098,0.010,-58.487)},
        {t=0.981,cf=CFrame.new(5132.803,1096.108,1992.502,1.000,0.000,0.006,0.000,1.000,0.000,-0.006,0.000,1.000),s="Running",v=Vector3.new(-1.098,0.010,-58.488)},
        {t=0.987,cf=CFrame.new(5132.798,1096.108,1992.234,1.000,0.000,0.007,0.000,1.000,0.000,-0.007,0.000,1.000),s="Running",v=Vector3.new(-1.098,0.010,-58.488)},
        {t=0.995,cf=CFrame.new(5132.789,1096.108,1991.741,1.000,0.000,0.008,0.000,1.000,0.000,-0.008,0.000,1.000),s="Running",v=Vector3.new(-1.077,0.010,-57.363)},
        {t=0.998,cf=CFrame.new(5132.785,1096.108,1991.494,1.000,0.000,0.008,0.000,1.000,0.000,-0.008,0.000,1.000),s="Running",v=Vector3.new(-1.093,0.010,-58.207)},
        {t=1.002,cf=CFrame.new(5132.780,1096.108,1991.246,1.000,0.000,0.008,0.000,1.000,0.000,-0.008,0.000,1.000),s="Running",v=Vector3.new(-1.097,0.010,-58.418)},
        {t=1.014,cf=CFrame.new(5132.770,1096.108,1990.690,1.000,0.000,0.010,0.000,1.000,0.000,-0.010,0.000,1.000),s="Running",v=Vector3.new(-1.077,0.010,-57.345)},
        {t=1.018,cf=CFrame.new(5132.765,1096.108,1990.438,1.000,0.000,0.010,0.000,1.000,0.000,-0.010,0.000,1.000),s="Running",v=Vector3.new(-1.093,0.010,-58.203)},
        {t=1.022,cf=CFrame.new(5132.756,1096.108,1989.985,1.000,0.000,0.010,0.000,1.000,0.000,-0.010,0.000,1.000),s="Running",v=Vector3.new(-1.076,0.010,-57.291)},
        {t=1.025,cf=CFrame.new(5132.756,1096.108,1989.963,1.000,0.000,0.010,0.000,1.000,0.000,-0.010,0.000,1.000),s="Running",v=Vector3.new(-1.114,0.010,-59.315)},
        {t=1.031,cf=CFrame.new(5132.747,1096.108,1989.487,1.000,0.000,0.011,0.000,1.000,0.000,-0.011,0.000,1.000),s="Running",v=Vector3.new(-1.081,0.010,-57.569)},
        {t=1.035,cf=CFrame.new(5132.742,1096.108,1989.235,1.000,0.000,0.011,0.000,1.000,0.000,-0.011,0.000,1.000),s="Running",v=Vector3.new(-1.094,0.010,-58.259)},
        {t=1.039,cf=CFrame.new(5132.737,1096.108,1988.985,1.000,0.000,0.012,0.000,1.000,0.000,-0.012,0.000,1.000),s="Running",v=Vector3.new(-1.097,0.010,-58.431)},
        {t=1.041,cf=CFrame.new(5132.737,1096.108,1988.966,1.000,0.000,0.012,0.000,1.000,0.000,-0.012,0.000,1.000),s="Running",v=Vector3.new(-1.119,0.010,-59.600)},
        {t=1.045,cf=CFrame.new(5132.732,1096.108,1988.713,1.000,0.000,0.012,0.000,1.000,0.000,-0.012,0.000,1.000),s="Running",v=Vector3.new(-1.103,0.010,-58.766)},
        {t=1.048,cf=CFrame.new(5132.727,1096.108,1988.470,1.000,0.000,0.012,0.000,1.000,0.000,-0.012,0.000,1.000),s="Running",v=Vector3.new(-1.099,0.010,-58.558)},
        {t=1.052,cf=CFrame.new(5132.722,1096.108,1988.216,1.000,0.000,0.012,0.000,1.000,0.000,-0.012,0.000,1.000),s="Running",v=Vector3.new(-1.098,0.010,-58.506)},
        {t=1.057,cf=CFrame.new(5132.717,1096.108,1987.951,1.000,0.000,0.013,0.000,1.000,0.000,-0.013,0.000,1.000),s="Running",v=Vector3.new(-1.098,0.010,-58.493)},
        {t=1.061,cf=CFrame.new(5132.712,1096.108,1987.702,1.000,0.000,0.013,0.000,1.000,0.000,-0.013,0.000,1.000),s="Running",v=Vector3.new(-1.098,0.010,-58.490)},
        {t=1.065,cf=CFrame.new(5132.708,1096.108,1987.442,1.000,0.000,0.013,0.000,1.000,0.000,-0.013,0.000,1.000),s="Running",v=Vector3.new(-1.151,0.010,-58.488)},
        {t=1.069,cf=CFrame.new(5132.703,1096.108,1987.198,1.000,0.000,0.014,0.000,1.000,0.000,-0.014,0.000,1.000),s="Running",v=Vector3.new(-1.200,0.010,-58.486)},
        {t=1.074,cf=CFrame.new(5132.697,1096.108,1986.929,1.000,0.000,0.014,0.000,1.000,0.000,-0.014,0.000,1.000),s="Running",v=Vector3.new(-1.260,0.010,-58.485)},
        {t=1.077,cf=CFrame.new(5132.692,1096.108,1986.686,1.000,0.000,0.014,0.000,1.000,0.000,-0.014,0.000,1.000),s="Running",v=Vector3.new(-1.287,0.010,-58.485)},
        {t=1.081,cf=CFrame.new(5132.687,1096.108,1986.425,1.000,0.000,0.015,0.000,1.000,0.000,-0.015,0.000,1.000),s="Running",v=Vector3.new(-1.297,0.010,-58.484)},
        {t=1.085,cf=CFrame.new(5132.681,1096.108,1986.174,1.000,0.000,0.015,0.000,1.000,0.000,-0.015,0.000,1.000),s="Running",v=Vector3.new(-1.300,0.010,-58.484)},
