-- CFrame Auto Walk Recording
-- Total Frames: 5862
-- Recorded HipHeight: 5.058475494384766

return {
    hipHeight = 5.058475494384766,
    frames = {
        {t=0.004,cf=CFrame.new(3674.987,1096.608,2033.140,0.122,0.000,-0.993,0.000,1.000,0.000,0.993,0.000,0.122),s="Running",v=Vector3.new(0.000,0.010,0.000)},
        {t=0.007,cf=CFrame.new(3674.987,1096.608,2033.140,0.122,0.000,-0.993,0.000,1.000,0.000,0.993,0.000,0.122),s="Running",v=Vector3.new(0.000,0.010,0.000)},
        {t=0.012,cf=CFrame.new(3674.987,1096.608,2033.140,0.122,0.000,-0.993,0.000,1.000,0.000,0.993,0.000,0.122),s="Running",v=Vector3.new(0.000,0.010,0.000)},
        {t=0.015,cf=CFrame.new(3674.987,1096.608,2033.140,0.122,0.000,-0.993,0.000,1.000,0.000,0.993,0.000,0.122),s="Running",v=Vector3.new(0.000,0.010,0.000)},
        {t=0.020,cf=CFrame.new(3674.987,1096.608,2033.140,0.122,0.000,-0.993,0.000,1.000,0.000,0.993,0.000,0.122),s="Running",v=Vector3.new(0.000,0.010,0.000)},
        {t=0.025,cf=CFrame.new(3674.987,1096.608,2033.140,0.122,0.000,-0.993,0.000,1.000,0.000,0.993,0.000,0.122),s="Running",v=Vector3.new(0.000,0.010,0.000)},
        {t=0.028,cf=CFrame.new(3674.987,1096.608,2033.140,0.122,0.000,-0.993,0.000,1.000,0.000,0.993,0.000,0.122),s="Running",v=Vector3.new(0.000,0.010,0.000)},
        {t=0.033,cf=CFrame.new(3674.987,1096.608,2033.140,0.122,0.000,-0.993,0.000,1.000,0.000,0.993,0.000,0.122),s="Running",v=Vector3.new(0.000,0.010,0.000)},
        {t=0.036,cf=CFrame.new(3674.987,1096.608,2033.140,0.122,0.000,-0.993,0.000,1.000,0.000,0.993,0.000,0.122),s="Running",v=Vector3.new(0.000,0.010,0.000)},
        {t=0.040,cf=CFrame.new(3674.987,1096.608,2033.140,0.122,0.000,-0.993,0.000,1.000,0.000,0.993,0.000,0.122),s="Running",v=Vector3.new(0.000,0.010,0.000)},
        {t=0.045,cf=CFrame.new(3674.987,1096.608,2033.140,0.122,0.000,-0.993,0.000,1.000,0.000,0.993,0.000,0.122),s="Running",v=Vector3.new(0.000,0.010,0.000)},
        {t=0.050,cf=CFrame.new(3674.987,1096.608,2033.140,0.122,0.000,-0.993,0.000,1.000,0.000,0.993,0.000,0.122),s="Running",v=Vector3.new(0.000,0.010,0.000)},
        {t=0.053,cf=CFrame.new(3674.987,1096.608,2033.140,0.122,0.000,-0.993,0.000,1.000,0.000,0.993,0.000,0.122),s="Running",v=Vector3.new(0.000,0.010,0.000)},
        {t=0.058,cf=CFrame.new(3674.987,1096.608,2033.140,0.122,0.000,-0.993,0.000,1.000,0.000,0.993,0.000,0.122),s="Running",v=Vector3.new(0.000,0.010,0.000)},
        {t=0.062,cf=CFrame.new(3674.987,1096.608,2033.140,0.122,0.000,-0.993,0.000,1.000,0.000,0.993,0.000,0.122),s="Running",v=Vector3.new(0.000,0.010,0.000)},
        {t=0.066,cf=CFrame.new(3674.987,1096.608,2033.140,0.122,0.000,-0.993,0.000,1.000,0.000,0.993,0.000,0.122),s="Running",v=Vector3.new(0.000,0.010,0.000)},
        {t=0.070,cf=CFrame.new(3674.987,1096.608,2033.140,0.122,0.000,-0.993,0.000,1.000,0.000,0.993,0.000,0.122),s="Running",v=Vector3.new(0.000,0.010,0.000)},
        {t=0.074,cf=CFrame.new(3674.987,1096.608,2033.140,0.122,0.000,-0.993,0.000,1.000,0.000,0.993,0.000,0.122),s="Running",v=Vector3.new(0.000,0.010,0.000)},
        {t=0.079,cf=CFrame.new(3674.987,1096.608,2033.140,0.122,0.000,-0.993,0.000,1.000,0.000,0.993,0.000,0.122),s="Running",v=Vector3.new(0.000,0.010,0.000)},
        {t=0.083,cf=CFrame.new(3674.987,1096.608,2033.140,0.122,0.000,-0.993,0.000,1.000,0.000,0.993,0.000,0.122),s="Running",v=Vector3.new(0.000,0.010,0.000)},
        {t=0.086,cf=CFrame.new(3674.987,1096.608,2033.140,0.122,0.000,-0.993,0.000,1.000,0.000,0.993,0.000,0.122),s="Running",v=Vector3.new(0.000,0.010,0.000)},
        {t=0.091,cf=CFrame.new(3674.987,1096.608,2033.140,0.122,0.000,-0.993,0.000,1.000,0.000,0.993,0.000,0.122),s="Running",v=Vector3.new(0.000,0.010,0.000)},
        {t=0.096,cf=CFrame.new(3674.987,1096.608,2033.140,0.122,0.000,-0.993,0.000,1.000,0.000,0.993,0.000,0.122),s="Running",v=Vector3.new(0.000,0.010,0.000)},
        {t=0.099,cf=CFrame.new(3674.987,1096.608,2033.140,0.122,0.000,-0.993,0.000,1.000,0.000,0.993,0.000,0.122),s="Running",v=Vector3.new(0.000,0.010,0.000)},
        {t=0.104,cf=CFrame.new(3674.987,1096.608,2033.140,0.122,0.000,-0.993,0.000,1.000,0.000,0.993,0.000,0.122),s="Running",v=Vector3.new(0.000,0.010,0.000)},
        {t=0.108,cf=CFrame.new(3674.987,1096.608,2033.140,0.122,0.000,-0.993,0.000,1.000,0.000,0.993,0.000,0.122),s="Running",v=Vector3.new(0.000,0.010,0.000)},
        {t=0.113,cf=CFrame.new(3674.987,1096.608,2033.140,0.122,0.000,-0.993,0.000,1.000,0.000,0.993,0.000,0.122),s="Running",v=Vector3.new(0.000,0.010,0.000)},
        {t=0.116,cf=CFrame.new(3674.987,1096.608,2033.140,0.122,0.000,-0.993,0.000,1.000,0.000,0.993,0.000,0.122),s="Running",v=Vector3.new(0.000,0.010,0.000)},
        {t=0.119,cf=CFrame.new(3674.987,1096.608,2033.140,0.122,0.000,-0.993,0.000,1.000,0.000,0.993,0.000,0.122),s="Running",v=Vector3.new(0.000,0.010,0.000)},
        {t=0.124,cf=CFrame.new(3674.987,1096.608,2033.140,0.122,0.000,-0.993,0.000,1.000,0.000,0.993,0.000,0.122),s="Running",v=Vector3.new(0.000,0.010,0.000)},
        {t=0.129,cf=CFrame.new(3674.987,1096.608,2033.140,0.122,0.000,-0.993,0.000,1.000,0.000,0.993,0.000,0.122),s="Running",v=Vector3.new(0.000,0.010,0.000)},
        {t=0.132,cf=CFrame.new(3674.987,1096.608,2033.140,0.122,0.000,-0.993,0.000,1.000,0.000,0.993,0.000,0.122),s="Running",v=Vector3.new(0.000,0.010,0.000)},
        {t=0.138,cf=CFrame.new(3674.987,1096.608,2033.140,0.122,-0.000,-0.993,0.000,1.000,-0.000,0.993,0.000,0.122),s="Running",v=Vector3.new(6.705,0.010,-0.824)},
        {t=0.142,cf=CFrame.new(3674.998,1096.608,2033.139,0.122,-0.000,-0.993,0.000,1.000,-0.000,0.993,0.000,0.122),s="Running",v=Vector3.new(7.572,0.010,-0.931)},
        {t=0.148,cf=CFrame.new(3675.016,1096.608,2033.137,0.122,-0.000,-0.993,0.000,1.000,-0.000,0.993,0.000,0.122),s="Running",v=Vector3.new(13.222,0.010,-1.625)},
        {t=0.154,cf=CFrame.new(3675.075,1096.608,2033.129,0.122,-0.000,-0.993,0.000,1.000,-0.000,0.993,0.000,0.122),s="Running",v=Vector3.new(16.786,0.010,-2.063)},
        {t=0.157,cf=CFrame.new(3675.081,1096.608,2033.129,0.122,-0.000,-0.993,0.000,1.000,-0.000,0.993,0.000,0.122),s="Running",v=Vector3.new(21.971,0.010,-2.701)},
        {t=0.162,cf=CFrame.new(3675.221,1096.608,2033.111,0.122,-0.000,-0.993,0.000,1.000,-0.000,0.993,0.000,0.122),s="Running",v=Vector3.new(26.455,0.010,-3.252)},
        {t=0.167,cf=CFrame.new(3675.331,1096.608,2033.098,0.122,-0.000,-0.993,0.000,1.000,-0.000,0.993,0.000,0.122),s="Running",v=Vector3.new(33.893,0.010,-4.167)},
        {t=0.171,cf=CFrame.new(3675.468,1096.608,2033.081,0.122,-0.000,-0.993,0.000,1.000,-0.000,0.993,0.000,0.122),s="Running",v=Vector3.new(38.470,0.010,-4.729)},
        {t=0.176,cf=CFrame.new(3675.624,1096.608,2033.062,0.122,-0.000,-0.993,0.000,1.000,-0.000,0.993,0.000,0.122),s="Running",v=Vector3.new(42.020,0.010,-5.166)},
        {t=0.180,cf=CFrame.new(3675.796,1096.608,2033.041,0.122,-0.000,-0.993,0.000,1.000,-0.000,0.993,0.000,0.122),s="Running",v=Vector3.new(45.850,0.010,-5.636)},
        {t=0.184,cf=CFrame.new(3675.989,1096.608,2033.017,0.122,-0.000,-0.993,0.000,1.000,-0.000,0.993,0.000,0.122),s="Running",v=Vector3.new(51.422,0.010,-6.321)},
        {t=0.189,cf=CFrame.new(3676.209,1096.608,2032.990,0.122,-0.000,-0.993,0.000,1.000,-0.000,0.993,0.000,0.122),s="Running",v=Vector3.new(55.260,0.010,-6.793)},
        {t=0.193,cf=CFrame.new(3676.440,1096.608,2032.961,0.122,-0.000,-0.993,0.000,1.000,-0.000,0.993,0.000,0.122),s="Running",v=Vector3.new(56.818,0.010,-6.985)},
        {t=0.197,cf=CFrame.new(3676.680,1096.608,2032.932,0.122,-0.000,-0.993,0.000,1.000,-0.000,0.993,0.000,0.122),s="Running",v=Vector3.new(57.546,0.010,-7.074)},
        {t=0.201,cf=CFrame.new(3676.931,1096.608,2032.901,0.122,-0.000,-0.993,0.000,1.000,-0.000,0.993,0.000,0.122),s="Running",v=Vector3.new(57.888,0.010,-7.116)},
        {t=0.206,cf=CFrame.new(3677.378,1096.608,2032.846,0.122,-0.000,-0.993,0.000,1.000,-0.000,0.993,0.000,0.122),s="Running",v=Vector3.new(56.882,0.010,-6.993)},
        {t=0.209,cf=CFrame.new(3677.392,1096.608,2032.844,0.122,-0.000,-0.993,0.000,1.000,-0.000,0.993,0.000,0.122),s="Running",v=Vector3.new(58.873,0.010,-7.237)},
        {t=0.213,cf=CFrame.new(3677.641,1096.608,2032.814,0.122,-0.000,-0.993,0.000,1.000,-0.000,0.993,0.000,0.122),s="Running",v=Vector3.new(58.260,0.010,-7.162)},
        {t=0.217,cf=CFrame.new(3677.889,1096.608,2032.783,0.122,-0.000,-0.993,0.000,1.000,-0.000,0.993,0.000,0.122),s="Running",v=Vector3.new(58.110,0.010,-7.144)},
        {t=0.221,cf=CFrame.new(3678.135,1096.608,2032.753,0.122,-0.000,-0.993,0.000,1.000,-0.000,0.993,0.000,0.122),s="Running",v=Vector3.new(58.073,0.010,-7.139)},
        {t=0.225,cf=CFrame.new(3678.379,1096.608,2032.723,0.122,-0.000,-0.993,0.000,1.000,-0.000,0.993,0.000,0.122),s="Running",v=Vector3.new(58.064,-0.209,-7.138)},
        {t=0.229,cf=CFrame.new(3678.625,1096.607,2032.693,0.122,-0.000,-0.993,0.000,1.000,-0.000,0.993,0.000,0.122),s="Running",v=Vector3.new(58.062,-1.092,-7.138)},
        {t=0.233,cf=CFrame.new(3678.867,1096.604,2032.663,0.122,-0.000,-0.993,0.000,1.000,-0.000,0.993,0.000,0.122),s="Running",v=Vector3.new(58.062,-2.250,-7.138)},
        {t=0.237,cf=CFrame.new(3679.112,1096.591,2032.633,0.122,-0.000,-0.993,0.000,1.000,-0.000,0.993,0.000,0.122),s="Running",v=Vector3.new(58.062,-3.876,-7.138)},
        {t=0.241,cf=CFrame.new(3679.359,1096.570,2032.603,0.122,-0.000,-0.993,0.000,1.000,-0.000,0.993,0.000,0.122),s="Running",v=Vector3.new(58.062,-5.358,-7.138)},
        {t=0.245,cf=CFrame.new(3679.604,1096.543,2032.572,0.122,-0.000,-0.993,0.000,1.000,-0.000,0.993,0.000,0.122),s="Running",v=Vector3.new(58.062,-6.824,-7.138)},
        {t=0.249,cf=CFrame.new(3679.847,1096.511,2032.543,0.122,-0.000,-0.993,0.000,1.000,-0.000,0.993,0.000,0.122),s="Running",v=Vector3.new(58.062,-7.664,-7.138)},
        {t=0.253,cf=CFrame.new(3680.087,1096.475,2032.513,0.122,-0.000,-0.993,0.000,1.000,-0.000,0.993,0.000,0.122),s="Running",v=Vector3.new(58.062,-8.559,-7.138)},
        {t=0.257,cf=CFrame.new(3680.326,1096.436,2032.484,0.122,-0.000,-0.993,0.000,1.000,-0.000,0.993,0.000,0.122),s="Running",v=Vector3.new(58.062,-9.363,-7.138)},
        {t=0.263,cf=CFrame.new(3680.586,1096.392,2032.452,0.122,-0.000,-0.993,0.000,1.000,-0.000,0.993,0.000,0.122),s="Running",v=Vector3.new(58.062,-2.545,-7.138)},
        {t=0.268,cf=CFrame.new(3680.845,1096.367,2032.420,0.122,-0.000,-0.993,0.000,1.000,-0.000,0.993,0.000,0.122),s="Running",v=Vector3.new(58.062,-1.230,-7.138)},
        {t=0.271,cf=CFrame.new(3681.093,1096.347,2032.389,0.122,-0.000,-0.993,0.000,1.000,-0.000,0.993,0.000,0.122),s="Running",v=Vector3.new(58.062,-0.975,-7.138)},
        {t=0.275,cf=CFrame.new(3681.336,1096.328,2032.359,0.122,-0.000,-0.993,0.000,1.000,-0.000,0.993,0.000,0.122),s="Running",v=Vector3.new(58.062,-0.877,-7.138)},
        {t=0.280,cf=CFrame.new(3681.581,1096.308,2032.329,0.122,-0.000,-0.993,0.000,1.000,-0.000,0.993,0.000,0.122),s="Running",v=Vector3.new(58.062,-11.057,-7.138)},
        {t=0.284,cf=CFrame.new(3681.829,1096.252,2032.299,0.122,-0.000,-0.993,0.000,1.000,-0.000,0.993,0.000,0.122),s="Running",v=Vector3.new(58.062,-10.704,-7.138)},
        {t=0.288,cf=CFrame.new(3682.074,1096.198,2032.269,0.122,-0.000,-0.993,0.000,1.000,-0.000,0.993,0.000,0.122),s="Running",v=Vector3.new(58.062,-7.959,-7.138)},
        {t=0.292,cf=CFrame.new(3682.316,1096.158,2032.239,0.122,-0.000,-0.993,0.000,1.000,-0.000,0.993,0.000,0.122),s="Running",v=Vector3.new(58.062,-5.284,-7.138)},
        {t=0.297,cf=CFrame.new(3682.564,1096.128,2032.208,0.122,-0.000,-0.993,0.000,1.000,-0.000,0.993,0.000,0.122),s="Running",v=Vector3.new(58.062,-2.705,-7.138)},
        {t=0.301,cf=CFrame.new(3682.805,1096.111,2032.179,0.122,-0.000,-0.993,0.000,1.000,-0.000,0.993,0.000,0.122),s="Running",v=Vector3.new(58.066,-1.054,-7.101)},
        {t=0.304,cf=CFrame.new(3683.047,1096.101,2032.149,0.122,-0.000,-0.993,0.000,1.000,-0.000,0.993,0.000,0.122),s="Running",v=Vector3.new(58.074,-0.014,-7.039)},
        {t=0.308,cf=CFrame.new(3683.292,1096.100,2032.119,0.121,-0.000,-0.993,0.000,1.000,-0.000,0.993,0.000,0.121),s="Running",v=Vector3.new(58.083,0.942,-6.958)},
        {t=0.312,cf=CFrame.new(3683.535,1096.101,2032.090,0.121,-0.000,-0.993,0.000,1.000,-0.000,0.993,0.000,0.121),s="Running",v=Vector3.new(58.095,1.147,-6.862)},
        {t=0.318,cf=CFrame.new(3683.789,1096.102,2032.060,0.120,-0.000,-0.993,0.000,1.000,-0.000,0.993,0.000,0.120),s="Running",v=Vector3.new(58.109,1.185,-6.737)},
        {t=0.322,cf=CFrame.new(3684.039,1096.103,2032.031,0.120,-0.000,-0.993,0.000,1.000,-0.000,0.993,0.000,0.120),s="Running",v=Vector3.new(58.126,1.106,-6.595)},
        {t=0.326,cf=CFrame.new(3684.286,1096.105,2032.003,0.119,-0.000,-0.993,0.000,1.000,-0.000,0.993,0.000,0.119),s="Running",v=Vector3.new(58.139,1.017,-6.476)},
        {t=0.331,cf=CFrame.new(3684.538,1096.106,2031.975,0.119,-0.000,-0.993,0.000,1.000,-0.000,0.993,0.000,0.119),s="Running",v=Vector3.new(58.151,0.913,-6.367)},
        {t=0.336,cf=CFrame.new(3684.789,1096.107,2031.947,0.118,-0.000,-0.993,0.000,1.000,-0.000,0.993,0.000,0.118),s="Running",v=Vector3.new(58.165,0.817,-6.238)},
        {t=0.340,cf=CFrame.new(3685.229,1096.107,2031.900,0.117,-0.000,-0.993,0.000,1.000,-0.000,0.993,0.000,0.117),s="Running",v=Vector3.new(57.055,0.543,-6.028)},
        {t=0.346,cf=CFrame.new(3685.484,1096.107,2031.873,0.116,-0.000,-0.993,0.000,1.000,-0.000,0.993,0.000,0.116),s="Running",v=Vector3.new(57.912,0.543,-5.958)},
        {t=0.351,cf=CFrame.new(3685.742,1096.108,2031.846,0.115,-0.000,-0.993,0.000,1.000,-0.000,0.993,0.000,0.115),s="Running",v=Vector3.new(58.134,0.471,-5.860)},
        {t=0.358,cf=CFrame.new(3686.205,1096.106,2031.799,0.114,-0.000,-0.994,0.000,1.000,-0.000,0.994,0.000,0.114),s="Running",v=Vector3.new(57.082,0.181,-5.585)},
        {t=0.364,cf=CFrame.new(3686.466,1096.106,2031.774,0.113,-0.000,-0.994,0.000,1.000,-0.000,0.994,0.000,0.113),s="Running",v=Vector3.new(57.950,0.281,-5.525)},
        {t=0.369,cf=CFrame.new(3686.723,1096.107,2031.749,0.111,-0.000,-0.994,0.000,1.000,-0.000,0.994,0.000,0.111),s="Running",v=Vector3.new(58.172,0.263,-5.456)},
        {t=0.374,cf=CFrame.new(3687.178,1096.108,2031.706,0.110,-0.000,-0.994,0.000,1.000,-0.000,0.994,0.000,0.110),s="Running",v=Vector3.new(57.114,0.204,-5.248)},
        {t=0.380,cf=CFrame.new(3687.435,1096.108,2031.682,0.109,-0.000,-0.994,0.000,1.000,-0.000,0.994,0.000,0.109),s="Running",v=Vector3.new(57.979,0.167,-5.213)},
        {t=0.385,cf=CFrame.new(3687.696,1096.108,2031.659,0.108,-0.000,-0.994,0.000,1.000,-0.000,0.994,0.000,0.108),s="Running",v=Vector3.new(58.201,0.141,-5.141)},
        {t=0.391,cf=CFrame.new(3688.153,1096.109,2031.618,0.107,-0.000,-0.994,0.000,1.000,-0.000,0.994,0.000,0.107),s="Running",v=Vector3.new(57.139,0.108,-4.970)},
        {t=0.396,cf=CFrame.new(3688.416,1096.109,2031.595,0.105,-0.000,-0.994,0.000,1.000,-0.000,0.994,0.000,0.105),s="Running",v=Vector3.new(58.000,0.085,-4.977)},
        {t=0.401,cf=CFrame.new(3688.676,1096.106,2031.573,0.104,-0.000,-0.995,0.000,1.000,-0.000,0.995,0.000,0.104),s="Running",v=Vector3.new(58.218,-0.122,-4.943)},
        {t=0.406,cf=CFrame.new(3689.130,1096.106,2031.534,0.103,-0.000,-0.995,0.000,1.000,-0.000,0.995,0.000,0.103),s="Running",v=Vector3.new(57.152,0.058,-4.825)},
        {t=0.411,cf=CFrame.new(3689.379,1096.106,2031.513,0.102,-0.000,-0.995,0.000,1.000,-0.000,0.995,0.000,0.102),s="Running",v=Vector3.new(58.008,0.057,-4.884)},
        {t=0.414,cf=CFrame.new(3689.624,1096.106,2031.492,0.102,-0.000,-0.995,0.000,1.000,-0.000,0.995,0.000,0.102),s="Running",v=Vector3.new(58.222,0.051,-4.898)},
        {t=0.417,cf=CFrame.new(3689.645,1096.106,2031.490,0.101,-0.000,-0.995,0.000,1.000,-0.000,0.995,0.000,0.101),s="Running",v=Vector3.new(59.397,0.045,-4.996)},
        {t=0.420,cf=CFrame.new(3689.896,1096.106,2031.469,0.101,-0.000,-0.995,0.000,1.000,-0.000,0.995,0.000,0.101),s="Running",v=Vector3.new(58.569,0.042,-4.925)},
        {t=0.425,cf=CFrame.new(3690.150,1096.107,2031.447,0.100,-0.000,-0.995,0.000,1.000,-0.000,0.995,0.000,0.100),s="Running",v=Vector3.new(58.362,0.038,-4.908)},
        {t=0.428,cf=CFrame.new(3690.390,1096.107,2031.427,0.100,-0.000,-0.995,0.000,1.000,-0.000,0.995,0.000,0.100),s="Running",v=Vector3.new(58.310,0.034,-4.903)},
        {t=0.432,cf=CFrame.new(3690.645,1096.107,2031.405,0.099,-0.000,-0.995,0.000,1.000,-0.000,0.995,0.000,0.099),s="Running",v=Vector3.new(58.297,0.028,-4.902)},
        {t=0.436,cf=CFrame.new(3690.896,1096.107,2031.384,0.098,-0.000,-0.995,0.000,1.000,-0.000,0.995,0.000,0.098),s="Running",v=Vector3.new(58.294,0.024,-4.902)},
        {t=0.441,cf=CFrame.new(3691.150,1096.107,2031.363,0.097,-0.000,-0.995,0.000,1.000,-0.000,0.995,0.000,0.097),s="Running",v=Vector3.new(58.297,0.021,-4.857)},
        {t=0.446,cf=CFrame.new(3691.402,1096.107,2031.341,0.097,-0.000,-0.995,0.000,1.000,-0.000,0.995,0.000,0.097),s="Running",v=Vector3.new(58.299,0.018,-4.827)},
        {t=0.449,cf=CFrame.new(3691.642,1096.107,2031.321,0.096,-0.000,-0.995,0.000,1.000,-0.000,0.995,0.000,0.096),s="Running",v=Vector3.new(58.300,0.016,-4.814)},
        {t=0.454,cf=CFrame.new(3691.896,1096.108,2031.300,0.096,-0.000,-0.995,0.000,1.000,-0.000,0.995,0.000,0.096),s="Running",v=Vector3.new(58.301,0.014,-4.806)},
        {t=0.458,cf=CFrame.new(3692.154,1096.108,2031.279,0.095,-0.000,-0.995,0.000,1.000,-0.000,0.995,0.000,0.095),s="Running",v=Vector3.new(58.301,0.013,-4.802)},
        {t=0.462,cf=CFrame.new(3692.405,1096.108,2031.258,0.094,-0.000,-0.996,0.000,1.000,-0.000,0.996,0.000,0.094),s="Running",v=Vector3.new(58.301,0.012,-4.801)},
        {t=0.466,cf=CFrame.new(3692.648,1096.108,2031.238,0.094,-0.000,-0.996,0.000,1.000,-0.000,0.996,0.000,0.094),s="Running",v=Vector3.new(58.302,0.012,-4.800)},
        {t=0.471,cf=CFrame.new(3692.900,1096.108,2031.217,0.093,-0.000,-0.996,0.000,1.000,-0.000,0.996,0.000,0.093),s="Running",v=Vector3.new(58.302,0.011,-4.800)},
        {t=0.474,cf=CFrame.new(3693.146,1096.108,2031.197,0.093,-0.000,-0.996,0.000,1.000,-0.000,0.996,0.000,0.093),s="Running",v=Vector3.new(58.302,0.011,-4.800)},
        {t=0.480,cf=CFrame.new(3693.410,1096.108,2031.175,0.092,-0.000,-0.996,0.000,1.000,-0.000,0.996,0.000,0.092),s="Running",v=Vector3.new(58.302,0.011,-4.800)},
        {t=0.483,cf=CFrame.new(3693.654,1096.108,2031.155,0.092,-0.000,-0.996,0.000,1.000,-0.000,0.996,0.000,0.092),s="Running",v=Vector3.new(58.302,0.011,-4.800)},
        {t=0.486,cf=CFrame.new(3693.899,1096.108,2031.134,0.092,-0.000,-0.996,0.000,1.000,-0.000,0.996,0.000,0.092),s="Running",v=Vector3.new(58.302,0.011,-4.800)},
        {t=0.491,cf=CFrame.new(3694.150,1096.108,2031.114,0.091,-0.000,-0.996,0.000,1.000,-0.000,0.996,0.000,0.091),s="Running",v=Vector3.new(58.302,0.011,-4.800)},
        {t=0.495,cf=CFrame.new(3694.392,1096.108,2031.094,0.091,-0.000,-0.996,0.000,1.000,-0.000,0.996,0.000,0.091),s="Running",v=Vector3.new(58.302,0.011,-4.800)},
        {t=0.499,cf=CFrame.new(3694.653,1096.108,2031.072,0.091,-0.000,-0.996,0.000,1.000,-0.000,0.996,0.000,0.091),s="Running",v=Vector3.new(58.302,0.011,-4.800)},
        {t=0.503,cf=CFrame.new(3694.899,1096.108,2031.052,0.090,-0.000,-0.996,0.000,1.000,-0.000,0.996,0.000,0.090),s="Running",v=Vector3.new(58.302,0.011,-4.800)},
        {t=0.507,cf=CFrame.new(3695.146,1096.108,2031.031,0.090,-0.000,-0.996,0.000,1.000,-0.000,0.996,0.000,0.090),s="Running",v=Vector3.new(58.302,0.011,-4.800)},
        {t=0.512,cf=CFrame.new(3695.399,1096.108,2031.010,0.090,-0.000,-0.996,0.000,1.000,-0.000,0.996,0.000,0.090),s="Running",v=Vector3.new(58.302,0.011,-4.800)},
        {t=0.515,cf=CFrame.new(3695.639,1096.108,2030.991,0.089,-0.000,-0.996,0.000,1.000,-0.000,0.996,0.000,0.089),s="Running",v=Vector3.new(58.302,0.011,-4.800)},
        {t=0.520,cf=CFrame.new(3695.890,1096.108,2030.970,0.089,-0.000,-0.996,0.000,1.000,-0.000,0.996,0.000,0.089),s="Running",v=Vector3.new(58.302,0.011,-4.800)},
        {t=0.525,cf=CFrame.new(3696.150,1096.108,2030.948,0.089,-0.000,-0.996,0.000,1.000,-0.000,0.996,0.000,0.089),s="Running",v=Vector3.new(58.302,0.011,-4.800)},
        {t=0.528,cf=CFrame.new(3696.391,1096.108,2030.928,0.088,-0.000,-0.996,0.000,1.000,-0.000,0.996,0.000,0.088),s="Running",v=Vector3.new(58.302,0.011,-4.800)},
        {t=0.532,cf=CFrame.new(3696.639,1096.108,2030.908,0.088,-0.000,-0.996,0.000,1.000,-0.000,0.996,0.000,0.088),s="Running",v=Vector3.new(58.302,0.011,-4.800)},
        {t=0.537,cf=CFrame.new(3696.899,1096.108,2030.887,0.088,-0.000,-0.996,0.000,1.000,-0.000,0.996,0.000,0.088),s="Running",v=Vector3.new(58.302,0.011,-4.800)},
        {t=0.540,cf=CFrame.new(3697.141,1096.108,2030.867,0.088,-0.000,-0.996,0.000,1.000,-0.000,0.996,0.000,0.088),s="Running",v=Vector3.new(58.302,0.011,-4.800)},
        {t=0.545,cf=CFrame.new(3697.400,1096.108,2030.845,0.087,-0.000,-0.996,0.000,1.000,-0.000,0.996,0.000,0.087),s="Running",v=Vector3.new(58.302,0.011,-4.800)},
        {t=0.550,cf=CFrame.new(3697.654,1096.108,2030.824,0.087,-0.000,-0.996,0.000,1.000,-0.000,0.996,0.000,0.087),s="Running",v=Vector3.new(58.302,0.011,-4.800)},
        {t=0.553,cf=CFrame.new(3697.894,1096.108,2030.804,0.087,-0.000,-0.996,0.000,1.000,-0.000,0.996,0.000,0.087),s="Running",v=Vector3.new(58.302,0.011,-4.800)},
        {t=0.558,cf=CFrame.new(3698.148,1096.108,2030.783,0.087,-0.000,-0.996,0.000,1.000,-0.000,0.996,0.000,0.087),s="Running",v=Vector3.new(58.302,0.011,-4.800)},
        {t=0.562,cf=CFrame.new(3698.404,1096.108,2030.762,0.087,-0.000,-0.996,0.000,1.000,-0.000,0.996,0.000,0.087),s="Running",v=Vector3.new(58.302,0.011,-4.800)},
        {t=0.566,cf=CFrame.new(3698.652,1096.108,2030.742,0.086,-0.000,-0.996,0.000,1.000,-0.000,0.996,0.000,0.086),s="Running",v=Vector3.new(58.302,0.011,-4.800)},
        {t=0.571,cf=CFrame.new(3698.908,1096.108,2030.721,0.086,-0.000,-0.996,0.000,1.000,-0.000,0.996,0.000,0.086),s="Running",v=Vector3.new(58.302,0.011,-4.800)},
        {t=0.574,cf=CFrame.new(3699.147,1096.108,2030.701,0.086,-0.000,-0.996,0.000,1.000,-0.000,0.996,0.000,0.086),s="Running",v=Vector3.new(58.302,0.011,-4.800)},
        {t=0.579,cf=CFrame.new(3699.396,1096.108,2030.681,0.086,-0.000,-0.996,0.000,1.000,-0.000,0.996,0.000,0.086),s="Running",v=Vector3.new(58.302,0.011,-4.800)},
        {t=0.582,cf=CFrame.new(3699.635,1096.108,2030.661,0.086,-0.000,-0.996,0.000,1.000,-0.000,0.996,0.000,0.086),s="Running",v=Vector3.new(58.302,0.011,-4.800)},
        {t=0.588,cf=CFrame.new(3699.901,1096.108,2030.639,0.086,-0.000,-0.996,0.000,1.000,-0.000,0.996,0.000,0.086),s="Running",v=Vector3.new(58.302,0.011,-4.800)},
        {t=0.591,cf=CFrame.new(3700.141,1096.108,2030.619,0.085,-0.000,-0.996,0.000,1.000,-0.000,0.996,0.000,0.085),s="Running",v=Vector3.new(58.302,0.011,-4.800)},
        {t=0.595,cf=CFrame.new(3700.392,1096.108,2030.599,0.085,-0.000,-0.996,0.000,1.000,-0.000,0.996,0.000,0.085),s="Running",v=Vector3.new(58.302,0.011,-4.800)},
        {t=0.600,cf=CFrame.new(3700.645,1096.108,2030.578,0.085,-0.000,-0.996,0.000,1.000,-0.000,0.996,0.000,0.085),s="Running",v=Vector3.new(58.302,0.011,-4.800)},
        {t=0.603,cf=CFrame.new(3700.887,1096.108,2030.558,0.085,-0.000,-0.996,0.000,1.000,-0.000,0.996,0.000,0.085),s="Running",v=Vector3.new(58.302,0.011,-4.800)},
        {t=0.608,cf=CFrame.new(3701.139,1096.108,2030.537,0.085,-0.000,-0.996,0.000,1.000,-0.000,0.996,0.000,0.085),s="Running",v=Vector3.new(58.302,0.011,-4.800)},
        {t=0.611,cf=CFrame.new(3701.383,1096.108,2030.517,0.085,-0.000,-0.996,0.000,1.000,-0.000,0.996,0.000,0.085),s="Running",v=Vector3.new(58.302,0.011,-4.800)},
        {t=0.615,cf=CFrame.new(3701.628,1096.108,2030.497,0.085,-0.000,-0.996,0.000,1.000,-0.000,0.996,0.000,0.085),s="Running",v=Vector3.new(58.302,0.011,-4.800)},
        {t=0.619,cf=CFrame.new(3701.874,1096.108,2030.477,0.085,-0.000,-0.996,0.000,1.000,-0.000,0.996,0.000,0.085),s="Running",v=Vector3.new(58.302,0.011,-4.800)},
        {t=0.624,cf=CFrame.new(3702.130,1096.108,2030.456,0.085,-0.000,-0.996,0.000,1.000,-0.000,0.996,0.000,0.085),s="Running",v=Vector3.new(58.302,0.011,-4.800)},
        {t=0.629,cf=CFrame.new(3702.383,1096.108,2030.435,0.084,-0.000,-0.996,0.000,1.000,-0.000,0.996,0.000,0.084),s="Running",v=Vector3.new(58.302,0.011,-4.800)},
        {t=0.632,cf=CFrame.new(3702.628,1096.108,2030.415,0.084,-0.000,-0.996,0.000,1.000,-0.000,0.996,0.000,0.084),s="Running",v=Vector3.new(58.302,0.011,-4.800)},
        {t=0.636,cf=CFrame.new(3702.874,1096.108,2030.394,0.084,-0.000,-0.996,0.000,1.000,-0.000,0.996,0.000,0.084),s="Running",v=Vector3.new(58.302,0.011,-4.800)},
        {t=0.641,cf=CFrame.new(3703.129,1096.108,2030.373,0.084,-0.000,-0.996,0.000,1.000,-0.000,0.996,0.000,0.084),s="Running",v=Vector3.new(58.302,0.011,-4.800)},
        {t=0.646,cf=CFrame.new(3703.385,1096.108,2030.352,0.084,-0.000,-0.996,0.000,1.000,-0.000,0.996,0.000,0.084),s="Running",v=Vector3.new(58.302,0.011,-4.800)},
        {t=0.648,cf=CFrame.new(3703.626,1096.108,2030.332,0.084,-0.000,-0.996,0.000,1.000,-0.000,0.996,0.000,0.084),s="Running",v=Vector3.new(58.302,0.011,-4.800)},
        {t=0.654,cf=CFrame.new(3703.885,1096.108,2030.311,0.084,-0.000,-0.996,0.000,1.000,-0.000,0.996,0.000,0.084),s="Running",v=Vector3.new(58.302,0.011,-4.800)},
        {t=0.657,cf=CFrame.new(3704.124,1096.108,2030.291,0.084,-0.000,-0.996,0.000,1.000,-0.000,0.996,0.000,0.084),s="Running",v=Vector3.new(58.304,0.011,-4.772)},
        {t=0.662,cf=CFrame.new(3704.386,1096.108,2030.270,0.083,-0.000,-0.997,0.000,1.000,-0.000,0.997,0.000,0.083),s="Running",v=Vector3.new(58.309,0.011,-4.703)},
        {t=0.665,cf=CFrame.new(3704.630,1096.108,2030.250,0.083,-0.000,-0.997,0.000,1.000,-0.000,0.997,0.000,0.083),s="Running",v=Vector3.new(58.313,0.011,-4.654)},
        {t=0.670,cf=CFrame.new(3704.881,1096.108,2030.230,0.083,-0.000,-0.997,0.000,1.000,-0.000,0.997,0.000,0.083),s="Running",v=Vector3.new(58.319,0.011,-4.587)},
        {t=0.674,cf=CFrame.new(3705.126,1096.108,2030.211,0.083,-0.000,-0.997,0.000,1.000,-0.000,0.997,0.000,0.083),s="Running",v=Vector3.new(58.322,0.011,-4.544)},
        {t=0.678,cf=CFrame.new(3705.374,1096.108,2030.191,0.082,-0.000,-0.997,0.000,1.000,-0.000,0.997,0.000,0.082),s="Running",v=Vector3.new(58.326,0.011,-4.493)},
        {t=0.683,cf=CFrame.new(3705.632,1096.108,2030.171,0.082,-0.000,-0.997,0.000,1.000,-0.000,0.997,0.000,0.082),s="Running",v=Vector3.new(58.333,0.011,-4.406)},
        {t=0.686,cf=CFrame.new(3705.873,1096.108,2030.153,0.082,-0.000,-0.997,0.000,1.000,-0.000,0.997,0.000,0.082),s="Running",v=Vector3.new(58.336,0.011,-4.357)},
        {t=0.691,cf=CFrame.new(3706.126,1096.108,2030.134,0.081,-0.000,-0.997,0.000,1.000,-0.000,0.997,0.000,0.081),s="Running",v=Vector3.new(58.339,0.011,-4.324)},
        {t=0.696,cf=CFrame.new(3706.380,1096.108,2030.115,0.081,-0.000,-0.997,0.000,1.000,-0.000,0.997,0.000,0.081),s="Running",v=Vector3.new(58.343,0.011,-4.263)},
        {t=0.699,cf=CFrame.new(3706.631,1096.108,2030.097,0.080,-0.000,-0.997,0.000,1.000,-0.000,0.997,0.000,0.080),s="Running",v=Vector3.new(58.348,0.011,-4.199)},
        {t=0.703,cf=CFrame.new(3706.877,1096.108,2030.079,0.080,-0.000,-0.997,0.000,1.000,-0.000,0.997,0.000,0.080),s="Running",v=Vector3.new(58.351,0.011,-4.148)},
        {t=0.708,cf=CFrame.new(3707.133,1096.108,2030.061,0.079,-0.000,-0.997,0.000,1.000,-0.000,0.997,0.000,0.079),s="Running",v=Vector3.new(58.354,0.011,-4.116)},
        {t=0.712,cf=CFrame.new(3707.378,1096.108,2030.043,0.079,-0.000,-0.997,0.000,1.000,-0.000,0.997,0.000,0.079),s="Running",v=Vector3.new(58.357,0.011,-4.070)},
        {t=0.717,cf=CFrame.new(3707.628,1096.108,2030.026,0.078,-0.000,-0.997,0.000,1.000,-0.000,0.997,0.000,0.078),s="Running",v=Vector3.new(58.360,0.011,-4.026)},
        {t=0.720,cf=CFrame.new(3707.874,1096.108,2030.009,0.078,-0.000,-0.997,0.000,1.000,-0.000,0.997,0.000,0.078),s="Running",v=Vector3.new(58.362,0.011,-3.996)},
        {t=0.724,cf=CFrame.new(3708.118,1096.108,2029.992,0.078,-0.000,-0.997,0.000,1.000,-0.000,0.997,0.000,0.078),s="Running",v=Vector3.new(58.365,0.011,-3.955)},
        {t=0.729,cf=CFrame.new(3708.374,1096.108,2029.974,0.077,-0.000,-0.997,0.000,1.000,-0.000,0.997,0.000,0.077),s="Running",v=Vector3.new(58.368,0.011,-3.914)},
        {t=0.732,cf=CFrame.new(3708.618,1096.108,2029.958,0.077,-0.000,-0.997,0.000,1.000,-0.000,0.997,0.000,0.077),s="Running",v=Vector3.new(58.369,0.011,-3.897)},
        {t=0.737,cf=CFrame.new(3708.871,1096.108,2029.941,0.076,-0.000,-0.997,0.000,1.000,-0.000,0.997,0.000,0.076),s="Running",v=Vector3.new(58.369,0.011,-3.888)},
        {t=0.740,cf=CFrame.new(3709.117,1096.108,2029.924,0.076,-0.000,-0.997,0.000,1.000,-0.000,0.997,0.000,0.076),s="Running",v=Vector3.new(58.370,0.011,-3.885)},
        {t=0.746,cf=CFrame.new(3709.375,1096.108,2029.907,0.075,-0.000,-0.997,0.000,1.000,-0.000,0.997,0.000,0.075),s="Running",v=Vector3.new(58.373,0.011,-3.835)},
        {t=0.749,cf=CFrame.new(3709.618,1096.108,2029.891,0.075,-0.000,-0.997,0.000,1.000,-0.000,0.997,0.000,0.075),s="Running",v=Vector3.new(58.375,0.011,-3.810)},
        {t=0.753,cf=CFrame.new(3709.866,1096.108,2029.875,0.074,-0.000,-0.997,0.000,1.000,-0.000,0.997,0.000,0.074),s="Running",v=Vector3.new(58.376,0.011,-3.795)},
        {t=0.758,cf=CFrame.new(3710.127,1096.108,2029.858,0.074,-0.000,-0.997,0.000,1.000,-0.000,0.997,0.000,0.074),s="Running",v=Vector3.new(58.376,0.011,-3.785)},
        {t=0.762,cf=CFrame.new(3710.376,1096.108,2029.841,0.073,-0.000,-0.997,0.000,1.000,-0.000,0.997,0.000,0.073),s="Running",v=Vector3.new(58.377,0.011,-3.774)},
        {t=0.766,cf=CFrame.new(3710.626,1096.108,2029.825,0.073,-0.000,-0.997,0.000,1.000,-0.000,0.997,0.000,0.073),s="Running",v=Vector3.new(58.380,0.011,-3.731)},
        {t=0.770,cf=CFrame.new(3710.874,1096.108,2029.809,0.073,-0.000,-0.997,0.000,1.000,-0.000,0.997,0.000,0.073),s="Running",v=Vector3.new(58.381,0.011,-3.705)},
        {t=0.774,cf=CFrame.new(3711.124,1096.108,2029.793,0.072,-0.000,-0.997,0.000,1.000,-0.000,0.997,0.000,0.072),s="Running",v=Vector3.new(58.382,0.011,-3.688)},
        {t=0.779,cf=CFrame.new(3711.389,1096.108,2029.776,0.072,-0.000,-0.997,0.000,1.000,-0.000,0.997,0.000,0.072),s="Running",v=Vector3.new(58.384,0.011,-3.662)},
        {t=0.783,cf=CFrame.new(3711.636,1096.108,2029.761,0.071,-0.000,-0.997,0.000,1.000,-0.000,0.997,0.000,0.071),s="Running",v=Vector3.new(58.386,0.011,-3.624)},
        {t=0.786,cf=CFrame.new(3711.880,1096.108,2029.746,0.071,-0.000,-0.997,0.000,1.000,-0.000,0.997,0.000,0.071),s="Running",v=Vector3.new(58.388,0.011,-3.603)},
        {t=0.790,cf=CFrame.new(3712.128,1096.108,2029.730,0.071,-0.000,-0.998,0.000,1.000,-0.000,0.998,0.000,0.071),s="Running",v=Vector3.new(58.389,0.011,-3.590)},
        {t=0.796,cf=CFrame.new(3712.391,1096.108,2029.714,0.070,-0.000,-0.998,0.000,1.000,-0.000,0.998,0.000,0.070),s="Running",v=Vector3.new(58.392,0.011,-3.533)},
        {t=0.800,cf=CFrame.new(3712.645,1096.108,2029.699,0.069,-0.000,-0.998,0.000,1.000,-0.000,0.998,0.000,0.069),s="Running",v=Vector3.new(58.396,0.011,-3.457)},
        {t=0.805,cf=CFrame.new(3712.904,1096.108,2029.683,0.068,-0.000,-0.998,0.000,1.000,-0.000,0.998,0.000,0.068),s="Running",v=Vector3.new(58.401,0.011,-3.385)},
        {t=0.811,cf=CFrame.new(3713.357,1096.108,2029.657,0.068,-0.000,-0.998,0.000,1.000,-0.000,0.998,0.000,0.068),s="Running",v=Vector3.new(57.284,0.011,-3.197)},
        {t=0.815,cf=CFrame.new(3713.606,1096.108,2029.643,0.067,-0.000,-0.998,0.000,1.000,-0.000,0.998,0.000,0.067),s="Running",v=Vector3.new(58.137,0.011,-3.043)},
        {t=0.820,cf=CFrame.new(3713.857,1096.108,2029.629,0.066,-0.000,-0.998,0.000,1.000,-0.000,0.998,0.000,0.066),s="Running",v=Vector3.new(58.356,0.010,-2.912)},
        {t=0.825,cf=CFrame.new(3714.110,1096.108,2029.616,0.064,-0.000,-0.998,0.000,1.000,-0.000,0.998,0.000,0.064),s="Running",v=Vector3.new(58.419,0.010,-2.696)},
        {t=0.829,cf=CFrame.new(3714.364,1096.108,2029.605,0.063,-0.000,-0.998,0.000,1.000,-0.000,0.998,0.000,0.063),s="Running",v=Vector3.new(58.442,0.010,-2.449)},
        {t=0.833,cf=CFrame.new(3714.618,1096.108,2029.594,0.062,-0.000,-0.998,0.000,1.000,-0.000,0.998,0.000,0.062),s="Running",v=Vector3.new(58.455,0.010,-2.205)},
        {t=0.838,cf=CFrame.new(3714.878,1096.108,2029.584,0.060,-0.000,-0.998,0.000,1.000,-0.000,0.998,0.000,0.060),s="Running",v=Vector3.new(58.465,0.010,-1.950)},
        {t=0.844,cf=CFrame.new(3715.144,1096.108,2029.575,0.057,-0.000,-0.998,0.000,1.000,-0.000,0.998,0.000,0.057),s="Running",v=Vector3.new(58.475,0.010,-1.631)},
        {t=0.849,cf=CFrame.new(3715.602,1096.108,2029.562,0.055,-0.000,-0.999,0.000,1.000,-0.000,0.999,0.000,0.055),s="Running",v=Vector3.new(57.359,0.011,-1.176)},
        {t=0.856,cf=CFrame.new(3715.876,1096.108,2029.556,0.051,-0.000,-0.999,0.000,1.000,-0.000,0.999,0.000,0.051),s="Running",v=Vector3.new(58.212,0.010,-0.642)},
        {t=0.860,cf=CFrame.new(3716.126,1096.108,2029.553,0.049,-0.000,-0.999,0.000,1.000,-0.000,0.999,0.000,0.049),s="Running",v=Vector3.new(58.426,0.010,-0.333)},
        {t=0.865,cf=CFrame.new(3716.589,1096.108,2029.549,0.046,-0.000,-0.999,0.000,1.000,-0.000,0.999,0.000,0.046),s="Running",v=Vector3.new(57.353,0.011,0.082)},
        {t=0.870,cf=CFrame.new(3716.843,1096.108,2029.549,0.043,-0.000,-0.999,0.000,1.000,-0.000,0.999,0.000,0.043),s="Running",v=Vector3.new(58.209,0.010,0.509)},
        {t=0.874,cf=CFrame.new(3717.096,1096.108,2029.551,0.040,-0.000,-0.999,0.000,1.000,-0.000,0.999,0.000,0.040),s="Running",v=Vector3.new(58.419,0.010,0.858)},
        {t=0.879,cf=CFrame.new(3717.350,1096.108,2029.554,0.036,-0.000,-0.999,0.000,1.000,-0.000,0.999,0.000,0.036),s="Running",v=Vector3.new(58.467,0.010,1.211)},
        {t=0.886,cf=CFrame.new(3717.832,1096.108,2029.563,0.031,-0.000,-1.000,0.000,1.000,-0.000,1.000,0.000,0.031),s="Running",v=Vector3.new(57.338,0.011,1.778)},
        {t=0.891,cf=CFrame.new(3718.092,1096.108,2029.570,0.026,-0.000,-1.000,0.000,1.000,-0.000,1.000,0.000,0.026),s="Running",v=Vector3.new(58.170,0.010,2.274)},
        {t=0.896,cf=CFrame.new(3718.354,1096.108,2029.580,0.022,-0.000,-1.000,0.000,1.000,-0.000,1.000,0.000,0.022),s="Running",v=Vector3.new(58.366,0.010,2.664)},
        {t=0.901,cf=CFrame.new(3718.611,1096.108,2029.590,0.019,-0.000,-1.000,0.000,1.000,-0.000,1.000,0.000,0.019),s="Running",v=Vector3.new(58.403,0.010,2.990)},
        {t=0.905,cf=CFrame.new(3718.862,1096.108,2029.602,0.015,-0.000,-1.000,0.000,1.000,-0.000,1.000,0.000,0.015),s="Running",v=Vector3.new(58.401,0.010,3.277)},
        {t=0.909,cf=CFrame.new(3719.117,1096.108,2029.616,0.012,-0.000,-1.000,0.000,1.000,-0.000,1.000,0.000,0.012),s="Running",v=Vector3.new(58.385,0.010,3.610)},
        {t=0.914,cf=CFrame.new(3719.375,1096.108,2029.631,0.008,-0.000,-1.000,0.000,1.000,-0.000,1.000,0.000,0.008),s="Running",v=Vector3.new(58.366,0.010,3.918)},
        {t=0.920,cf=CFrame.new(3719.654,1096.108,2029.648,0.003,-0.000,-1.000,0.000,1.000,-0.000,1.000,0.000,0.003),s="Running",v=Vector3.new(58.343,0.010,4.252)},
        {t=0.923,cf=CFrame.new(3720.101,1096.108,2029.680,-0.000,-0.000,-1.000,0.000,1.000,-0.000,1.000,0.000,-0.000),s="Running",v=Vector3.new(57.208,0.011,4.338)},
        {t=0.930,cf=CFrame.new(3720.371,1096.108,2029.698,-0.006,-0.000,-1.000,0.000,1.000,-0.000,1.000,0.000,-0.006),s="Running",v=Vector3.new(58.032,0.010,4.631)},
        {t=0.936,cf=CFrame.new(3720.644,1096.108,2029.719,-0.010,-0.000,-1.000,0.000,1.000,-0.000,1.000,0.000,-0.010),s="Running",v=Vector3.new(58.231,0.010,4.797)},
        {t=0.939,cf=CFrame.new(3721.092,1096.108,2029.755,-0.013,-0.000,-1.000,0.000,1.000,-0.000,1.000,0.000,-0.013),s="Running",v=Vector3.new(57.158,0.011,4.757)},
        {t=0.942,cf=CFrame.new(3721.110,1096.108,2029.756,-0.015,-0.000,-1.000,0.000,1.000,-0.000,1.000,0.000,-0.015),s="Running",v=Vector3.new(59.133,0.010,4.942)},
        {t=0.948,cf=CFrame.new(3721.375,1096.108,2029.776,-0.018,-0.000,-1.000,0.000,1.000,-0.000,1.000,0.000,-0.018),s="Running",v=Vector3.new(58.504,0.010,4.903)},
        {t=0.951,cf=CFrame.new(3721.620,1096.108,2029.796,-0.021,-0.000,-1.000,0.000,1.000,-0.000,1.000,0.000,-0.021),s="Running",v=Vector3.new(58.346,0.010,4.896)},
        {t=0.955,cf=CFrame.new(3721.867,1096.108,2029.816,-0.023,-0.000,-1.000,0.000,1.000,-0.000,1.000,0.000,-0.023),s="Running",v=Vector3.new(58.307,0.010,4.895)},
        {t=0.959,cf=CFrame.new(3722.117,1096.108,2029.836,-0.025,-0.000,-1.000,0.000,1.000,-0.000,1.000,0.000,-0.025),s="Running",v=Vector3.new(58.297,0.010,4.896)},
        {t=0.962,cf=CFrame.new(3722.363,1096.108,2029.856,-0.027,-0.000,-1.000,0.000,1.000,-0.000,1.000,0.000,-0.027),s="Running",v=Vector3.new(58.294,0.010,4.896)},
        {t=0.966,cf=CFrame.new(3722.609,1096.108,2029.876,-0.029,-0.000,-1.000,0.000,1.000,-0.000,1.000,0.000,-0.029),s="Running",v=Vector3.new(58.294,0.010,4.896)},
        {t=0.970,cf=CFrame.new(3722.862,1096.108,2029.896,-0.032,-0.000,-0.999,0.000,1.000,-0.000,0.999,0.000,-0.032),s="Running",v=Vector3.new(58.294,0.010,4.896)},
        {t=0.974,cf=CFrame.new(3723.111,1096.108,2029.917,-0.034,-0.000,-0.999,0.000,1.000,-0.000,0.999,0.000,-0.034),s="Running",v=Vector3.new(58.294,0.010,4.896)},
        {t=0.978,cf=CFrame.new(3723.358,1096.108,2029.937,-0.035,-0.000,-0.999,0.000,1.000,-0.000,0.999,0.000,-0.035),s="Running",v=Vector3.new(58.294,0.010,4.896)},
        {t=0.982,cf=CFrame.new(3723.605,1096.108,2029.957,-0.037,-0.000,-0.999,0.000,1.000,-0.000,0.999,0.000,-0.037),s="Running",v=Vector3.new(58.294,0.010,4.896)},
        {t=0.987,cf=CFrame.new(3723.862,1096.108,2029.978,-0.040,-0.000,-0.999,0.000,1.000,-0.000,0.999,0.000,-0.040),s="Running",v=Vector3.new(58.294,0.010,4.896)},
        {t=0.990,cf=CFrame.new(3724.110,1096.108,2029.998,-0.041,-0.000,-0.999,0.000,1.000,-0.000,0.999,0.000,-0.041),s="Running",v=Vector3.new(58.294,0.010,4.896)},
        {t=0.995,cf=CFrame.new(3724.371,1096.108,2030.019,-0.043,-0.000,-0.999,0.000,1.000,-0.000,0.999,0.000,-0.043),s="Running",v=Vector3.new(58.294,0.010,4.896)},
        {t=1.000,cf=CFrame.new(3724.623,1096.108,2030.039,-0.045,-0.000,-0.999,0.000,1.000,-0.000,0.999,0.000,-0.045),s="Running",v=Vector3.new(58.294,0.010,4.896)},
        {t=1.003,cf=CFrame.new(3724.869,1096.108,2030.060,-0.046,-0.000,-0.999,0.000,1.000,-0.000,0.999,0.000,-0.046),s="Running",v=Vector3.new(58.294,0.010,4.896)},
        {t=1.007,cf=CFrame.new(3725.113,1096.108,2030.080,-0.048,-0.000,-0.999,0.000,1.000,-0.000,0.999,0.000,-0.048),s="Running",v=Vector3.new(58.294,0.010,4.896)},
        {t=1.012,cf=CFrame.new(3725.364,1096.108,2030.100,-0.049,-0.000,-0.999,0.000,1.000,-0.000,0.999,0.000,-0.049),s="Running",v=Vector3.new(58.294,0.010,4.896)},
        {t=1.015,cf=CFrame.new(3725.604,1096.108,2030.120,-0.051,-0.000,-0.999,0.000,1.000,-0.000,0.999,0.000,-0.051),s="Running",v=Vector3.new(58.294,0.010,4.896)},
        {t=1.019,cf=CFrame.new(3725.849,1096.108,2030.140,-0.052,-0.000,-0.999,0.000,1.000,-0.000,0.999,0.000,-0.052),s="Running",v=Vector3.new(58.294,0.010,4.896)},
        {t=1.025,cf=CFrame.new(3726.104,1096.108,2030.161,-0.054,-0.000,-0.999,0.000,1.000,-0.000,0.999,0.000,-0.054),s="Running",v=Vector3.new(58.294,0.010,4.896)},
        {t=1.029,cf=CFrame.new(3726.349,1096.108,2030.181,-0.055,-0.000,-0.999,0.000,1.000,-0.000,0.999,0.000,-0.055),s="Running",v=Vector3.new(58.294,0.010,4.896)},
        {t=1.032,cf=CFrame.new(3726.591,1096.108,2030.201,-0.056,-0.000,-0.998,0.000,1.000,-0.000,0.998,0.000,-0.056),s="Running",v=Vector3.new(58.294,0.010,4.896)},
        {t=1.037,cf=CFrame.new(3726.849,1096.108,2030.222,-0.057,-0.000,-0.998,0.000,1.000,-0.000,0.998,0.000,-0.057),s="Running",v=Vector3.new(58.294,0.010,4.896)},
        {t=1.040,cf=CFrame.new(3727.093,1096.108,2030.242,-0.058,-0.000,-0.998,0.000,1.000,-0.000,0.998,0.000,-0.058),s="Running",v=Vector3.new(58.294,0.010,4.896)},
        {t=1.045,cf=CFrame.new(3727.349,1096.108,2030.263,-0.059,-0.000,-0.998,0.000,1.000,-0.000,0.998,0.000,-0.059),s="Running",v=Vector3.new(58.294,0.010,4.896)},
        {t=1.049,cf=CFrame.new(3727.590,1096.108,2030.283,-0.060,-0.000,-0.998,0.000,1.000,-0.000,0.998,0.000,-0.060),s="Running",v=Vector3.new(58.294,0.010,4.896)},
