-- CFrame Auto Walk Recording
-- Total Frames: 5893
-- Recorded HipHeight: 5.058475494384766

return {
    hipHeight = 5.058475494384766,
    frames = {
        {t=0.006,cf=CFrame.new(4271.674,1048.412,-852.227,0.281,0.000,-0.960,0.000,1.000,0.000,0.960,0.000,0.281),s="Running",v=Vector3.new(0.000,0.010,0.000)},
        {t=0.010,cf=CFrame.new(4271.674,1048.412,-852.227,0.281,0.000,-0.960,0.000,1.000,0.000,0.960,0.000,0.281),s="Running",v=Vector3.new(0.000,0.010,0.000)},
        {t=0.013,cf=CFrame.new(4271.674,1048.412,-852.227,0.281,0.000,-0.960,0.000,1.000,0.000,0.960,0.000,0.281),s="Running",v=Vector3.new(0.000,0.010,0.000)},
        {t=0.017,cf=CFrame.new(4271.674,1048.412,-852.227,0.281,0.000,-0.960,0.000,1.000,0.000,0.960,0.000,0.281),s="Running",v=Vector3.new(0.000,0.010,0.000)},
        {t=0.022,cf=CFrame.new(4271.674,1048.412,-852.227,0.281,0.000,-0.960,0.000,1.000,0.000,0.960,0.000,0.281),s="Running",v=Vector3.new(0.000,0.010,0.000)},
        {t=0.025,cf=CFrame.new(4271.674,1048.412,-852.227,0.281,0.000,-0.960,0.000,1.000,0.000,0.960,0.000,0.281),s="Running",v=Vector3.new(0.000,0.010,0.000)},
        {t=0.029,cf=CFrame.new(4271.674,1048.412,-852.227,0.281,0.000,-0.960,0.000,1.000,0.000,0.960,0.000,0.281),s="Running",v=Vector3.new(0.000,0.010,0.000)},
        {t=0.032,cf=CFrame.new(4271.674,1048.412,-852.227,0.281,0.000,-0.960,0.000,1.000,0.000,0.960,0.000,0.281),s="Running",v=Vector3.new(0.000,0.010,0.000)},
        {t=0.037,cf=CFrame.new(4271.674,1048.412,-852.227,0.281,0.000,-0.960,0.000,1.000,0.000,0.960,0.000,0.281),s="Running",v=Vector3.new(0.000,0.010,0.000)},
        {t=0.041,cf=CFrame.new(4271.674,1048.412,-852.227,0.281,0.000,-0.960,0.000,1.000,0.000,0.960,0.000,0.281),s="Running",v=Vector3.new(0.000,0.010,0.000)},
        {t=0.044,cf=CFrame.new(4271.674,1048.412,-852.227,0.281,0.000,-0.960,0.000,1.000,0.000,0.960,0.000,0.281),s="Running",v=Vector3.new(0.000,0.010,0.000)},
        {t=0.047,cf=CFrame.new(4271.674,1048.412,-852.227,0.281,0.000,-0.960,0.000,1.000,0.000,0.960,0.000,0.281),s="Running",v=Vector3.new(0.000,0.010,0.000)},
        {t=0.053,cf=CFrame.new(4271.674,1048.412,-852.227,0.281,0.000,-0.960,0.000,1.000,0.000,0.960,0.000,0.281),s="Running",v=Vector3.new(0.000,0.010,0.000)},
        {t=0.056,cf=CFrame.new(4271.674,1048.412,-852.227,0.281,0.000,-0.960,0.000,1.000,0.000,0.960,0.000,0.281),s="Running",v=Vector3.new(0.000,0.010,0.000)},
        {t=0.061,cf=CFrame.new(4271.674,1048.412,-852.227,0.281,0.000,-0.960,0.000,1.000,0.000,0.960,0.000,0.281),s="Running",v=Vector3.new(0.000,0.010,0.000)},
        {t=0.065,cf=CFrame.new(4271.674,1048.412,-852.227,0.281,0.000,-0.960,0.000,1.000,0.000,0.960,0.000,0.281),s="Running",v=Vector3.new(0.000,0.010,0.000)},
        {t=0.068,cf=CFrame.new(4271.674,1048.412,-852.227,0.281,0.000,-0.960,0.000,1.000,0.000,0.960,0.000,0.281),s="Running",v=Vector3.new(0.000,0.010,0.000)},
        {t=0.073,cf=CFrame.new(4271.674,1048.412,-852.227,0.281,0.000,-0.960,0.000,1.000,0.000,0.960,0.000,0.281),s="Running",v=Vector3.new(0.000,0.010,0.000)},
        {t=0.078,cf=CFrame.new(4271.674,1048.412,-852.227,0.281,0.000,-0.960,0.000,1.000,0.000,0.960,0.000,0.281),s="Running",v=Vector3.new(0.000,0.010,0.000)},
        {t=0.080,cf=CFrame.new(4271.674,1048.412,-852.227,0.281,0.000,-0.960,0.000,1.000,0.000,0.960,0.000,0.281),s="Running",v=Vector3.new(0.000,0.010,0.000)},
        {t=0.085,cf=CFrame.new(4271.674,1048.412,-852.227,0.281,0.000,-0.960,0.000,1.000,0.000,0.960,0.000,0.281),s="Running",v=Vector3.new(0.000,0.010,0.000)},
        {t=0.089,cf=CFrame.new(4271.674,1048.412,-852.227,0.281,0.000,-0.960,0.000,1.000,0.000,0.960,0.000,0.281),s="Running",v=Vector3.new(0.000,0.010,0.000)},
        {t=0.095,cf=CFrame.new(4271.674,1048.412,-852.227,0.281,0.000,-0.960,0.000,1.000,0.000,0.960,0.000,0.281),s="Running",v=Vector3.new(0.000,0.010,0.000)},
        {t=0.100,cf=CFrame.new(4271.674,1048.412,-852.227,0.281,0.000,-0.960,0.000,1.000,0.000,0.960,0.000,0.281),s="Running",v=Vector3.new(0.000,0.010,0.000)},
        {t=0.104,cf=CFrame.new(4271.674,1048.412,-852.227,0.281,0.000,-0.960,0.000,1.000,0.000,0.960,0.000,0.281),s="Running",v=Vector3.new(0.000,0.010,0.000)},
        {t=0.108,cf=CFrame.new(4271.674,1048.412,-852.227,0.281,0.000,-0.960,0.000,1.000,0.000,0.960,0.000,0.281),s="Running",v=Vector3.new(0.000,0.010,0.000)},
        {t=0.113,cf=CFrame.new(4271.674,1048.412,-852.227,0.281,0.000,-0.960,0.000,1.000,0.000,0.960,0.000,0.281),s="Running",v=Vector3.new(0.000,0.010,0.000)},
        {t=0.117,cf=CFrame.new(4271.674,1048.412,-852.227,0.281,0.000,-0.960,0.000,1.000,0.000,0.960,0.000,0.281),s="Running",v=Vector3.new(0.000,0.010,0.000)},
        {t=0.121,cf=CFrame.new(4271.674,1048.412,-852.227,0.281,0.000,-0.960,0.000,1.000,0.000,0.960,0.000,0.281),s="Running",v=Vector3.new(0.000,0.010,0.000)},
        {t=0.125,cf=CFrame.new(4271.674,1048.412,-852.227,0.281,0.000,-0.960,0.000,1.000,0.000,0.960,0.000,0.281),s="Running",v=Vector3.new(0.000,0.010,0.000)},
        {t=0.129,cf=CFrame.new(4271.674,1048.412,-852.227,0.281,0.000,-0.960,0.000,1.000,0.000,0.960,0.000,0.281),s="Running",v=Vector3.new(0.000,0.010,0.000)},
        {t=0.133,cf=CFrame.new(4271.674,1048.412,-852.227,0.281,0.000,-0.960,0.000,1.000,0.000,0.960,0.000,0.281),s="Running",v=Vector3.new(0.000,0.010,0.000)},
        {t=0.137,cf=CFrame.new(4271.674,1048.412,-852.227,0.281,0.000,-0.960,0.000,1.000,0.000,0.960,0.000,0.281),s="Running",v=Vector3.new(0.000,0.010,0.000)},
        {t=0.142,cf=CFrame.new(4271.674,1048.412,-852.227,0.281,0.000,-0.960,0.000,1.000,0.000,0.960,0.000,0.281),s="Running",v=Vector3.new(0.000,0.010,0.000)},
        {t=0.148,cf=CFrame.new(4271.674,1048.412,-852.227,0.281,0.000,-0.960,0.000,1.000,0.000,0.960,0.000,0.281),s="Running",v=Vector3.new(0.000,0.010,0.000)},
        {t=0.153,cf=CFrame.new(4271.674,1048.412,-852.227,0.281,0.000,-0.960,0.000,1.000,0.000,0.960,0.000,0.281),s="Running",v=Vector3.new(0.000,0.010,0.000)},
        {t=0.157,cf=CFrame.new(4271.674,1048.412,-852.227,0.281,0.000,-0.960,0.000,1.000,0.000,0.960,0.000,0.281),s="Running",v=Vector3.new(0.000,0.010,0.000)},
        {t=0.160,cf=CFrame.new(4271.674,1048.412,-852.227,0.281,0.000,-0.960,0.000,1.000,0.000,0.960,0.000,0.281),s="Running",v=Vector3.new(0.000,0.010,0.000)},
        {t=0.165,cf=CFrame.new(4271.674,1048.412,-852.227,0.281,0.000,-0.960,0.000,1.000,0.000,0.960,0.000,0.281),s="Running",v=Vector3.new(0.000,0.010,0.000)},
        {t=0.169,cf=CFrame.new(4271.674,1048.412,-852.227,0.281,0.000,-0.960,0.000,1.000,0.000,0.960,0.000,0.281),s="Running",v=Vector3.new(0.000,0.010,0.000)},
        {t=0.172,cf=CFrame.new(4271.674,1048.412,-852.227,0.281,0.000,-0.960,0.000,1.000,0.000,0.960,0.000,0.281),s="Running",v=Vector3.new(0.000,0.010,0.000)},
        {t=0.178,cf=CFrame.new(4271.674,1048.412,-852.227,0.281,0.000,-0.960,0.000,1.000,0.000,0.960,0.000,0.281),s="Running",v=Vector3.new(0.000,0.010,0.000)},
        {t=0.182,cf=CFrame.new(4271.674,1048.412,-852.227,0.281,0.000,-0.960,0.000,1.000,0.000,0.960,0.000,0.281),s="Running",v=Vector3.new(0.000,0.010,0.000)},
        {t=0.186,cf=CFrame.new(4271.674,1048.412,-852.227,0.281,0.000,-0.960,0.000,1.000,0.000,0.960,0.000,0.281),s="Running",v=Vector3.new(0.000,0.010,0.000)},
        {t=0.190,cf=CFrame.new(4271.674,1048.412,-852.227,0.281,0.000,-0.960,0.000,1.000,0.000,0.960,0.000,0.281),s="Running",v=Vector3.new(0.000,0.010,0.000)},
        {t=0.195,cf=CFrame.new(4271.674,1048.412,-852.227,0.281,0.000,-0.960,0.000,1.000,0.000,0.960,0.000,0.281),s="Running",v=Vector3.new(0.000,0.010,0.000)},
        {t=0.200,cf=CFrame.new(4271.674,1048.412,-852.227,0.281,-0.000,-0.960,0.000,1.000,-0.000,0.960,0.000,0.281),s="Running",v=Vector3.new(0.000,0.010,-0.000)},
        {t=0.207,cf=CFrame.new(4271.674,1048.412,-852.227,0.281,-0.000,-0.960,0.000,1.000,-0.000,0.960,0.000,0.281),s="Running",v=Vector3.new(0.000,0.010,-0.000)},
        {t=0.213,cf=CFrame.new(4271.674,1048.412,-852.227,0.281,-0.000,-0.960,0.000,1.000,-0.000,0.960,0.000,0.281),s="Running",v=Vector3.new(0.000,0.010,-0.000)},
        {t=0.218,cf=CFrame.new(4271.674,1048.412,-852.227,0.281,-0.000,-0.960,0.000,1.000,-0.000,0.960,0.000,0.281),s="Running",v=Vector3.new(0.000,0.010,-0.000)},
        {t=0.223,cf=CFrame.new(4271.674,1048.412,-852.227,0.281,-0.000,-0.960,0.000,1.000,-0.000,0.960,0.000,0.281),s="Running",v=Vector3.new(0.000,0.010,-0.000)},
        {t=0.228,cf=CFrame.new(4271.674,1048.412,-852.227,0.281,-0.000,-0.960,0.000,1.000,-0.000,0.960,0.000,0.281),s="Running",v=Vector3.new(2.276,0.010,-0.666)},
        {t=0.233,cf=CFrame.new(4271.680,1048.412,-852.229,0.281,-0.000,-0.960,0.000,1.000,-0.000,0.960,0.000,0.281),s="Running",v=Vector3.new(6.174,0.010,-1.806)},
        {t=0.238,cf=CFrame.new(4271.695,1048.412,-852.234,0.281,-0.000,-0.960,0.000,1.000,-0.000,0.960,0.000,0.281),s="Running",v=Vector3.new(11.011,0.010,-3.221)},
        {t=0.244,cf=CFrame.new(4271.731,1048.412,-852.244,0.281,-0.000,-0.960,0.000,1.000,-0.000,0.960,0.000,0.281),s="Running",v=Vector3.new(15.840,0.010,-4.637)},
        {t=0.248,cf=CFrame.new(4271.790,1048.412,-852.261,0.281,-0.000,-0.960,0.000,1.000,-0.000,0.960,0.000,0.281),s="Running",v=Vector3.new(20.813,0.010,-6.123)},
        {t=0.255,cf=CFrame.new(4271.926,1048.412,-852.301,0.282,-0.000,-0.959,0.000,1.000,-0.000,0.959,0.000,0.282),s="Running",v=Vector3.new(25.899,0.010,-7.715)},
        {t=0.263,cf=CFrame.new(4272.128,1048.412,-852.362,0.285,-0.000,-0.959,0.000,1.000,-0.000,0.959,0.000,0.285),s="Running",v=Vector3.new(35.759,0.010,-10.966)},
        {t=0.267,cf=CFrame.new(4272.282,1048.412,-852.409,0.287,-0.000,-0.958,0.000,1.000,-0.000,0.958,0.000,0.287),s="Running",v=Vector3.new(42.266,0.010,-13.284)},
        {t=0.276,cf=CFrame.new(4272.625,1048.412,-852.517,0.291,-0.000,-0.957,0.000,1.000,-0.000,0.957,0.000,0.291),s="Running",v=Vector3.new(47.933,0.010,-16.013)},
        {t=0.281,cf=CFrame.new(4272.847,1048.412,-852.591,0.295,-0.000,-0.955,0.000,1.000,-0.000,0.955,0.000,0.295),s="Running",v=Vector3.new(52.476,0.010,-18.643)},
        {t=0.289,cf=CFrame.new(4273.284,1048.412,-852.746,0.303,-0.000,-0.953,0.000,1.000,-0.000,0.953,0.000,0.303),s="Running",v=Vector3.new(52.736,0.010,-20.344)},
        {t=0.294,cf=CFrame.new(4273.521,1048.412,-852.837,0.309,-0.000,-0.951,0.000,1.000,-0.000,0.951,0.000,0.309),s="Running",v=Vector3.new(53.634,0.010,-21.926)},
        {t=0.299,cf=CFrame.new(4273.761,1048.412,-852.934,0.316,-0.000,-0.949,0.000,1.000,-0.000,0.949,0.000,0.316),s="Running",v=Vector3.new(53.536,0.010,-23.158)},
        {t=0.305,cf=CFrame.new(4274.190,1048.412,-853.119,0.325,-0.000,-0.946,0.000,1.000,-0.000,0.946,0.000,0.325),s="Running",v=Vector3.new(51.659,0.010,-24.783)},
        {t=0.310,cf=CFrame.new(4274.418,1048.412,-853.227,0.334,-0.000,-0.943,0.000,1.000,-0.000,0.943,0.000,0.334),s="Running",v=Vector3.new(51.679,0.010,-26.709)},
        {t=0.315,cf=CFrame.new(4274.648,1048.412,-853.344,0.344,-0.000,-0.939,0.000,1.000,-0.000,0.939,0.000,0.344),s="Running",v=Vector3.new(51.039,-0.437,-28.368)},
        {t=0.322,cf=CFrame.new(4275.063,1048.410,-853.572,0.359,-0.000,-0.933,0.000,1.000,-0.000,0.933,0.000,0.359),s="Running",v=Vector3.new(48.876,-1.469,-29.931)},
        {t=0.327,cf=CFrame.new(4275.284,1048.400,-853.704,0.373,-0.000,-0.928,0.000,1.000,-0.000,0.928,0.000,0.373),s="Running",v=Vector3.new(48.420,-2.847,-32.234)},
        {t=0.332,cf=CFrame.new(4275.502,1048.383,-853.846,0.386,-0.000,-0.922,0.000,1.000,-0.000,0.922,0.000,0.386),s="Running",v=Vector3.new(47.383,-3.958,-34.110)},
        {t=0.337,cf=CFrame.new(4275.875,1048.340,-854.111,0.400,-0.000,-0.916,0.000,1.000,-0.000,0.916,0.000,0.400),s="Running",v=Vector3.new(45.236,-5.147,-35.190)},
        {t=0.341,cf=CFrame.new(4276.066,1048.315,-854.256,0.413,-0.000,-0.911,0.000,1.000,-0.000,0.911,0.000,0.413),s="Running",v=Vector3.new(44.455,-5.887,-37.077)},
        {t=0.346,cf=CFrame.new(4276.258,1048.287,-854.412,0.429,-0.000,-0.904,0.000,1.000,-0.000,0.904,0.000,0.429),s="Running",v=Vector3.new(43.159,-6.762,-38.785)},
        {t=0.350,cf=CFrame.new(4276.450,1048.255,-854.578,0.448,-0.000,-0.894,0.000,1.000,-0.000,0.894,0.000,0.448),s="Running",v=Vector3.new(41.585,0.000,-40.503)},
        {t=0.355,cf=CFrame.new(4276.635,1048.245,-854.753,0.467,-0.000,-0.884,0.000,1.000,-0.000,0.884,0.000,0.467),s="Running",v=Vector3.new(39.612,-7.007,-42.430)},
        {t=0.360,cf=CFrame.new(4276.811,1048.210,-854.935,0.486,-0.000,-0.874,0.000,1.000,-0.000,0.874,0.000,0.486),s="Running",v=Vector3.new(37.650,-9.215,-44.182)},
        {t=0.364,cf=CFrame.new(4276.976,1048.166,-855.122,0.502,-0.000,-0.865,0.000,1.000,-0.000,0.865,0.000,0.502),s="Running",v=Vector3.new(35.844,-10.380,-45.665)},
        {t=0.370,cf=CFrame.new(4277.257,1048.069,-855.470,0.526,-0.000,-0.851,0.000,1.000,-0.000,0.851,0.000,0.526),s="Running",v=Vector3.new(32.589,-7.040,-46.326)},
        {t=0.375,cf=CFrame.new(4277.404,1048.056,-855.668,0.548,-0.000,-0.837,0.000,1.000,-0.000,0.837,0.000,0.548),s="Running",v=Vector3.new(30.952,-2.437,-48.688)},
        {t=0.378,cf=CFrame.new(4277.536,1048.053,-855.867,0.563,-0.000,-0.826,0.000,1.000,-0.000,0.826,0.000,0.563),s="Running",v=Vector3.new(29.250,-0.714,-50.044)},
        {t=0.382,cf=CFrame.new(4277.662,1048.055,-856.072,0.580,-0.000,-0.815,0.000,1.000,-0.000,0.815,0.000,0.580),s="Running",v=Vector3.new(27.465,0.188,-51.127)},
        {t=0.386,cf=CFrame.new(4277.782,1048.058,-856.283,0.598,-0.000,-0.801,0.000,1.000,-0.000,0.801,0.000,0.598),s="Running",v=Vector3.new(25.589,0.678,-52.113)},
        {t=0.390,cf=CFrame.new(4277.891,1048.062,-856.493,0.613,-0.000,-0.790,0.000,1.000,-0.000,0.790,0.000,0.613),s="Running",v=Vector3.new(23.769,0.893,-52.965)},
        {t=0.394,cf=CFrame.new(4277.996,1048.067,-856.711,0.632,-0.000,-0.775,0.000,1.000,-0.000,0.775,0.000,0.632),s="Running",v=Vector3.new(21.764,1.001,-53.820)},
        {t=0.398,cf=CFrame.new(4278.094,1048.071,-856.935,0.654,-0.000,-0.757,0.000,1.000,-0.000,0.757,0.000,0.654),s="Running",v=Vector3.new(19.788,1.016,-54.585)},
        {t=0.402,cf=CFrame.new(4278.181,1048.076,-857.156,0.670,-0.000,-0.742,0.000,1.000,-0.000,0.742,0.000,0.670),s="Running",v=Vector3.new(18.194,0.980,-55.145)},
        {t=0.407,cf=CFrame.new(4278.266,1048.080,-857.390,0.693,-0.000,-0.721,0.000,1.000,-0.000,0.721,0.000,0.693),s="Running",v=Vector3.new(16.026,0.894,-55.815)},
        {t=0.411,cf=CFrame.new(4278.339,1048.083,-857.622,0.711,-0.000,-0.704,0.000,1.000,-0.000,0.704,0.000,0.711),s="Running",v=Vector3.new(14.279,0.802,-56.299)},
        {t=0.415,cf=CFrame.new(4278.401,1048.087,-857.848,0.723,-0.000,-0.691,0.000,1.000,-0.000,0.691,0.000,0.723),s="Running",v=Vector3.new(12.999,0.729,-56.614)},
        {t=0.420,cf=CFrame.new(4278.465,1048.090,-858.089,0.744,-0.000,-0.669,0.000,1.000,-0.000,0.669,0.000,0.744),s="Running",v=Vector3.new(11.468,0.630,-56.951)},
        {t=0.424,cf=CFrame.new(4278.518,1048.092,-858.323,0.758,-0.000,-0.652,0.000,1.000,-0.000,0.652,0.000,0.758),s="Running",v=Vector3.new(10.373,0.554,-57.168)},
        {t=0.426,cf=CFrame.new(4278.525,1048.092,-858.340,0.767,-0.000,-0.641,0.000,1.000,-0.000,0.641,0.000,0.767),s="Running",v=Vector3.new(9.945,0.516,-58.678)},
        {t=0.432,cf=CFrame.new(4278.612,1048.096,-858.794,0.789,-0.000,-0.615,0.000,1.000,-0.000,0.615,0.000,0.789),s="Running",v=Vector3.new(8.441,0.415,-56.427)},
        {t=0.436,cf=CFrame.new(4278.654,1048.098,-859.029,0.802,-0.000,-0.598,0.000,1.000,-0.000,0.598,0.000,0.802),s="Running",v=Vector3.new(7.748,0.358,-57.329)},
        {t=0.439,cf=CFrame.new(4278.660,1048.098,-859.048,0.809,-0.000,-0.587,0.000,1.000,-0.000,0.587,0.000,0.809),s="Running",v=Vector3.new(7.514,0.328,-58.982)},
        {t=0.444,cf=CFrame.new(4278.726,1048.101,-859.501,0.825,-0.000,-0.565,0.000,1.000,-0.000,0.565,0.000,0.825),s="Running",v=Vector3.new(6.653,0.265,-56.658)},
        {t=0.446,cf=CFrame.new(4278.732,1048.101,-859.519,0.832,-0.000,-0.556,0.000,1.000,-0.000,0.556,0.000,0.832),s="Running",v=Vector3.new(6.635,0.243,-58.888)},
        {t=0.453,cf=CFrame.new(4278.794,1048.103,-859.981,0.848,-0.000,-0.529,0.000,1.000,-0.000,0.529,0.000,0.848),s="Running",v=Vector3.new(6.057,0.197,-56.677)},
        {t=0.455,cf=CFrame.new(4278.799,1048.103,-859.999,0.854,-0.000,-0.520,0.000,1.000,-0.000,0.520,0.000,0.854),s="Running",v=Vector3.new(6.154,0.183,-58.929)},
        {t=0.461,cf=CFrame.new(4278.855,1048.104,-860.458,0.867,-0.000,-0.499,0.000,1.000,-0.000,0.499,0.000,0.867),s="Running",v=Vector3.new(5.728,0.145,-56.709)},
        {t=0.464,cf=CFrame.new(4278.861,1048.104,-860.478,0.872,-0.000,-0.490,0.000,1.000,-0.000,0.490,0.000,0.872),s="Running",v=Vector3.new(5.892,0.133,-58.955)},
        {t=0.470,cf=CFrame.new(4278.918,1048.105,-860.959,0.885,-0.000,-0.466,0.000,1.000,-0.000,0.466,0.000,0.885),s="Running",v=Vector3.new(5.621,0.098,-56.720)},
        {t=0.473,cf=CFrame.new(4278.945,1048.105,-861.195,0.891,-0.000,-0.455,0.000,1.000,-0.000,0.455,0.000,0.891),s="Running",v=Vector3.new(5.693,0.089,-57.561)},
        {t=0.477,cf=CFrame.new(4278.973,1048.106,-861.431,0.896,-0.000,-0.444,0.000,1.000,-0.000,0.444,0.000,0.896),s="Running",v=Vector3.new(5.710,0.081,-57.772)},
        {t=0.482,cf=CFrame.new(4279.003,1048.106,-861.682,0.903,-0.000,-0.429,0.000,1.000,-0.000,0.429,0.000,0.903),s="Running",v=Vector3.new(5.713,0.068,-57.824)},
        {t=0.485,cf=CFrame.new(4279.008,1048.106,-861.704,0.908,-0.000,-0.420,0.000,1.000,-0.000,0.420,0.000,0.908),s="Running",v=Vector3.new(5.852,0.061,-59.238)},
        {t=0.489,cf=CFrame.new(4279.038,1048.106,-861.962,0.913,-0.000,-0.407,0.000,1.000,-0.000,0.407,0.000,0.913),s="Running",v=Vector3.new(5.748,0.053,-58.191)},
        {t=0.494,cf=CFrame.new(4279.087,1048.107,-862.410,0.920,-0.000,-0.393,0.000,1.000,-0.000,0.393,0.000,0.920),s="Running",v=Vector3.new(5.584,0.043,-56.529)},
        {t=0.499,cf=CFrame.new(4279.116,1048.107,-862.655,0.925,-0.000,-0.380,0.000,1.000,-0.000,0.380,0.000,0.925),s="Running",v=Vector3.new(5.681,0.037,-57.514)},
        {t=0.503,cf=CFrame.new(4279.145,1048.107,-862.902,0.930,-0.000,-0.368,0.000,1.000,-0.000,0.368,0.000,0.930),s="Running",v=Vector3.new(5.705,0.031,-57.760)},
        {t=0.506,cf=CFrame.new(4279.171,1048.107,-863.141,0.933,-0.000,-0.360,0.000,1.000,-0.000,0.360,0.000,0.933),s="Running",v=Vector3.new(5.711,0.028,-57.821)},
        {t=0.509,cf=CFrame.new(4279.175,1048.107,-863.162,0.935,-0.000,-0.353,0.000,1.000,-0.000,0.353,0.000,0.935),s="Running",v=Vector3.new(5.851,0.025,-59.237)},
        {t=0.514,cf=CFrame.new(4279.206,1048.107,-863.428,0.940,-0.000,-0.341,0.000,1.000,-0.000,0.341,0.000,0.940),s="Running",v=Vector3.new(5.748,0.021,-58.191)},
        {t=0.519,cf=CFrame.new(4279.255,1048.108,-863.887,0.944,-0.000,-0.329,0.000,1.000,-0.000,0.329,0.000,0.944),s="Running",v=Vector3.new(5.584,0.017,-56.529)},
        {t=0.523,cf=CFrame.new(4279.282,1048.108,-864.127,0.947,-0.000,-0.321,0.000,1.000,-0.000,0.321,0.000,0.947),s="Running",v=Vector3.new(5.681,0.014,-57.514)},
        {t=0.527,cf=CFrame.new(4279.309,1048.108,-864.369,0.950,-0.000,-0.313,0.000,1.000,-0.000,0.313,0.000,0.950),s="Running",v=Vector3.new(5.705,0.013,-57.760)},
        {t=0.531,cf=CFrame.new(4279.314,1048.108,-864.402,0.952,-0.000,-0.305,0.000,1.000,-0.000,0.305,0.000,0.952),s="Running",v=Vector3.new(5.850,0.011,-59.222)},
        {t=0.536,cf=CFrame.new(4279.363,1048.108,-864.864,0.956,-0.000,-0.294,0.000,1.000,-0.000,0.294,0.000,0.956),s="Running",v=Vector3.new(5.567,0.012,-56.791)},
        {t=0.540,cf=CFrame.new(4279.390,1048.108,-865.109,0.958,-0.000,-0.286,0.000,1.000,-0.000,0.286,0.000,0.958),s="Running",v=Vector3.new(5.611,0.011,-57.586)},
        {t=0.545,cf=CFrame.new(4279.417,1048.108,-865.357,0.960,-0.000,-0.279,0.000,1.000,-0.000,0.279,0.000,0.960),s="Running",v=Vector3.new(5.571,0.011,-57.789)},
        {t=0.549,cf=CFrame.new(4279.444,1048.108,-865.608,0.963,-0.000,-0.271,0.000,1.000,-0.000,0.271,0.000,0.963),s="Running",v=Vector3.new(5.533,0.010,-57.843)},
        {t=0.553,cf=CFrame.new(4279.471,1048.108,-865.859,0.965,-0.000,-0.263,0.000,1.000,-0.000,0.263,0.000,0.965),s="Running",v=Vector3.new(5.476,0.010,-57.861)},
        {t=0.557,cf=CFrame.new(4279.496,1048.108,-866.106,0.967,-0.000,-0.257,0.000,1.000,-0.000,0.257,0.000,0.967),s="Running",v=Vector3.new(5.438,0.010,-57.867)},
        {t=0.561,cf=CFrame.new(4279.522,1048.108,-866.357,0.968,-0.000,-0.250,0.000,1.000,-0.000,0.250,0.000,0.968),s="Running",v=Vector3.new(5.370,0.010,-57.875)},
        {t=0.565,cf=CFrame.new(4279.547,1048.108,-866.604,0.970,-0.000,-0.244,0.000,1.000,-0.000,0.244,0.000,0.970),s="Running",v=Vector3.new(5.339,0.010,-57.878)},
        {t=0.571,cf=CFrame.new(4279.573,1048.108,-866.863,0.972,-0.000,-0.236,0.000,1.000,-0.000,0.236,0.000,0.972),s="Running",v=Vector3.new(5.320,0.010,-57.879)},
        {t=0.575,cf=CFrame.new(4279.598,1048.108,-867.112,0.973,-0.000,-0.230,0.000,1.000,-0.000,0.230,0.000,0.973),s="Running",v=Vector3.new(5.313,0.010,-57.880)},
        {t=0.579,cf=CFrame.new(4279.624,1048.108,-867.366,0.975,-0.000,-0.224,0.000,1.000,-0.000,0.224,0.000,0.975),s="Running",v=Vector3.new(5.300,0.010,-57.881)},
        {t=0.584,cf=CFrame.new(4279.648,1048.108,-867.619,0.976,-0.000,-0.218,0.000,1.000,-0.000,0.218,0.000,0.976),s="Running",v=Vector3.new(5.252,0.010,-57.886)},
        {t=0.588,cf=CFrame.new(4279.673,1048.108,-867.872,0.977,-0.000,-0.213,0.000,1.000,-0.000,0.213,0.000,0.977),s="Running",v=Vector3.new(5.227,0.010,-57.888)},
        {t=0.593,cf=CFrame.new(4279.697,1048.108,-868.122,0.978,-0.000,-0.208,0.000,1.000,-0.000,0.208,0.000,0.978),s="Running",v=Vector3.new(5.217,0.010,-57.889)},
        {t=0.596,cf=CFrame.new(4279.721,1048.108,-868.372,0.979,-0.000,-0.203,0.000,1.000,-0.000,0.203,0.000,0.979),s="Running",v=Vector3.new(5.212,0.010,-57.889)},
        {t=0.600,cf=CFrame.new(4279.745,1048.108,-868.622,0.980,-0.000,-0.199,0.000,1.000,-0.000,0.199,0.000,0.980),s="Running",v=Vector3.new(5.188,0.010,-57.891)},
        {t=0.604,cf=CFrame.new(4279.769,1048.108,-868.874,0.981,-0.000,-0.194,0.000,1.000,-0.000,0.194,0.000,0.981),s="Running",v=Vector3.new(5.150,0.010,-57.895)},
        {t=0.608,cf=CFrame.new(4279.792,1048.108,-869.122,0.982,-0.000,-0.190,0.000,1.000,-0.000,0.190,0.000,0.982),s="Running",v=Vector3.new(5.117,0.010,-57.898)},
        {t=0.613,cf=CFrame.new(4279.816,1048.108,-869.373,0.983,-0.000,-0.186,0.000,1.000,-0.000,0.186,0.000,0.983),s="Running",v=Vector3.new(5.061,0.010,-57.903)},
        {t=0.617,cf=CFrame.new(4279.839,1048.108,-869.623,0.983,-0.000,-0.182,0.000,1.000,-0.000,0.182,0.000,0.983),s="Running",v=Vector3.new(5.019,0.010,-57.906)},
        {t=0.622,cf=CFrame.new(4279.863,1048.108,-869.881,0.984,-0.000,-0.177,0.000,1.000,-0.000,0.177,0.000,0.984),s="Running",v=Vector3.new(4.954,0.010,-57.912)},
        {t=0.626,cf=CFrame.new(4279.885,1048.108,-870.131,0.985,-0.000,-0.174,0.000,1.000,-0.000,0.174,0.000,0.985),s="Running",v=Vector3.new(4.925,0.010,-57.914)},
        {t=0.630,cf=CFrame.new(4279.908,1048.108,-870.381,0.985,-0.000,-0.170,0.000,1.000,-0.000,0.170,0.000,0.985),s="Running",v=Vector3.new(4.897,0.010,-57.917)},
        {t=0.634,cf=CFrame.new(4279.930,1048.108,-870.632,0.986,-0.000,-0.166,0.000,1.000,-0.000,0.166,0.000,0.986),s="Running",v=Vector3.new(4.853,0.010,-57.921)},
        {t=0.638,cf=CFrame.new(4279.952,1048.108,-870.882,0.987,-0.000,-0.163,0.000,1.000,-0.000,0.163,0.000,0.987),s="Running",v=Vector3.new(4.825,0.010,-57.923)},
        {t=0.642,cf=CFrame.new(4279.974,1048.108,-871.128,0.987,-0.000,-0.160,0.000,1.000,-0.000,0.160,0.000,0.987),s="Running",v=Vector3.new(4.812,0.010,-57.924)},
        {t=0.646,cf=CFrame.new(4279.995,1048.108,-871.373,0.988,-0.000,-0.157,0.000,1.000,-0.000,0.157,0.000,0.988),s="Running",v=Vector3.new(4.807,0.010,-57.924)},
        {t=0.649,cf=CFrame.new(4280.017,1048.108,-871.619,0.988,-0.000,-0.154,0.000,1.000,-0.000,0.154,0.000,0.988),s="Running",v=Vector3.new(4.805,0.010,-57.925)},
        {t=0.654,cf=CFrame.new(4280.039,1048.108,-871.871,0.989,-0.000,-0.151,0.000,1.000,-0.000,0.151,0.000,0.989),s="Running",v=Vector3.new(4.804,0.010,-57.925)},
        {t=0.657,cf=CFrame.new(4280.042,1048.108,-871.899,0.989,-0.000,-0.149,0.000,1.000,-0.000,0.149,0.000,0.989),s="Running",v=Vector3.new(4.920,0.010,-59.327)},
        {t=0.661,cf=CFrame.new(4280.064,1048.108,-872.158,0.989,-0.000,-0.147,0.000,1.000,-0.000,0.147,0.000,0.989),s="Running",v=Vector3.new(4.833,0.010,-58.275)},
        {t=0.665,cf=CFrame.new(4280.085,1048.108,-872.411,0.990,-0.000,-0.144,0.000,1.000,-0.000,0.144,0.000,0.990),s="Running",v=Vector3.new(4.811,0.010,-58.012)},
        {t=0.669,cf=CFrame.new(4280.107,1048.108,-872.663,0.990,-0.000,-0.142,0.000,1.000,-0.000,0.142,0.000,0.990),s="Running",v=Vector3.new(4.805,0.010,-57.947)},
        {t=0.673,cf=CFrame.new(4280.129,1048.108,-872.914,0.990,-0.000,-0.139,0.000,1.000,-0.000,0.139,0.000,0.990),s="Running",v=Vector3.new(4.769,0.010,-57.933)},
        {t=0.677,cf=CFrame.new(4280.150,1048.108,-873.167,0.991,-0.000,-0.137,0.000,1.000,-0.000,0.137,0.000,0.991),s="Running",v=Vector3.new(4.732,0.010,-57.932)},
        {t=0.681,cf=CFrame.new(4280.172,1048.108,-873.422,0.991,-0.000,-0.135,0.000,1.000,-0.000,0.135,0.000,0.991),s="Running",v=Vector3.new(4.715,0.010,-57.932)},
        {t=0.686,cf=CFrame.new(4280.194,1048.108,-873.682,0.991,-0.000,-0.132,0.000,1.000,-0.000,0.132,0.000,0.991),s="Running",v=Vector3.new(4.707,0.010,-57.933)},
        {t=0.690,cf=CFrame.new(4280.215,1048.108,-873.935,0.991,-0.000,-0.130,0.000,1.000,-0.000,0.130,0.000,0.991),s="Running",v=Vector3.new(4.704,0.010,-57.933)},
        {t=0.694,cf=CFrame.new(4280.236,1048.108,-874.190,0.992,-0.000,-0.128,0.000,1.000,-0.000,0.128,0.000,0.992),s="Running",v=Vector3.new(4.703,0.010,-57.933)},
        {t=0.699,cf=CFrame.new(4280.258,1048.108,-874.447,0.992,-0.000,-0.126,0.000,1.000,-0.000,0.126,0.000,0.992),s="Running",v=Vector3.new(4.703,0.010,-57.933)},
        {t=0.704,cf=CFrame.new(4280.280,1048.108,-874.712,0.992,-0.000,-0.124,0.000,1.000,-0.000,0.124,0.000,0.992),s="Running",v=Vector3.new(4.649,0.010,-57.937)},
        {t=0.707,cf=CFrame.new(4280.301,1048.108,-874.964,0.993,-0.000,-0.122,0.000,1.000,-0.000,0.122,0.000,0.993),s="Running",v=Vector3.new(4.621,0.010,-57.939)},
        {t=0.712,cf=CFrame.new(4280.322,1048.108,-875.221,0.993,-0.000,-0.120,0.000,1.000,-0.000,0.120,0.000,0.993),s="Running",v=Vector3.new(4.609,0.010,-57.940)},
        {t=0.716,cf=CFrame.new(4280.343,1048.108,-875.474,0.993,-0.000,-0.119,0.000,1.000,-0.000,0.119,0.000,0.993),s="Running",v=Vector3.new(4.603,0.010,-57.941)},
        {t=0.721,cf=CFrame.new(4280.365,1048.108,-875.741,0.993,-0.000,-0.116,0.000,1.000,-0.000,0.116,0.000,0.993),s="Running",v=Vector3.new(4.546,0.010,-57.945)},
        {t=0.725,cf=CFrame.new(4280.400,1048.108,-876.185,0.993,-0.000,-0.115,0.000,1.000,-0.000,0.115,0.000,0.993),s="Running",v=Vector3.new(4.409,0.011,-56.544)},
        {t=0.728,cf=CFrame.new(4280.402,1048.108,-876.208,0.994,-0.000,-0.114,0.000,1.000,-0.000,0.114,0.000,0.994),s="Running",v=Vector3.new(4.589,0.010,-59.001)},
        {t=0.732,cf=CFrame.new(4280.422,1048.108,-876.463,0.994,-0.000,-0.112,0.000,1.000,-0.000,0.112,0.000,0.994),s="Running",v=Vector3.new(4.483,0.010,-58.215)},
        {t=0.736,cf=CFrame.new(4280.442,1048.108,-876.715,0.994,-0.000,-0.111,0.000,1.000,-0.000,0.111,0.000,0.994),s="Running",v=Vector3.new(4.398,0.010,-58.023)},
        {t=0.740,cf=CFrame.new(4280.476,1048.108,-877.157,0.994,-0.000,-0.109,0.000,1.000,-0.000,0.109,0.000,0.994),s="Running",v=Vector3.new(4.234,0.011,-56.574)},
        {t=0.743,cf=CFrame.new(4280.479,1048.108,-877.184,0.994,-0.000,-0.108,0.000,1.000,-0.000,0.108,0.000,0.994),s="Running",v=Vector3.new(4.380,0.010,-59.021)},
        {t=0.748,cf=CFrame.new(4280.514,1048.108,-877.647,0.994,-0.000,-0.106,0.000,1.000,-0.000,0.106,0.000,0.994),s="Running",v=Vector3.new(4.155,0.011,-56.829)},
        {t=0.753,cf=CFrame.new(4280.532,1048.108,-877.891,0.995,-0.000,-0.105,0.000,1.000,-0.000,0.105,0.000,0.995),s="Running",v=Vector3.new(4.197,0.010,-57.685)},
        {t=0.755,cf=CFrame.new(4280.534,1048.108,-877.914,0.995,-0.000,-0.104,0.000,1.000,-0.000,0.104,0.000,0.995),s="Running",v=Vector3.new(4.235,0.010,-59.308)},
        {t=0.761,cf=CFrame.new(4280.568,1048.108,-878.376,0.995,-0.000,-0.101,0.000,1.000,-0.000,0.101,0.000,0.995),s="Running",v=Vector3.new(3.938,0.011,-56.914)},
        {t=0.765,cf=CFrame.new(4280.585,1048.108,-878.615,0.995,-0.000,-0.100,0.000,1.000,-0.000,0.100,0.000,0.995),s="Running",v=Vector3.new(3.885,0.010,-57.724)},
        {t=0.770,cf=CFrame.new(4280.603,1048.108,-878.872,0.995,-0.000,-0.098,0.000,1.000,-0.000,0.098,0.000,0.995),s="Running",v=Vector3.new(3.668,0.010,-57.940)},
        {t=0.774,cf=CFrame.new(4280.619,1048.108,-879.117,0.995,-0.000,-0.096,0.000,1.000,-0.000,0.096,0.000,0.995),s="Running",v=Vector3.new(3.573,0.010,-57.996)},
        {t=0.778,cf=CFrame.new(4280.635,1048.108,-879.361,0.996,-0.000,-0.095,0.000,1.000,-0.000,0.095,0.000,0.996),s="Running",v=Vector3.new(3.432,0.010,-58.018)},
        {t=0.783,cf=CFrame.new(4280.650,1048.108,-879.612,0.996,-0.000,-0.093,0.000,1.000,-0.000,0.093,0.000,0.996),s="Running",v=Vector3.new(3.193,0.010,-58.034)},
        {t=0.788,cf=CFrame.new(4280.665,1048.108,-879.870,0.996,-0.000,-0.090,0.000,1.000,-0.000,0.090,0.000,0.996),s="Running",v=Vector3.new(2.975,0.010,-58.047)},
        {t=0.792,cf=CFrame.new(4280.679,1048.108,-880.125,0.996,-0.000,-0.088,0.000,1.000,-0.000,0.088,0.000,0.996),s="Running",v=Vector3.new(2.753,0.010,-58.058)},
        {t=0.797,cf=CFrame.new(4280.691,1048.108,-880.382,0.996,-0.000,-0.086,0.000,1.000,-0.000,0.086,0.000,0.996),s="Running",v=Vector3.new(2.547,0.010,-58.067)},
        {t=0.803,cf=CFrame.new(4280.712,1048.108,-880.833,0.997,-0.000,-0.083,0.000,1.000,-0.000,0.083,0.000,0.997),s="Running",v=Vector3.new(2.258,0.011,-56.671)},
        {t=0.808,cf=CFrame.new(4280.723,1048.108,-881.087,0.997,-0.000,-0.080,0.000,1.000,-0.000,0.080,0.000,0.997),s="Running",v=Vector3.new(1.992,0.010,-57.737)},
        {t=0.814,cf=CFrame.new(4280.733,1048.108,-881.351,0.997,-0.000,-0.077,0.000,1.000,-0.000,0.077,0.000,0.997),s="Running",v=Vector3.new(1.706,0.010,-58.010)},
        {t=0.819,cf=CFrame.new(4280.747,1048.108,-881.804,0.997,-0.000,-0.074,0.000,1.000,-0.000,0.074,0.000,0.997),s="Running",v=Vector3.new(1.453,0.011,-56.675)},
        {t=0.825,cf=CFrame.new(4280.754,1048.108,-882.058,0.997,-0.000,-0.071,0.000,1.000,-0.000,0.071,0.000,0.997),s="Running",v=Vector3.new(1.339,0.010,-57.750)},
        {t=0.830,cf=CFrame.new(4280.761,1048.108,-882.316,0.998,-0.000,-0.068,0.000,1.000,-0.000,0.068,0.000,0.998),s="Running",v=Vector3.new(1.221,0.010,-58.021)},
        {t=0.834,cf=CFrame.new(4280.768,1048.108,-882.575,0.998,-0.000,-0.066,0.000,1.000,-0.000,0.066,0.000,0.998),s="Running",v=Vector3.new(1.107,0.010,-58.090)},
        {t=0.840,cf=CFrame.new(4280.774,1048.108,-882.841,0.998,-0.000,-0.064,0.000,1.000,-0.000,0.064,0.000,0.998),s="Running",v=Vector3.new(1.012,0.010,-58.109)},
        {t=0.845,cf=CFrame.new(4280.780,1048.108,-883.109,0.998,-0.000,-0.061,0.000,1.000,-0.000,0.061,0.000,0.998),s="Running",v=Vector3.new(0.972,0.010,-58.114)},
        {t=0.850,cf=CFrame.new(4280.788,1048.108,-883.562,0.998,-0.000,-0.059,0.000,1.000,-0.000,0.059,0.000,0.998),s="Running",v=Vector3.new(0.881,0.011,-56.709)},
        {t=0.855,cf=CFrame.new(4280.793,1048.108,-883.824,0.998,-0.000,-0.056,0.000,1.000,-0.000,0.056,0.000,0.998),s="Running",v=Vector3.new(0.864,0.010,-57.765)},
        {t=0.860,cf=CFrame.new(4280.798,1048.108,-884.089,0.999,-0.000,-0.054,0.000,1.000,-0.000,0.054,0.000,0.999),s="Running",v=Vector3.new(0.820,0.010,-58.030)},
        {t=0.865,cf=CFrame.new(4280.806,1048.108,-884.534,0.999,-0.000,-0.052,0.000,1.000,-0.000,0.052,0.000,0.999),s="Running",v=Vector3.new(0.758,0.011,-56.689)},
        {t=0.868,cf=CFrame.new(4280.807,1048.108,-884.565,0.999,-0.000,-0.051,0.000,1.000,-0.000,0.051,0.000,0.999),s="Running",v=Vector3.new(0.776,0.010,-59.168)},
        {t=0.873,cf=CFrame.new(4280.811,1048.108,-884.826,0.999,-0.000,-0.049,0.000,1.000,-0.000,0.049,0.000,0.999),s="Running",v=Vector3.new(0.758,0.010,-58.381)},
        {t=0.877,cf=CFrame.new(4280.815,1048.108,-885.081,0.999,-0.000,-0.048,0.000,1.000,-0.000,0.048,0.000,0.999),s="Running",v=Vector3.new(0.751,0.010,-58.184)},
        {t=0.881,cf=CFrame.new(4280.819,1048.108,-885.336,0.999,-0.000,-0.046,0.000,1.000,-0.000,0.046,0.000,0.999),s="Running",v=Vector3.new(0.716,0.010,-58.135)},
        {t=0.886,cf=CFrame.new(4280.826,1048.108,-885.788,0.999,-0.000,-0.045,0.000,1.000,-0.000,0.045,0.000,0.999),s="Running",v=Vector3.new(0.658,0.011,-56.716)},
        {t=0.890,cf=CFrame.new(4280.829,1048.108,-886.033,0.999,-0.000,-0.043,0.000,1.000,-0.000,0.043,0.000,0.999),s="Running",v=Vector3.new(0.653,0.010,-57.769)},
        {t=0.893,cf=CFrame.new(4280.830,1048.108,-886.062,0.999,-0.000,-0.042,0.000,1.000,-0.000,0.042,0.000,0.999),s="Running",v=Vector3.new(0.666,0.010,-59.439)},
        {t=0.898,cf=CFrame.new(4280.836,1048.108,-886.527,0.999,-0.000,-0.041,0.000,1.000,-0.000,0.041,0.000,0.999),s="Running",v=Vector3.new(0.636,0.011,-57.042)},
        {t=0.903,cf=CFrame.new(4280.840,1048.108,-886.778,0.999,-0.000,-0.039,0.000,1.000,-0.000,0.039,0.000,0.999),s="Running",v=Vector3.new(0.595,0.010,-57.851)},
        {t=0.907,cf=CFrame.new(4280.843,1048.108,-887.031,0.999,-0.000,-0.038,0.000,1.000,-0.000,0.038,0.000,0.999),s="Running",v=Vector3.new(0.566,0.010,-58.053)},
        {t=0.911,cf=CFrame.new(4280.846,1048.108,-887.278,0.999,-0.000,-0.037,0.000,1.000,-0.000,0.037,0.000,0.999),s="Running",v=Vector3.new(0.554,0.010,-58.104)},
        {t=0.914,cf=CFrame.new(4280.847,1048.108,-887.311,0.999,-0.000,-0.036,0.000,1.000,-0.000,0.036,0.000,0.999),s="Running",v=Vector3.new(0.513,0.010,-59.524)},
        {t=0.919,cf=CFrame.new(4280.850,1048.108,-887.575,0.999,-0.000,-0.035,0.000,1.000,-0.000,0.035,0.000,0.999),s="Running",v=Vector3.new(0.475,0.010,-58.472)},
        {t=0.923,cf=CFrame.new(4280.853,1048.108,-887.837,0.999,-0.000,-0.033,0.000,1.000,-0.000,0.033,0.000,0.999),s="Running",v=Vector3.new(0.457,0.010,-58.209)},
        {t=0.927,cf=CFrame.new(4280.855,1048.108,-888.094,0.999,-0.000,-0.032,0.000,1.000,-0.000,0.032,0.000,0.999),s="Running",v=Vector3.new(0.399,0.010,-58.144)},
        {t=0.931,cf=CFrame.new(4280.858,1048.108,-888.351,1.000,-0.000,-0.031,0.000,1.000,-0.000,0.031,0.000,1.000),s="Running",v=Vector3.new(0.370,0.010,-58.128)},
        {t=0.936,cf=CFrame.new(4280.861,1048.108,-888.798,1.000,-0.000,-0.030,0.000,1.000,-0.000,0.030,0.000,1.000),s="Running",v=Vector3.new(0.344,0.011,-56.716)},
        {t=0.940,cf=CFrame.new(4280.863,1048.108,-889.047,1.000,-0.000,-0.029,0.000,1.000,-0.000,0.029,0.000,1.000),s="Running",v=Vector3.new(0.299,0.010,-57.771)},
        {t=0.951,cf=CFrame.new(4280.867,1048.108,-889.563,1.000,-0.000,-0.026,0.000,1.000,-0.000,0.026,0.000,1.000),s="Running",v=Vector3.new(0.112,0.011,-56.628)},
        {t=0.955,cf=CFrame.new(4280.868,1048.108,-889.806,1.000,-0.000,-0.025,0.000,1.000,-0.000,0.025,0.000,1.000),s="Running",v=Vector3.new(0.042,0.010,-57.750)},
        {t=0.958,cf=CFrame.new(4280.868,1048.108,-890.049,1.000,-0.000,-0.024,0.000,1.000,-0.000,0.024,0.000,1.000),s="Running",v=Vector3.new(-0.014,0.010,-58.030)},
        {t=0.962,cf=CFrame.new(4280.869,1048.108,-890.298,1.000,-0.000,-0.023,0.000,1.000,-0.000,0.023,0.000,1.000),s="Running",v=Vector3.new(-0.105,0.010,-58.100)},
        {t=0.965,cf=CFrame.new(4280.869,1048.108,-890.542,1.000,-0.000,-0.022,0.000,1.000,-0.000,0.022,0.000,1.000),s="Running",v=Vector3.new(-0.188,0.010,-58.117)},
        {t=0.969,cf=CFrame.new(4280.869,1048.108,-890.793,1.000,-0.000,-0.021,0.000,1.000,-0.000,0.021,0.000,1.000),s="Running",v=Vector3.new(-0.280,0.010,-58.121)},
        {t=0.973,cf=CFrame.new(4280.868,1048.108,-891.038,1.000,-0.000,-0.020,0.000,1.000,-0.000,0.020,0.000,1.000),s="Running",v=Vector3.new(-0.358,0.010,-58.122)},
        {t=0.977,cf=CFrame.new(4280.867,1048.108,-891.283,1.000,-0.000,-0.018,0.000,1.000,-0.000,0.018,0.000,1.000),s="Running",v=Vector3.new(-0.485,0.010,-58.121)},
        {t=0.981,cf=CFrame.new(4280.865,1048.108,-891.538,1.000,-0.000,-0.017,0.000,1.000,-0.000,0.017,0.000,1.000),s="Running",v=Vector3.new(-0.647,0.010,-58.120)},
        {t=0.985,cf=CFrame.new(4280.863,1048.108,-891.784,1.000,-0.000,-0.016,0.000,1.000,-0.000,0.016,0.000,1.000),s="Running",v=Vector3.new(-0.763,0.010,-58.118)},
        {t=0.990,cf=CFrame.new(4280.860,1048.108,-892.042,1.000,-0.000,-0.014,0.000,1.000,-0.000,0.014,0.000,1.000),s="Running",v=Vector3.new(-0.877,0.010,-58.117)},
        {t=0.994,cf=CFrame.new(4280.856,1048.108,-892.287,1.000,-0.000,-0.013,0.000,1.000,-0.000,0.013,0.000,1.000),s="Running",v=Vector3.new(-0.980,0.010,-58.115)},
        {t=0.997,cf=CFrame.new(4280.853,1048.108,-892.529,1.000,-0.000,-0.012,0.000,1.000,-0.000,0.012,0.000,1.000),s="Running",v=Vector3.new(-1.088,0.010,-58.113)},
        {t=1.002,cf=CFrame.new(4280.849,1048.108,-892.784,1.000,-0.000,-0.010,0.000,1.000,-0.000,0.010,0.000,1.000),s="Running",v=Vector3.new(-1.194,0.010,-58.111)},
        {t=1.005,cf=CFrame.new(4280.849,1048.108,-892.805,1.000,-0.000,-0.009,0.000,1.000,-0.000,0.009,0.000,1.000),s="Running",v=Vector3.new(-1.303,0.010,-59.516)},
        {t=1.010,cf=CFrame.new(4280.839,1048.108,-893.268,1.000,-0.000,-0.007,0.000,1.000,-0.000,0.007,0.000,1.000),s="Running",v=Vector3.new(-1.433,0.011,-57.050)},
        {t=1.013,cf=CFrame.new(4280.839,1048.108,-893.292,1.000,-0.000,-0.006,0.000,1.000,-0.000,0.006,0.000,1.000),s="Running",v=Vector3.new(-1.559,0.010,-59.246)},
        {t=1.019,cf=CFrame.new(4280.828,1048.108,-893.766,1.000,-0.000,-0.004,0.000,1.000,-0.000,0.004,0.000,1.000),s="Running",v=Vector3.new(-1.589,0.011,-56.980)},
        {t=1.023,cf=CFrame.new(4280.821,1048.108,-894.011,1.000,-0.000,-0.003,0.000,1.000,-0.000,0.003,0.000,1.000),s="Running",v=Vector3.new(-1.653,0.010,-57.819)},
        {t=1.028,cf=CFrame.new(4280.814,1048.108,-894.272,1.000,-0.000,-0.001,0.000,1.000,-0.000,0.001,0.000,1.000),s="Running",v=Vector3.new(-1.683,0.010,-58.029)},
        {t=1.031,cf=CFrame.new(4280.814,1048.108,-894.298,1.000,0.000,0.000,0.000,1.000,0.000,-0.000,0.000,1.000),s="Running",v=Vector3.new(-1.767,0.010,-59.487)},
        {t=1.036,cf=CFrame.new(4280.806,1048.108,-894.575,1.000,0.000,0.002,0.000,1.000,0.000,-0.002,0.000,1.000),s="Running",v=Vector3.new(-1.773,0.010,-58.444)},
        {t=1.040,cf=CFrame.new(4280.799,1048.108,-894.824,1.000,0.000,0.003,0.000,1.000,0.000,-0.003,0.000,1.000),s="Running",v=Vector3.new(-1.780,0.010,-58.183)},
        {t=1.043,cf=CFrame.new(4280.792,1048.108,-895.074,1.000,0.000,0.004,0.000,1.000,0.000,-0.004,0.000,1.000),s="Running",v=Vector3.new(-1.815,0.010,-58.117)},
        {t=1.048,cf=CFrame.new(4280.784,1048.108,-895.342,1.000,0.000,0.005,0.000,1.000,0.000,-0.005,0.000,1.000),s="Running",v=Vector3.new(-1.862,0.010,-58.099)},
        {t=1.053,cf=CFrame.new(4280.776,1048.108,-895.604,1.000,0.000,0.006,0.000,1.000,0.000,-0.006,0.000,1.000),s="Running",v=Vector3.new(-1.880,0.010,-58.094)},
        {t=1.056,cf=CFrame.new(4280.769,1048.108,-895.854,1.000,0.000,0.007,0.000,1.000,0.000,-0.007,0.000,1.000),s="Running",v=Vector3.new(-1.887,0.010,-58.093)},
        {t=1.061,cf=CFrame.new(4280.760,1048.108,-896.120,1.000,0.000,0.009,0.000,1.000,0.000,-0.009,0.000,1.000),s="Running",v=Vector3.new(-1.935,0.010,-58.091)},
        {t=1.064,cf=CFrame.new(4280.752,1048.108,-896.366,1.000,0.000,0.009,0.000,1.000,0.000,-0.009,0.000,1.000),s="Running",v=Vector3.new(-1.961,0.010,-58.090)},
        {t=1.069,cf=CFrame.new(4280.744,1048.108,-896.632,1.000,0.000,0.011,0.000,1.000,0.000,-0.011,0.000,1.000),s="Running",v=Vector3.new(-2.031,0.010,-58.088)},
        {t=1.074,cf=CFrame.new(4280.735,1048.108,-896.890,1.000,0.000,0.012,0.000,1.000,0.000,-0.012,0.000,1.000),s="Running",v=Vector3.new(-2.066,0.010,-58.087)},
