-- CFrame Auto Walk Recording
-- Total Frames: 5381
-- Recorded HipHeight: 5.058475494384766

return {
    hipHeight = 5.058475494384766,
    frames = {
        {t=0.006,cf=CFrame.new(7726.283,1164.608,975.671,-0.999,0.000,0.036,0.000,1.000,0.000,-0.036,0.000,-0.999),s="Running",v=Vector3.new(0.000,0.010,0.000)},
        {t=0.009,cf=CFrame.new(7726.283,1164.608,975.671,-0.999,0.000,0.036,0.000,1.000,0.000,-0.036,0.000,-0.999),s="Running",v=Vector3.new(0.000,0.010,0.000)},
        {t=0.014,cf=CFrame.new(7726.283,1164.608,975.671,-0.999,0.000,0.036,0.000,1.000,0.000,-0.036,0.000,-0.999),s="Running",v=Vector3.new(0.000,0.010,0.000)},
        {t=0.018,cf=CFrame.new(7726.283,1164.608,975.671,-0.999,0.000,0.036,0.000,1.000,0.000,-0.036,0.000,-0.999),s="Running",v=Vector3.new(0.000,0.010,0.000)},
        {t=0.021,cf=CFrame.new(7726.283,1164.608,975.671,-0.999,0.000,0.036,0.000,1.000,0.000,-0.036,0.000,-0.999),s="Running",v=Vector3.new(0.000,0.010,0.000)},
        {t=0.025,cf=CFrame.new(7726.283,1164.608,975.671,-0.999,0.000,0.036,0.000,1.000,0.000,-0.036,0.000,-0.999),s="Running",v=Vector3.new(0.000,0.010,0.000)},
        {t=0.028,cf=CFrame.new(7726.283,1164.608,975.671,-0.999,0.000,0.036,0.000,1.000,0.000,-0.036,0.000,-0.999),s="Running",v=Vector3.new(0.000,0.010,0.000)},
        {t=0.033,cf=CFrame.new(7726.283,1164.608,975.671,-0.999,0.000,0.036,0.000,1.000,0.000,-0.036,0.000,-0.999),s="Running",v=Vector3.new(0.000,0.010,0.000)},
        {t=0.037,cf=CFrame.new(7726.283,1164.608,975.671,-0.999,0.000,0.036,0.000,1.000,0.000,-0.036,0.000,-0.999),s="Running",v=Vector3.new(0.000,0.010,0.000)},
        {t=0.041,cf=CFrame.new(7726.283,1164.608,975.671,-0.999,0.000,0.036,0.000,1.000,0.000,-0.036,0.000,-0.999),s="Running",v=Vector3.new(0.000,0.010,0.000)},
        {t=0.047,cf=CFrame.new(7726.283,1164.608,975.671,-0.999,0.000,0.036,0.000,1.000,0.000,-0.036,0.000,-0.999),s="Running",v=Vector3.new(0.000,0.010,0.000)},
        {t=0.050,cf=CFrame.new(7726.283,1164.608,975.671,-0.999,0.000,0.036,0.000,1.000,0.000,-0.036,0.000,-0.999),s="Running",v=Vector3.new(0.000,0.010,0.000)},
        {t=0.053,cf=CFrame.new(7726.283,1164.608,975.671,-0.999,0.000,0.036,0.000,1.000,0.000,-0.036,0.000,-0.999),s="Running",v=Vector3.new(0.000,0.010,0.000)},
        {t=0.059,cf=CFrame.new(7726.283,1164.608,975.671,-0.999,0.000,0.036,0.000,1.000,0.000,-0.036,0.000,-0.999),s="Running",v=Vector3.new(0.000,0.010,0.000)},
        {t=0.063,cf=CFrame.new(7726.283,1164.608,975.671,-0.999,0.000,0.036,0.000,1.000,0.000,-0.036,0.000,-0.999),s="Running",v=Vector3.new(0.000,0.010,0.000)},
        {t=0.067,cf=CFrame.new(7726.283,1164.608,975.671,-0.999,0.000,0.036,0.000,1.000,0.000,-0.036,0.000,-0.999),s="Running",v=Vector3.new(0.000,0.010,0.000)},
        {t=0.070,cf=CFrame.new(7726.283,1164.608,975.671,-0.999,0.000,0.036,0.000,1.000,0.000,-0.036,0.000,-0.999),s="Running",v=Vector3.new(0.000,0.010,0.000)},
        {t=0.074,cf=CFrame.new(7726.283,1164.608,975.671,-0.999,0.000,0.036,0.000,1.000,0.000,-0.036,0.000,-0.999),s="Running",v=Vector3.new(0.000,0.010,0.000)},
        {t=0.079,cf=CFrame.new(7726.283,1164.608,975.671,-0.999,0.000,0.036,0.000,1.000,0.000,-0.036,0.000,-0.999),s="Running",v=Vector3.new(0.000,0.010,0.000)},
        {t=0.083,cf=CFrame.new(7726.283,1164.608,975.671,-0.999,0.000,0.036,0.000,1.000,0.000,-0.036,0.000,-0.999),s="Running",v=Vector3.new(0.000,0.010,0.000)},
        {t=0.087,cf=CFrame.new(7726.283,1164.608,975.671,-0.999,0.000,0.036,0.000,1.000,0.000,-0.036,0.000,-0.999),s="Running",v=Vector3.new(0.000,0.010,0.000)},
        {t=0.091,cf=CFrame.new(7726.283,1164.608,975.671,-0.999,0.000,0.036,0.000,1.000,0.000,-0.036,0.000,-0.999),s="Running",v=Vector3.new(0.000,0.010,0.000)},
        {t=0.097,cf=CFrame.new(7726.283,1164.608,975.671,-0.999,0.000,0.036,0.000,1.000,0.000,-0.036,0.000,-0.999),s="Running",v=Vector3.new(0.000,0.010,0.000)},
        {t=0.102,cf=CFrame.new(7726.283,1164.608,975.671,-0.999,0.000,0.036,0.000,1.000,0.000,-0.036,0.000,-0.999),s="Running",v=Vector3.new(0.000,0.010,0.000)},
        {t=0.105,cf=CFrame.new(7726.283,1164.608,975.671,-0.999,0.000,0.036,0.000,1.000,0.000,-0.036,0.000,-0.999),s="Running",v=Vector3.new(0.000,0.010,0.000)},
        {t=0.110,cf=CFrame.new(7726.283,1164.608,975.671,-0.999,0.000,0.036,0.000,1.000,0.000,-0.036,0.000,-0.999),s="Running",v=Vector3.new(0.000,0.010,0.000)},
        {t=0.115,cf=CFrame.new(7726.283,1164.608,975.671,-0.999,0.000,0.036,0.000,1.000,0.000,-0.036,0.000,-0.999),s="Running",v=Vector3.new(0.000,0.010,0.000)},
        {t=0.119,cf=CFrame.new(7726.283,1164.608,975.671,-0.999,0.000,0.036,0.000,1.000,0.000,-0.036,0.000,-0.999),s="Running",v=Vector3.new(0.000,0.010,0.000)},
        {t=0.124,cf=CFrame.new(7726.283,1164.608,975.671,-0.999,0.000,0.036,0.000,1.000,0.000,-0.036,0.000,-0.999),s="Running",v=Vector3.new(0.000,0.010,0.000)},
        {t=0.129,cf=CFrame.new(7726.283,1164.608,975.671,-0.999,0.000,0.036,0.000,1.000,0.000,-0.036,0.000,-0.999),s="Running",v=Vector3.new(0.000,0.010,0.000)},
        {t=0.135,cf=CFrame.new(7726.283,1164.608,975.671,-0.999,0.000,0.036,0.000,1.000,0.000,-0.036,0.000,-0.999),s="Running",v=Vector3.new(0.000,0.010,0.000)},
        {t=0.139,cf=CFrame.new(7726.283,1164.608,975.671,-0.999,0.000,0.036,0.000,1.000,0.000,-0.036,0.000,-0.999),s="Running",v=Vector3.new(0.000,0.010,0.000)},
        {t=0.143,cf=CFrame.new(7726.283,1164.608,975.671,-0.999,0.000,0.036,0.000,1.000,0.000,-0.036,0.000,-0.999),s="Running",v=Vector3.new(0.000,0.010,0.000)},
        {t=0.148,cf=CFrame.new(7726.283,1164.608,975.671,-0.999,0.000,0.036,0.000,1.000,0.000,-0.036,0.000,-0.999),s="Running",v=Vector3.new(0.000,0.010,0.000)},
        {t=0.152,cf=CFrame.new(7726.283,1164.608,975.671,-0.999,0.000,0.036,0.000,1.000,0.000,-0.036,0.000,-0.999),s="Running",v=Vector3.new(0.000,0.010,0.000)},
        {t=0.158,cf=CFrame.new(7726.283,1164.608,975.671,-0.999,0.000,0.036,0.000,1.000,0.000,-0.036,0.000,-0.999),s="Running",v=Vector3.new(0.000,0.010,-0.000)},
        {t=0.164,cf=CFrame.new(7726.283,1164.608,975.671,-0.999,0.000,0.036,0.000,1.000,0.000,-0.036,0.000,-0.999),s="Running",v=Vector3.new(0.000,0.010,-0.000)},
        {t=0.168,cf=CFrame.new(7726.283,1164.608,975.671,-0.999,0.000,0.036,0.000,1.000,0.000,-0.036,0.000,-0.999),s="Running",v=Vector3.new(0.000,0.010,-0.000)},
        {t=0.173,cf=CFrame.new(7726.283,1164.608,975.671,-0.999,0.000,0.036,0.000,1.000,0.000,-0.036,0.000,-0.999),s="Running",v=Vector3.new(0.000,0.010,-0.000)},
        {t=0.177,cf=CFrame.new(7726.283,1164.608,975.672,-0.999,0.000,0.037,0.000,1.000,0.000,-0.037,0.000,-0.999),s="Running",v=Vector3.new(-0.047,0.010,1.175)},
        {t=0.182,cf=CFrame.new(7726.283,1164.608,975.676,-0.999,0.000,0.037,0.000,1.000,0.000,-0.037,0.000,-0.999),s="Running",v=Vector3.new(-0.282,0.010,7.042)},
        {t=0.187,cf=CFrame.new(7726.282,1164.608,975.692,-0.999,0.000,0.038,0.000,1.000,0.000,-0.038,0.000,-0.999),s="Running",v=Vector3.new(-0.496,0.010,11.327)},
        {t=0.192,cf=CFrame.new(7726.280,1164.608,975.729,-0.999,0.000,0.041,0.000,1.000,0.000,-0.041,0.000,-0.999),s="Running",v=Vector3.new(-0.826,0.010,16.127)},
        {t=0.197,cf=CFrame.new(7726.276,1164.608,975.818,-0.999,0.000,0.043,0.000,1.000,0.000,-0.043,0.000,-0.999),s="Running",v=Vector3.new(-1.253,-0.522,20.547)},
        {t=0.203,cf=CFrame.new(7726.271,1164.606,975.902,-0.999,0.000,0.047,0.000,1.000,0.000,-0.047,0.000,-0.999),s="Running",v=Vector3.new(-1.990,-1.604,27.538)},
        {t=0.208,cf=CFrame.new(7726.263,1164.602,976.015,-0.999,0.000,0.052,0.000,1.000,0.000,-0.052,0.000,-0.999),s="Running",v=Vector3.new(-2.883,-2.481,33.243)},
        {t=0.213,cf=CFrame.new(7726.242,1164.570,976.254,-0.998,0.000,0.059,0.000,1.000,0.000,-0.059,0.000,-0.998),s="Running",v=Vector3.new(-4.055,-4.082,37.586)},
        {t=0.218,cf=CFrame.new(7726.226,1164.549,976.411,-0.998,0.000,0.066,0.000,1.000,0.000,-0.066,0.000,-0.998),s="Running",v=Vector3.new(-5.932,-4.999,43.727)},
        {t=0.223,cf=CFrame.new(7726.200,1164.524,976.600,-0.997,0.000,0.076,0.000,1.000,0.000,-0.076,0.000,-0.997),s="Running",v=Vector3.new(-8.984,-6.008,49.685)},
        {t=0.228,cf=CFrame.new(7726.160,1164.494,976.818,-0.996,0.000,0.087,0.000,1.000,0.000,-0.087,0.000,-0.996),s="Running",v=Vector3.new(-12.533,-7.069,53.783)},
        {t=0.232,cf=CFrame.new(7726.108,1164.460,977.046,-0.995,0.000,0.097,0.000,1.000,0.000,-0.097,0.000,-0.995),s="Running",v=Vector3.new(-15.102,-7.999,54.883)},
        {t=0.238,cf=CFrame.new(7725.995,1164.383,977.463,-0.994,0.000,0.112,0.000,1.000,0.000,-0.112,0.000,-0.994),s="Running",v=Vector3.new(-17.363,-9.274,53.501)},
        {t=0.243,cf=CFrame.new(7725.923,1164.341,977.690,-0.992,0.000,0.126,0.000,1.000,0.000,-0.126,0.000,-0.992),s="Running",v=Vector3.new(-19.922,-10.075,54.013)},
        {t=0.248,cf=CFrame.new(7725.836,1164.294,977.931,-0.989,0.000,0.146,0.000,1.000,0.000,-0.146,0.000,-0.989),s="Running",v=Vector3.new(-22.453,-2.723,53.401)},
        {t=0.253,cf=CFrame.new(7725.737,1164.274,978.174,-0.986,0.000,0.170,0.000,1.000,0.000,-0.170,0.000,-0.986),s="Running",v=Vector3.new(-24.826,-0.948,52.444)},
        {t=0.258,cf=CFrame.new(7725.627,1164.256,978.414,-0.981,0.000,0.194,0.000,1.000,0.000,-0.194,0.000,-0.981),s="Running",v=Vector3.new(-27.771,-0.645,50.931)},
        {t=0.264,cf=CFrame.new(7725.421,1164.227,978.802,-0.976,0.000,0.218,0.000,1.000,0.000,-0.218,0.000,-0.976),s="Running",v=Vector3.new(-29.006,-11.038,48.622)},
        {t=0.269,cf=CFrame.new(7725.303,1164.171,979.005,-0.971,0.000,0.239,0.000,1.000,0.000,-0.239,0.000,-0.971),s="Running",v=Vector3.new(-32.106,-12.800,47.891)},
        {t=0.273,cf=CFrame.new(7725.172,1164.110,979.207,-0.966,0.000,0.259,0.000,1.000,0.000,-0.259,0.000,-0.966),s="Running",v=Vector3.new(-34.758,-7.707,46.337)},
        {t=0.278,cf=CFrame.new(7725.030,1164.072,979.403,-0.960,0.000,0.281,0.000,1.000,0.000,-0.281,0.000,-0.960),s="Running",v=Vector3.new(-36.872,-3.350,44.783)},
        {t=0.283,cf=CFrame.new(7724.872,1164.064,979.601,-0.952,0.000,0.305,0.000,1.000,0.000,-0.305,0.000,-0.952),s="Running",v=Vector3.new(-39.139,0.341,42.844)},
        {t=0.288,cf=CFrame.new(7724.573,1164.069,979.934,-0.944,0.000,0.331,0.000,1.000,0.000,-0.331,0.000,-0.944),s="Running",v=Vector3.new(-40.275,1.742,39.843)},
        {t=0.292,cf=CFrame.new(7724.408,1164.073,980.104,-0.935,0.000,0.356,0.000,1.000,0.000,-0.356,0.000,-0.935),s="Running",v=Vector3.new(-41.797,1.913,39.812)},
        {t=0.298,cf=CFrame.new(7724.232,1164.077,980.279,-0.923,0.000,0.386,0.000,1.000,0.000,-0.386,0.000,-0.923),s="Running",v=Vector3.new(-44.435,1.928,37.135)},
        {t=0.303,cf=CFrame.new(7724.041,1164.081,980.445,-0.909,0.000,0.417,0.000,1.000,0.000,-0.417,0.000,-0.909),s="Running",v=Vector3.new(-46.720,1.795,34.333)},
        {t=0.308,cf=CFrame.new(7723.840,1164.085,980.599,-0.897,0.000,0.442,0.000,1.000,0.000,-0.442,0.000,-0.897),s="Running",v=Vector3.new(-48.335,1.576,32.098)},
        {t=0.313,cf=CFrame.new(7723.627,1164.089,980.747,-0.883,0.000,0.470,0.000,1.000,0.000,-0.470,0.000,-0.883),s="Running",v=Vector3.new(-49.630,1.338,30.138)},
        {t=0.318,cf=CFrame.new(7723.411,1164.093,980.886,-0.869,0.000,0.496,0.000,1.000,0.000,-0.496,0.000,-0.869),s="Running",v=Vector3.new(-50.839,1.158,28.018)},
        {t=0.322,cf=CFrame.new(7723.024,1164.098,981.106,-0.853,0.000,0.522,0.000,1.000,0.000,-0.522,0.000,-0.853),s="Running",v=Vector3.new(-50.758,0.938,25.151)},
        {t=0.327,cf=CFrame.new(7722.809,1164.100,981.221,-0.837,0.000,0.547,0.000,1.000,0.000,-0.547,0.000,-0.837),s="Running",v=Vector3.new(-52.665,0.834,23.597)},
        {t=0.332,cf=CFrame.new(7722.581,1164.101,981.332,-0.819,0.000,0.574,0.000,1.000,0.000,-0.574,0.000,-0.819),s="Running",v=Vector3.new(-53.741,0.713,21.771)},
        {t=0.337,cf=CFrame.new(7722.351,1164.103,981.433,-0.801,0.000,0.599,0.000,1.000,0.000,-0.599,0.000,-0.801),s="Running",v=Vector3.new(-54.489,0.607,20.047)},
        {t=0.341,cf=CFrame.new(7722.121,1164.104,981.526,-0.784,0.000,0.621,0.000,1.000,0.000,-0.621,0.000,-0.784),s="Running",v=Vector3.new(-55.062,0.528,18.473)},
        {t=0.346,cf=CFrame.new(7721.884,1164.105,981.614,-0.765,0.000,0.644,0.000,1.000,0.000,-0.644,0.000,-0.765),s="Running",v=Vector3.new(-55.580,0.450,16.882)},
        {t=0.351,cf=CFrame.new(7721.648,1164.106,981.694,-0.746,0.000,0.666,0.000,1.000,0.000,-0.666,0.000,-0.746),s="Running",v=Vector3.new(-55.966,0.389,15.582)},
        {t=0.356,cf=CFrame.new(7721.227,1164.107,981.821,-0.724,0.000,0.689,0.000,1.000,0.000,-0.689,0.000,-0.724),s="Running",v=Vector3.new(-55.017,0.306,13.667)},
        {t=0.361,cf=CFrame.new(7720.980,1164.107,981.891,-0.700,0.000,0.714,0.000,1.000,0.000,-0.714,0.000,-0.700),s="Running",v=Vector3.new(-56.465,0.242,12.114)},
        {t=0.366,cf=CFrame.new(7720.735,1164.108,981.952,-0.680,0.000,0.734,0.000,1.000,0.000,-0.734,0.000,-0.680),s="Running",v=Vector3.new(-56.957,0.205,11.057)},
        {t=0.370,cf=CFrame.new(7720.492,1164.108,982.007,-0.661,0.000,0.750,0.000,1.000,0.000,-0.750,0.000,-0.661),s="Running",v=Vector3.new(-57.208,0.175,10.075)},
        {t=0.375,cf=CFrame.new(7720.244,1164.108,982.058,-0.641,0.000,0.768,0.000,1.000,0.000,-0.768,0.000,-0.641),s="Running",v=Vector3.new(-57.400,0.149,9.025)},
        {t=0.379,cf=CFrame.new(7719.999,1164.109,982.104,-0.622,0.000,0.783,0.000,1.000,0.000,-0.783,0.000,-0.622),s="Running",v=Vector3.new(-57.530,0.128,8.203)},
        {t=0.383,cf=CFrame.new(7719.754,1164.109,982.146,-0.604,0.000,0.797,0.000,1.000,0.000,-0.797,0.000,-0.604),s="Running",v=Vector3.new(-57.632,0.109,7.480)},
        {t=0.387,cf=CFrame.new(7719.511,1164.106,982.185,-0.587,0.000,0.810,0.000,1.000,0.000,-0.810,0.000,-0.587),s="Running",v=Vector3.new(-57.694,-0.097,7.004)},
        {t=0.391,cf=CFrame.new(7719.265,1164.106,982.222,-0.569,0.000,0.823,0.000,1.000,0.000,-0.823,0.000,-0.569),s="Running",v=Vector3.new(-57.742,0.064,6.617)},
        {t=0.396,cf=CFrame.new(7719.019,1164.106,982.257,-0.552,0.000,0.834,0.000,1.000,0.000,-0.834,0.000,-0.552),s="Running",v=Vector3.new(-57.774,0.075,6.344)},
        {t=0.400,cf=CFrame.new(7718.583,1164.106,982.312,-0.534,0.000,0.846,0.000,1.000,0.000,-0.846,0.000,-0.534),s="Running",v=Vector3.new(-56.391,0.065,6.056)},
        {t=0.403,cf=CFrame.new(7718.562,1164.106,982.319,-0.522,0.000,0.853,0.000,1.000,0.000,-0.853,0.000,-0.522),s="Running",v=Vector3.new(-58.845,0.058,6.275)},
        {t=0.409,cf=CFrame.new(7718.109,1164.107,982.375,-0.502,0.000,0.865,0.000,1.000,0.000,-0.865,0.000,-0.502),s="Running",v=Vector3.new(-56.659,0.047,6.037)},
        {t=0.413,cf=CFrame.new(7717.869,1164.107,982.407,-0.486,0.000,0.874,0.000,1.000,0.000,-0.874,0.000,-0.486),s="Running",v=Vector3.new(-57.501,0.039,6.227)},
        {t=0.417,cf=CFrame.new(7717.625,1164.107,982.439,-0.472,0.000,0.882,0.000,1.000,0.000,-0.882,0.000,-0.472),s="Running",v=Vector3.new(-57.698,0.033,6.396)},
        {t=0.422,cf=CFrame.new(7717.381,1164.107,982.472,-0.457,0.000,0.890,0.000,1.000,0.000,-0.890,0.000,-0.457),s="Running",v=Vector3.new(-57.735,0.030,6.550)},
        {t=0.426,cf=CFrame.new(7717.141,1164.108,982.505,-0.443,0.000,0.896,0.000,1.000,0.000,-0.896,0.000,-0.443),s="Running",v=Vector3.new(-57.731,0.026,6.700)},
        {t=0.431,cf=CFrame.new(7716.894,1164.108,982.539,-0.429,0.000,0.903,0.000,1.000,0.000,-0.903,0.000,-0.429),s="Running",v=Vector3.new(-57.725,0.022,6.781)},
        {t=0.436,cf=CFrame.new(7716.646,1164.108,982.573,-0.415,0.000,0.910,0.000,1.000,0.000,-0.910,0.000,-0.415),s="Running",v=Vector3.new(-57.722,0.018,6.815)},
        {t=0.440,cf=CFrame.new(7716.400,1164.108,982.607,-0.404,0.000,0.915,0.000,1.000,0.000,-0.915,0.000,-0.404),s="Running",v=Vector3.new(-57.721,0.015,6.827)},
        {t=0.445,cf=CFrame.new(7716.149,1164.108,982.641,-0.391,0.000,0.920,0.000,1.000,0.000,-0.920,0.000,-0.391),s="Running",v=Vector3.new(-57.721,0.013,6.832)},
        {t=0.450,cf=CFrame.new(7715.899,1164.108,982.675,-0.379,0.000,0.925,0.000,1.000,0.000,-0.925,0.000,-0.379),s="Running",v=Vector3.new(-57.720,0.011,6.833)},
        {t=0.454,cf=CFrame.new(7715.461,1164.108,982.731,-0.367,0.000,0.930,0.000,1.000,0.000,-0.930,0.000,-0.367),s="Running",v=Vector3.new(-56.323,0.011,6.668)},
        {t=0.459,cf=CFrame.new(7715.220,1164.108,982.764,-0.356,0.000,0.934,0.000,1.000,0.000,-0.934,0.000,-0.356),s="Running",v=Vector3.new(-57.371,0.011,6.793)},
        {t=0.464,cf=CFrame.new(7714.972,1164.108,982.798,-0.345,0.000,0.939,0.000,1.000,0.000,-0.939,0.000,-0.345),s="Running",v=Vector3.new(-57.633,0.011,6.824)},
        {t=0.469,cf=CFrame.new(7714.728,1164.108,982.830,-0.336,0.000,0.942,0.000,1.000,0.000,-0.942,0.000,-0.336),s="Running",v=Vector3.new(-57.698,0.010,6.832)},
        {t=0.473,cf=CFrame.new(7714.474,1164.108,982.864,-0.325,0.000,0.946,0.000,1.000,0.000,-0.946,0.000,-0.325),s="Running",v=Vector3.new(-57.715,0.010,6.833)},
        {t=0.478,cf=CFrame.new(7714.224,1164.108,982.897,-0.316,0.000,0.949,0.000,1.000,0.000,-0.949,0.000,-0.316),s="Running",v=Vector3.new(-57.719,0.010,6.834)},
        {t=0.483,cf=CFrame.new(7713.784,1164.108,982.952,-0.307,0.000,0.952,0.000,1.000,0.000,-0.952,0.000,-0.307),s="Running",v=Vector3.new(-56.322,0.011,6.669)},
        {t=0.487,cf=CFrame.new(7713.544,1164.108,982.983,-0.299,0.000,0.954,0.000,1.000,0.000,-0.954,0.000,-0.299),s="Running",v=Vector3.new(-57.371,0.010,6.793)},
        {t=0.491,cf=CFrame.new(7713.515,1164.108,982.989,-0.293,0.000,0.956,0.000,1.000,0.000,-0.956,0.000,-0.293),s="Running",v=Vector3.new(-59.031,0.010,6.989)},
        {t=0.496,cf=CFrame.new(7713.251,1164.108,983.023,-0.284,0.000,0.959,0.000,1.000,0.000,-0.959,0.000,-0.284),s="Running",v=Vector3.new(-58.048,0.010,6.873)},
        {t=0.501,cf=CFrame.new(7712.799,1164.108,983.080,-0.276,0.000,0.961,0.000,1.000,0.000,-0.961,0.000,-0.276),s="Running",v=Vector3.new(-56.405,0.011,6.678)},
        {t=0.505,cf=CFrame.new(7712.554,1164.108,983.111,-0.270,0.000,0.963,0.000,1.000,0.000,-0.963,0.000,-0.270),s="Running",v=Vector3.new(-57.391,0.010,6.795)},
        {t=0.509,cf=CFrame.new(7712.305,1164.108,983.143,-0.264,0.000,0.965,0.000,1.000,0.000,-0.965,0.000,-0.264),s="Running",v=Vector3.new(-57.638,0.010,6.824)},
        {t=0.514,cf=CFrame.new(7712.053,1164.108,983.175,-0.257,0.000,0.966,0.000,1.000,0.000,-0.966,0.000,-0.257),s="Running",v=Vector3.new(-57.700,0.010,6.832)},
        {t=0.518,cf=CFrame.new(7711.801,1164.108,983.207,-0.251,0.000,0.968,0.000,1.000,0.000,-0.968,0.000,-0.251),s="Running",v=Vector3.new(-57.715,0.010,6.833)},
        {t=0.523,cf=CFrame.new(7711.543,1164.108,983.239,-0.245,0.000,0.969,0.000,1.000,0.000,-0.969,0.000,-0.245),s="Running",v=Vector3.new(-57.719,0.010,6.834)},
        {t=0.527,cf=CFrame.new(7711.286,1164.108,983.272,-0.240,0.000,0.971,0.000,1.000,0.000,-0.971,0.000,-0.240),s="Running",v=Vector3.new(-57.720,0.010,6.834)},
        {t=0.532,cf=CFrame.new(7711.020,1164.108,983.305,-0.234,0.000,0.972,0.000,1.000,0.000,-0.972,0.000,-0.234),s="Running",v=Vector3.new(-57.720,0.010,6.834)},
        {t=0.537,cf=CFrame.new(7710.760,1164.108,983.338,-0.229,0.000,0.973,0.000,1.000,0.000,-0.973,0.000,-0.229),s="Running",v=Vector3.new(-57.720,0.010,6.834)},
        {t=0.541,cf=CFrame.new(7710.505,1164.108,983.370,-0.225,0.000,0.974,0.000,1.000,0.000,-0.974,0.000,-0.225),s="Running",v=Vector3.new(-57.720,0.010,6.834)},
        {t=0.546,cf=CFrame.new(7710.244,1164.108,983.402,-0.220,0.000,0.976,0.000,1.000,0.000,-0.976,0.000,-0.220),s="Running",v=Vector3.new(-57.720,0.010,6.834)},
        {t=0.550,cf=CFrame.new(7709.985,1164.108,983.435,-0.215,0.000,0.977,0.000,1.000,0.000,-0.977,0.000,-0.215),s="Running",v=Vector3.new(-57.720,0.010,6.834)},
        {t=0.555,cf=CFrame.new(7709.722,1164.108,983.467,-0.211,0.000,0.977,0.000,1.000,0.000,-0.977,0.000,-0.211),s="Running",v=Vector3.new(-57.720,0.010,6.834)},
        {t=0.559,cf=CFrame.new(7709.271,1164.108,983.522,-0.207,0.000,0.978,0.000,1.000,0.000,-0.978,0.000,-0.207),s="Running",v=Vector3.new(-56.323,0.011,6.669)},
        {t=0.564,cf=CFrame.new(7709.018,1164.108,983.554,-0.203,0.000,0.979,0.000,1.000,0.000,-0.979,0.000,-0.203),s="Running",v=Vector3.new(-57.371,0.010,6.793)},
        {t=0.568,cf=CFrame.new(7708.762,1164.108,983.585,-0.199,0.000,0.980,0.000,1.000,0.000,-0.980,0.000,-0.199),s="Running",v=Vector3.new(-57.633,0.010,6.824)},
        {t=0.572,cf=CFrame.new(7708.512,1164.108,983.616,-0.196,0.000,0.981,0.000,1.000,0.000,-0.981,0.000,-0.196),s="Running",v=Vector3.new(-57.698,0.010,6.832)},
        {t=0.577,cf=CFrame.new(7708.253,1164.108,983.648,-0.193,0.000,0.981,0.000,1.000,0.000,-0.981,0.000,-0.193),s="Running",v=Vector3.new(-57.715,0.010,6.833)},
        {t=0.582,cf=CFrame.new(7707.990,1164.108,983.680,-0.189,0.000,0.982,0.000,1.000,0.000,-0.982,0.000,-0.189),s="Running",v=Vector3.new(-57.719,0.010,6.834)},
        {t=0.586,cf=CFrame.new(7707.739,1164.108,983.711,-0.186,0.000,0.982,0.000,1.000,0.000,-0.982,0.000,-0.186),s="Running",v=Vector3.new(-57.720,0.010,6.834)},
        {t=0.590,cf=CFrame.new(7707.483,1164.108,983.742,-0.183,0.000,0.983,0.000,1.000,0.000,-0.983,0.000,-0.183),s="Running",v=Vector3.new(-57.720,0.010,6.834)},
        {t=0.594,cf=CFrame.new(7707.225,1164.108,983.774,-0.181,0.000,0.984,0.000,1.000,0.000,-0.984,0.000,-0.181),s="Running",v=Vector3.new(-57.720,0.010,6.834)},
        {t=0.598,cf=CFrame.new(7706.974,1164.108,983.805,-0.178,0.000,0.984,0.000,1.000,0.000,-0.984,0.000,-0.178),s="Running",v=Vector3.new(-57.720,0.010,6.834)},
        {t=0.602,cf=CFrame.new(7706.725,1164.108,983.835,-0.176,0.000,0.984,0.000,1.000,0.000,-0.984,0.000,-0.176),s="Running",v=Vector3.new(-57.720,0.010,6.834)},
        {t=0.607,cf=CFrame.new(7706.475,1164.108,983.865,-0.173,0.000,0.985,0.000,1.000,0.000,-0.985,0.000,-0.173),s="Running",v=Vector3.new(-57.720,0.010,6.834)},
        {t=0.611,cf=CFrame.new(7706.228,1164.108,983.896,-0.171,0.000,0.985,0.000,1.000,0.000,-0.985,0.000,-0.171),s="Running",v=Vector3.new(-57.720,0.010,6.834)},
        {t=0.616,cf=CFrame.new(7705.981,1164.108,983.926,-0.169,0.000,0.986,0.000,1.000,0.000,-0.986,0.000,-0.169),s="Running",v=Vector3.new(-57.720,0.010,6.834)},
        {t=0.620,cf=CFrame.new(7705.732,1164.108,983.956,-0.166,0.000,0.986,0.000,1.000,0.000,-0.986,0.000,-0.166),s="Running",v=Vector3.new(-57.720,0.010,6.834)},
        {t=0.625,cf=CFrame.new(7705.480,1164.108,983.987,-0.164,0.000,0.986,0.000,1.000,0.000,-0.986,0.000,-0.164),s="Running",v=Vector3.new(-57.724,0.010,6.798)},
        {t=0.629,cf=CFrame.new(7705.232,1164.108,984.016,-0.162,0.000,0.987,0.000,1.000,0.000,-0.987,0.000,-0.162),s="Running",v=Vector3.new(-57.728,0.010,6.765)},
        {t=0.633,cf=CFrame.new(7704.986,1164.108,984.046,-0.160,0.000,0.987,0.000,1.000,0.000,-0.987,0.000,-0.160),s="Running",v=Vector3.new(-57.738,0.010,6.686)},
        {t=0.637,cf=CFrame.new(7704.738,1164.108,984.075,-0.157,0.000,0.988,0.000,1.000,0.000,-0.988,0.000,-0.157),s="Running",v=Vector3.new(-57.765,0.010,6.443)},
        {t=0.641,cf=CFrame.new(7704.491,1164.108,984.104,-0.155,0.000,0.988,0.000,1.000,0.000,-0.988,0.000,-0.155),s="Running",v=Vector3.new(-57.788,0.010,6.230)},
        {t=0.646,cf=CFrame.new(7704.245,1164.108,984.131,-0.153,0.000,0.988,0.000,1.000,0.000,-0.988,0.000,-0.153),s="Running",v=Vector3.new(-57.813,0.010,5.995)},
        {t=0.650,cf=CFrame.new(7703.994,1164.108,984.157,-0.149,0.000,0.989,0.000,1.000,0.000,-0.989,0.000,-0.149),s="Running",v=Vector3.new(-57.861,0.010,5.484)},
        {t=0.656,cf=CFrame.new(7703.546,1164.108,984.201,-0.145,0.000,0.989,0.000,1.000,0.000,-0.989,0.000,-0.145),s="Running",v=Vector3.new(-56.506,0.011,4.844)},
        {t=0.660,cf=CFrame.new(7703.307,1164.108,984.222,-0.142,0.000,0.990,0.000,1.000,0.000,-0.990,0.000,-0.142),s="Running",v=Vector3.new(-57.590,0.010,4.556)},
        {t=0.664,cf=CFrame.new(7703.057,1164.108,984.243,-0.138,0.000,0.990,0.000,1.000,0.000,-0.990,0.000,-0.138),s="Running",v=Vector3.new(-57.891,0.010,4.056)},
        {t=0.669,cf=CFrame.new(7702.810,1164.108,984.261,-0.135,0.000,0.991,0.000,1.000,0.000,-0.991,0.000,-0.135),s="Running",v=Vector3.new(-57.983,0.010,3.680)},
        {t=0.674,cf=CFrame.new(7702.554,1164.108,984.279,-0.131,0.000,0.991,0.000,1.000,0.000,-0.991,0.000,-0.131),s="Running",v=Vector3.new(-58.018,0.010,3.383)},
        {t=0.679,cf=CFrame.new(7702.294,1164.108,984.296,-0.127,0.000,0.992,0.000,1.000,0.000,-0.992,0.000,-0.127),s="Running",v=Vector3.new(-58.036,0.010,3.142)},
        {t=0.684,cf=CFrame.new(7702.040,1164.108,984.311,-0.123,0.000,0.992,0.000,1.000,0.000,-0.992,0.000,-0.123),s="Running",v=Vector3.new(-58.046,0.010,2.994)},
        {t=0.689,cf=CFrame.new(7701.594,1164.108,984.335,-0.119,0.000,0.993,0.000,1.000,0.000,-0.993,0.000,-0.119),s="Running",v=Vector3.new(-56.644,0.011,2.854)},
        {t=0.693,cf=CFrame.new(7701.351,1164.108,984.349,-0.116,0.000,0.993,0.000,1.000,0.000,-0.993,0.000,-0.116),s="Running",v=Vector3.new(-57.702,0.010,2.834)},
        {t=0.698,cf=CFrame.new(7701.100,1164.108,984.362,-0.113,0.000,0.994,0.000,1.000,0.000,-0.994,0.000,-0.113),s="Running",v=Vector3.new(-57.967,0.010,2.810)},
        {t=0.703,cf=CFrame.new(7700.837,1164.108,984.376,-0.110,0.000,0.994,0.000,1.000,0.000,-0.994,0.000,-0.110),s="Running",v=Vector3.new(-58.034,0.010,2.794)},
        {t=0.707,cf=CFrame.new(7700.583,1164.108,984.389,-0.108,0.000,0.994,0.000,1.000,0.000,-0.994,0.000,-0.108),s="Running",v=Vector3.new(-58.051,0.010,2.790)},
        {t=0.711,cf=CFrame.new(7700.321,1164.108,984.403,-0.105,0.000,0.994,0.000,1.000,0.000,-0.994,0.000,-0.105),s="Running",v=Vector3.new(-58.055,0.010,2.789)},
        {t=0.716,cf=CFrame.new(7700.066,1164.108,984.416,-0.102,0.000,0.995,0.000,1.000,0.000,-0.995,0.000,-0.102),s="Running",v=Vector3.new(-58.056,0.010,2.788)},
        {t=0.721,cf=CFrame.new(7699.800,1164.108,984.430,-0.100,0.000,0.995,0.000,1.000,0.000,-0.995,0.000,-0.100),s="Running",v=Vector3.new(-58.057,0.010,2.788)},
        {t=0.725,cf=CFrame.new(7699.358,1164.108,984.452,-0.097,0.000,0.995,0.000,1.000,0.000,-0.995,0.000,-0.097),s="Running",v=Vector3.new(-56.651,0.011,2.720)},
        {t=0.730,cf=CFrame.new(7699.113,1164.108,984.465,-0.095,0.000,0.995,0.000,1.000,0.000,-0.995,0.000,-0.095),s="Running",v=Vector3.new(-57.705,0.010,2.771)},
        {t=0.734,cf=CFrame.new(7698.861,1164.108,984.478,-0.093,0.000,0.996,0.000,1.000,0.000,-0.996,0.000,-0.093),s="Running",v=Vector3.new(-57.969,0.010,2.784)},
        {t=0.738,cf=CFrame.new(7698.610,1164.108,984.491,-0.091,0.000,0.996,0.000,1.000,0.000,-0.996,0.000,-0.091),s="Running",v=Vector3.new(-58.035,0.010,2.787)},
        {t=0.742,cf=CFrame.new(7698.364,1164.108,984.503,-0.090,0.000,0.996,0.000,1.000,0.000,-0.996,0.000,-0.090),s="Running",v=Vector3.new(-58.051,0.010,2.788)},
        {t=0.747,cf=CFrame.new(7698.105,1164.108,984.516,-0.088,0.000,0.996,0.000,1.000,0.000,-0.996,0.000,-0.088),s="Running",v=Vector3.new(-58.055,0.010,2.788)},
        {t=0.753,cf=CFrame.new(7697.840,1164.108,984.530,-0.086,0.000,0.996,0.000,1.000,0.000,-0.996,0.000,-0.086),s="Running",v=Vector3.new(-58.056,0.010,2.788)},
        {t=0.757,cf=CFrame.new(7697.577,1164.108,984.543,-0.084,0.000,0.996,0.000,1.000,0.000,-0.996,0.000,-0.084),s="Running",v=Vector3.new(-58.057,0.010,2.788)},
        {t=0.763,cf=CFrame.new(7697.108,1164.108,984.567,-0.082,0.000,0.997,0.000,1.000,0.000,-0.997,0.000,-0.082),s="Running",v=Vector3.new(-56.651,0.011,2.720)},
        {t=0.768,cf=CFrame.new(7696.852,1164.108,984.580,-0.080,0.000,0.997,0.000,1.000,0.000,-0.997,0.000,-0.080),s="Running",v=Vector3.new(-57.705,0.010,2.771)},
        {t=0.773,cf=CFrame.new(7696.589,1164.108,984.593,-0.079,0.000,0.997,0.000,1.000,0.000,-0.997,0.000,-0.079),s="Running",v=Vector3.new(-57.969,0.010,2.784)},
        {t=0.778,cf=CFrame.new(7696.327,1164.108,984.606,-0.077,0.000,0.997,0.000,1.000,0.000,-0.997,0.000,-0.077),s="Running",v=Vector3.new(-58.035,0.010,2.787)},
        {t=0.783,cf=CFrame.new(7696.049,1164.108,984.620,-0.076,0.000,0.997,0.000,1.000,0.000,-0.997,0.000,-0.076),s="Running",v=Vector3.new(-58.051,0.010,2.788)},
        {t=0.789,cf=CFrame.new(7695.588,1164.108,984.643,-0.074,0.000,0.997,0.000,1.000,0.000,-0.997,0.000,-0.074),s="Running",v=Vector3.new(-56.649,0.011,2.720)},
        {t=0.794,cf=CFrame.new(7695.330,1164.108,984.656,-0.073,0.000,0.997,0.000,1.000,0.000,-0.997,0.000,-0.073),s="Running",v=Vector3.new(-57.705,0.010,2.771)},
        {t=0.799,cf=CFrame.new(7695.069,1164.108,984.669,-0.072,0.000,0.997,0.000,1.000,0.000,-0.997,0.000,-0.072),s="Running",v=Vector3.new(-57.969,0.010,2.784)},
        {t=0.803,cf=CFrame.new(7694.812,1164.108,984.681,-0.071,0.000,0.997,0.000,1.000,0.000,-0.997,0.000,-0.071),s="Running",v=Vector3.new(-58.035,0.010,2.787)},
        {t=0.808,cf=CFrame.new(7694.555,1164.108,984.694,-0.070,0.000,0.998,0.000,1.000,0.000,-0.998,0.000,-0.070),s="Running",v=Vector3.new(-58.051,0.010,2.788)},
        {t=0.813,cf=CFrame.new(7694.293,1164.108,984.707,-0.069,0.000,0.998,0.000,1.000,0.000,-0.998,0.000,-0.069),s="Running",v=Vector3.new(-58.055,0.010,2.788)},
        {t=0.817,cf=CFrame.new(7693.845,1164.108,984.729,-0.068,0.000,0.998,0.000,1.000,0.000,-0.998,0.000,-0.068),s="Running",v=Vector3.new(-56.650,0.011,2.720)},
        {t=0.823,cf=CFrame.new(7693.590,1164.108,984.742,-0.067,0.000,0.998,0.000,1.000,0.000,-0.998,0.000,-0.067),s="Running",v=Vector3.new(-57.705,0.010,2.771)},
        {t=0.828,cf=CFrame.new(7693.326,1164.108,984.755,-0.066,0.000,0.998,0.000,1.000,0.000,-0.998,0.000,-0.066),s="Running",v=Vector3.new(-57.969,0.010,2.784)},
        {t=0.833,cf=CFrame.new(7693.066,1164.108,984.767,-0.065,0.000,0.998,0.000,1.000,0.000,-0.998,0.000,-0.065),s="Running",v=Vector3.new(-58.035,0.010,2.787)},
        {t=0.837,cf=CFrame.new(7692.807,1164.108,984.780,-0.064,0.000,0.998,0.000,1.000,0.000,-0.998,0.000,-0.064),s="Running",v=Vector3.new(-58.051,0.010,2.788)},
        {t=0.842,cf=CFrame.new(7692.365,1164.108,984.802,-0.063,0.000,0.998,0.000,1.000,0.000,-0.998,0.000,-0.063),s="Running",v=Vector3.new(-56.649,0.011,2.720)},
        {t=0.847,cf=CFrame.new(7692.118,1164.108,984.814,-0.063,0.000,0.998,0.000,1.000,0.000,-0.998,0.000,-0.063),s="Running",v=Vector3.new(-57.705,0.010,2.771)},
        {t=0.852,cf=CFrame.new(7691.859,1164.108,984.827,-0.062,0.000,0.998,0.000,1.000,0.000,-0.998,0.000,-0.062),s="Running",v=Vector3.new(-57.969,0.010,2.784)},
        {t=0.858,cf=CFrame.new(7691.602,1164.108,984.839,-0.061,0.000,0.998,0.000,1.000,0.000,-0.998,0.000,-0.061),s="Running",v=Vector3.new(-58.035,0.010,2.787)},
        {t=0.863,cf=CFrame.new(7691.341,1164.108,984.852,-0.061,0.000,0.998,0.000,1.000,0.000,-0.998,0.000,-0.061),s="Running",v=Vector3.new(-58.051,0.010,2.788)},
        {t=0.867,cf=CFrame.new(7690.895,1164.108,984.874,-0.060,0.000,0.998,0.000,1.000,0.000,-0.998,0.000,-0.060),s="Running",v=Vector3.new(-56.649,0.011,2.720)},
        {t=0.872,cf=CFrame.new(7690.646,1164.108,984.886,-0.059,0.000,0.998,0.000,1.000,0.000,-0.998,0.000,-0.059),s="Running",v=Vector3.new(-57.705,0.010,2.771)},
        {t=0.877,cf=CFrame.new(7690.398,1164.108,984.898,-0.059,0.000,0.998,0.000,1.000,0.000,-0.998,0.000,-0.059),s="Running",v=Vector3.new(-57.969,0.010,2.784)},
        {t=0.882,cf=CFrame.new(7690.140,1164.108,984.910,-0.058,0.000,0.998,0.000,1.000,0.000,-0.998,0.000,-0.058),s="Running",v=Vector3.new(-58.035,0.010,2.787)},
        {t=0.887,cf=CFrame.new(7689.881,1164.108,984.923,-0.058,0.000,0.998,0.000,1.000,0.000,-0.998,0.000,-0.058),s="Running",v=Vector3.new(-58.051,0.010,2.788)},
        {t=0.891,cf=CFrame.new(7689.627,1164.108,984.935,-0.057,0.000,0.998,0.000,1.000,0.000,-0.998,0.000,-0.057),s="Running",v=Vector3.new(-58.055,0.010,2.788)},
        {t=0.896,cf=CFrame.new(7689.363,1164.108,984.948,-0.057,0.000,0.998,0.000,1.000,0.000,-0.998,0.000,-0.057),s="Running",v=Vector3.new(-58.056,0.010,2.788)},
        {t=0.903,cf=CFrame.new(7688.892,1164.108,984.971,-0.056,0.000,0.998,0.000,1.000,0.000,-0.998,0.000,-0.056),s="Running",v=Vector3.new(-56.651,0.011,2.720)},
        {t=0.907,cf=CFrame.new(7688.639,1164.108,984.983,-0.056,0.000,0.998,0.000,1.000,0.000,-0.998,0.000,-0.056),s="Running",v=Vector3.new(-57.705,0.010,2.771)},
        {t=0.913,cf=CFrame.new(7688.370,1164.108,984.996,-0.056,0.000,0.998,0.000,1.000,0.000,-0.998,0.000,-0.056),s="Running",v=Vector3.new(-57.969,0.010,2.784)},
        {t=0.917,cf=CFrame.new(7688.110,1164.108,985.009,-0.055,0.000,0.998,0.000,1.000,0.000,-0.998,0.000,-0.055),s="Running",v=Vector3.new(-58.035,0.010,2.787)},
        {t=0.922,cf=CFrame.new(7687.658,1164.108,985.031,-0.055,0.000,0.998,0.000,1.000,0.000,-0.998,0.000,-0.055),s="Running",v=Vector3.new(-56.645,0.011,2.720)},
        {t=0.928,cf=CFrame.new(7687.397,1164.108,985.043,-0.055,0.000,0.999,0.000,1.000,0.000,-0.999,0.000,-0.055),s="Running",v=Vector3.new(-57.704,0.010,2.771)},
        {t=0.934,cf=CFrame.new(7687.107,1164.108,985.058,-0.054,0.000,0.999,0.000,1.000,0.000,-0.999,0.000,-0.054),s="Running",v=Vector3.new(-57.968,0.010,2.784)},
        {t=0.939,cf=CFrame.new(7686.646,1164.108,985.080,-0.054,0.000,0.999,0.000,1.000,0.000,-0.999,0.000,-0.054),s="Running",v=Vector3.new(-56.629,0.011,2.719)},
        {t=0.944,cf=CFrame.new(7686.385,1164.108,985.092,-0.054,0.000,0.999,0.000,1.000,0.000,-0.999,0.000,-0.054),s="Running",v=Vector3.new(-57.700,0.010,2.771)},
        {t=0.949,cf=CFrame.new(7686.125,1164.108,985.105,-0.053,0.000,0.999,0.000,1.000,0.000,-0.999,0.000,-0.053),s="Running",v=Vector3.new(-57.967,0.010,2.784)},
        {t=0.954,cf=CFrame.new(7685.679,1164.108,985.127,-0.053,0.000,0.999,0.000,1.000,0.000,-0.999,0.000,-0.053),s="Running",v=Vector3.new(-56.629,0.011,2.719)},
        {t=0.959,cf=CFrame.new(7685.421,1164.108,985.139,-0.053,0.000,0.999,0.000,1.000,0.000,-0.999,0.000,-0.053),s="Running",v=Vector3.new(-57.700,0.010,2.771)},
        {t=0.964,cf=CFrame.new(7685.159,1164.108,985.152,-0.053,0.000,0.999,0.000,1.000,0.000,-0.999,0.000,-0.053),s="Running",v=Vector3.new(-57.967,0.010,2.784)},
        {t=0.969,cf=CFrame.new(7684.894,1164.108,985.164,-0.052,0.000,0.999,0.000,1.000,0.000,-0.999,0.000,-0.052),s="Running",v=Vector3.new(-58.034,0.010,2.787)},
        {t=0.974,cf=CFrame.new(7684.631,1164.108,985.177,-0.052,0.000,0.999,0.000,1.000,0.000,-0.999,0.000,-0.052),s="Running",v=Vector3.new(-58.051,0.010,2.788)},
        {t=0.979,cf=CFrame.new(7684.171,1164.108,985.199,-0.052,0.000,0.999,0.000,1.000,0.000,-0.999,0.000,-0.052),s="Running",v=Vector3.new(-56.649,0.011,2.720)},
        {t=0.984,cf=CFrame.new(7683.921,1164.108,985.211,-0.052,0.000,0.999,0.000,1.000,0.000,-0.999,0.000,-0.052),s="Running",v=Vector3.new(-57.705,0.010,2.771)},
        {t=0.989,cf=CFrame.new(7683.659,1164.108,985.224,-0.052,0.000,0.999,0.000,1.000,0.000,-0.999,0.000,-0.052),s="Running",v=Vector3.new(-57.969,0.010,2.784)},
        {t=0.994,cf=CFrame.new(7683.396,1164.108,985.237,-0.051,0.000,0.999,0.000,1.000,0.000,-0.999,0.000,-0.051),s="Running",v=Vector3.new(-58.035,0.010,2.787)},
        {t=0.998,cf=CFrame.new(7683.132,1164.108,985.249,-0.051,0.000,0.999,0.000,1.000,0.000,-0.999,0.000,-0.051),s="Running",v=Vector3.new(-58.051,0.010,2.788)},
        {t=1.003,cf=CFrame.new(7682.878,1164.108,985.262,-0.051,0.000,0.999,0.000,1.000,0.000,-0.999,0.000,-0.051),s="Running",v=Vector3.new(-58.055,0.010,2.788)},
        {t=1.007,cf=CFrame.new(7682.624,1164.108,985.274,-0.051,0.000,0.999,0.000,1.000,0.000,-0.999,0.000,-0.051),s="Running",v=Vector3.new(-58.056,0.010,2.788)},
        {t=1.012,cf=CFrame.new(7682.365,1164.108,985.286,-0.051,0.000,0.999,0.000,1.000,0.000,-0.999,0.000,-0.051),s="Running",v=Vector3.new(-58.057,0.010,2.788)},
        {t=1.017,cf=CFrame.new(7681.912,1164.108,985.308,-0.051,0.000,0.999,0.000,1.000,0.000,-0.999,0.000,-0.051),s="Running",v=Vector3.new(-56.651,0.011,2.720)},
        {t=1.022,cf=CFrame.new(7681.662,1164.108,985.320,-0.051,0.000,0.999,0.000,1.000,0.000,-0.999,0.000,-0.051),s="Running",v=Vector3.new(-57.705,0.010,2.771)},
        {t=1.027,cf=CFrame.new(7681.404,1164.108,985.333,-0.050,0.000,0.999,0.000,1.000,0.000,-0.999,0.000,-0.050),s="Running",v=Vector3.new(-57.969,0.010,2.784)},
        {t=1.032,cf=CFrame.new(7681.149,1164.108,985.345,-0.050,0.000,0.999,0.000,1.000,0.000,-0.999,0.000,-0.050),s="Running",v=Vector3.new(-58.035,0.010,2.787)},
        {t=1.037,cf=CFrame.new(7680.884,1164.108,985.358,-0.050,0.000,0.999,0.000,1.000,0.000,-0.999,0.000,-0.050),s="Running",v=Vector3.new(-58.051,0.010,2.788)},
        {t=1.042,cf=CFrame.new(7680.624,1164.108,985.370,-0.050,0.000,0.999,0.000,1.000,0.000,-0.999,0.000,-0.050),s="Running",v=Vector3.new(-58.055,0.010,2.788)},
        {t=1.046,cf=CFrame.new(7680.167,1164.108,985.392,-0.050,0.000,0.999,0.000,1.000,0.000,-0.999,0.000,-0.050),s="Running",v=Vector3.new(-56.650,0.011,2.720)},
        {t=1.051,cf=CFrame.new(7679.913,1164.108,985.404,-0.050,0.000,0.999,0.000,1.000,0.000,-0.999,0.000,-0.050),s="Running",v=Vector3.new(-57.705,0.010,2.771)},
        {t=1.056,cf=CFrame.new(7679.658,1164.108,985.416,-0.050,0.000,0.999,0.000,1.000,0.000,-0.999,0.000,-0.050),s="Running",v=Vector3.new(-57.969,0.010,2.784)},
        {t=1.061,cf=CFrame.new(7679.391,1164.108,985.429,-0.050,0.000,0.999,0.000,1.000,0.000,-0.999,0.000,-0.050),s="Running",v=Vector3.new(-58.035,0.010,2.787)},
        {t=1.066,cf=CFrame.new(7679.125,1164.108,985.442,-0.050,0.000,0.999,0.000,1.000,0.000,-0.999,0.000,-0.050),s="Running",v=Vector3.new(-58.051,0.010,2.788)},
        {t=1.071,cf=CFrame.new(7678.856,1164.108,985.455,-0.050,0.000,0.999,0.000,1.000,0.000,-0.999,0.000,-0.050),s="Running",v=Vector3.new(-58.055,0.010,2.788)},
        {t=1.076,cf=CFrame.new(7678.405,1164.108,985.477,-0.049,0.000,0.999,0.000,1.000,0.000,-0.999,0.000,-0.049),s="Running",v=Vector3.new(-56.650,0.011,2.720)},
        {t=1.079,cf=CFrame.new(7678.369,1164.108,985.478,-0.049,0.000,0.999,0.000,1.000,0.000,-0.999,0.000,-0.049),s="Running",v=Vector3.new(-59.111,0.010,2.838)},
        {t=1.090,cf=CFrame.new(7677.661,1164.108,985.512,-0.049,0.000,0.999,0.000,1.000,0.000,-0.999,0.000,-0.049),s="Running",v=Vector3.new(-55.509,0.011,2.665)},
        {t=1.096,cf=CFrame.new(7677.404,1164.108,985.525,-0.049,0.000,0.999,0.000,1.000,0.000,-0.999,0.000,-0.049),s="Running",v=Vector3.new(-57.420,0.010,2.757)},
        {t=1.101,cf=CFrame.new(7676.946,1164.108,985.547,-0.049,0.000,0.999,0.000,1.000,0.000,-0.999,0.000,-0.049),s="Running",v=Vector3.new(-56.492,0.011,2.713)},
        {t=1.106,cf=CFrame.new(7676.692,1164.108,985.559,-0.049,0.000,0.999,0.000,1.000,0.000,-0.999,0.000,-0.049),s="Running",v=Vector3.new(-57.665,0.010,2.769)},
        {t=1.111,cf=CFrame.new(7676.433,1164.108,985.571,-0.049,0.000,0.999,0.000,1.000,0.000,-0.999,0.000,-0.049),s="Running",v=Vector3.new(-57.959,0.010,2.783)},
        {t=1.116,cf=CFrame.new(7676.170,1164.108,985.584,-0.049,0.000,0.999,0.000,1.000,0.000,-0.999,0.000,-0.049),s="Running",v=Vector3.new(-58.032,0.010,2.787)},
        {t=1.120,cf=CFrame.new(7675.912,1164.108,985.596,-0.049,0.000,0.999,0.000,1.000,0.000,-0.999,0.000,-0.049),s="Running",v=Vector3.new(-58.050,0.010,2.788)},
        {t=1.125,cf=CFrame.new(7675.646,1164.108,985.609,-0.049,0.000,0.999,0.000,1.000,0.000,-0.999,0.000,-0.049),s="Running",v=Vector3.new(-58.055,0.010,2.788)},
        {t=1.129,cf=CFrame.new(7675.194,1164.108,985.631,-0.049,0.000,0.999,0.000,1.000,0.000,-0.999,0.000,-0.049),s="Running",v=Vector3.new(-56.650,0.011,2.720)},
        {t=1.134,cf=CFrame.new(7674.948,1164.108,985.643,-0.049,0.000,0.999,0.000,1.000,0.000,-0.999,0.000,-0.049),s="Running",v=Vector3.new(-57.705,0.010,2.766)},
        {t=1.139,cf=CFrame.new(7674.699,1164.108,985.655,-0.048,0.000,0.999,0.000,1.000,0.000,-0.999,0.000,-0.048),s="Running",v=Vector3.new(-57.973,0.010,2.685)},
        {t=1.143,cf=CFrame.new(7674.451,1164.108,985.666,-0.048,0.000,0.999,0.000,1.000,0.000,-0.999,0.000,-0.048),s="Running",v=Vector3.new(-58.045,0.010,2.551)},
        {t=1.147,cf=CFrame.new(7674.201,1164.108,985.677,-0.047,0.000,0.999,0.000,1.000,0.000,-0.999,0.000,-0.047),s="Running",v=Vector3.new(-58.070,0.010,2.346)},
