-- CFrame Auto Walk Recording
-- Total Frames: 7395
-- Recorded HipHeight: 5.058475494384766

return {
    hipHeight = 5.058475494384766,
    frames = {
        {t=0.004,cf=CFrame.new(5046.391,980.912,34.205,0.979,0.000,0.204,0.000,1.000,0.000,-0.204,0.000,0.979),s="Running",v=Vector3.new(0.000,0.005,0.000)},
        {t=0.009,cf=CFrame.new(5046.391,980.912,34.205,0.979,0.000,0.204,0.000,1.000,0.000,-0.204,0.000,0.979),s="Running",v=Vector3.new(0.000,0.005,0.000)},
        {t=0.011,cf=CFrame.new(5046.391,980.912,34.205,0.979,0.000,0.204,0.000,1.000,0.000,-0.204,0.000,0.979),s="Running",v=Vector3.new(0.000,0.005,0.000)},
        {t=0.016,cf=CFrame.new(5046.391,980.912,34.205,0.979,0.000,0.204,0.000,1.000,0.000,-0.204,0.000,0.979),s="Running",v=Vector3.new(0.000,0.005,0.000)},
        {t=0.021,cf=CFrame.new(5046.391,980.912,34.205,0.979,0.000,0.204,0.000,1.000,0.000,-0.204,0.000,0.979),s="Running",v=Vector3.new(0.000,0.005,0.000)},
        {t=0.025,cf=CFrame.new(5046.391,980.912,34.205,0.979,0.000,0.204,0.000,1.000,0.000,-0.204,0.000,0.979),s="Running",v=Vector3.new(0.000,0.005,0.000)},
        {t=0.029,cf=CFrame.new(5046.391,980.912,34.205,0.979,0.000,0.204,0.000,1.000,0.000,-0.204,0.000,0.979),s="Running",v=Vector3.new(0.000,0.005,0.000)},
        {t=0.032,cf=CFrame.new(5046.391,980.912,34.205,0.979,0.000,0.204,0.000,1.000,0.000,-0.204,0.000,0.979),s="Running",v=Vector3.new(0.000,0.005,0.000)},
        {t=0.037,cf=CFrame.new(5046.391,980.912,34.205,0.979,0.000,0.204,0.000,1.000,0.000,-0.204,0.000,0.979),s="Running",v=Vector3.new(0.000,0.005,0.000)},
        {t=0.041,cf=CFrame.new(5046.391,980.912,34.205,0.979,0.000,0.204,0.000,1.000,0.000,-0.204,0.000,0.979),s="Running",v=Vector3.new(0.000,0.005,0.000)},
        {t=0.045,cf=CFrame.new(5046.391,980.912,34.205,0.979,0.000,0.204,0.000,1.000,0.000,-0.204,0.000,0.979),s="Running",v=Vector3.new(0.000,0.005,0.000)},
        {t=0.049,cf=CFrame.new(5046.391,980.912,34.205,0.979,0.000,0.204,0.000,1.000,0.000,-0.204,0.000,0.979),s="Running",v=Vector3.new(0.000,0.005,0.000)},
        {t=0.053,cf=CFrame.new(5046.391,980.912,34.205,0.979,0.000,0.204,0.000,1.000,0.000,-0.204,0.000,0.979),s="Running",v=Vector3.new(0.000,0.005,0.000)},
        {t=0.058,cf=CFrame.new(5046.391,980.912,34.205,0.979,0.000,0.204,0.000,1.000,0.000,-0.204,0.000,0.979),s="Running",v=Vector3.new(0.000,0.005,0.000)},
        {t=0.062,cf=CFrame.new(5046.391,980.912,34.205,0.979,0.000,0.204,0.000,1.000,0.000,-0.204,0.000,0.979),s="Running",v=Vector3.new(0.000,0.005,0.000)},
        {t=0.067,cf=CFrame.new(5046.391,980.912,34.205,0.979,0.000,0.204,0.000,1.000,0.000,-0.204,0.000,0.979),s="Running",v=Vector3.new(0.000,0.005,0.000)},
        {t=0.070,cf=CFrame.new(5046.391,980.912,34.205,0.979,0.000,0.204,0.000,1.000,0.000,-0.204,0.000,0.979),s="Running",v=Vector3.new(0.000,0.005,0.000)},
        {t=0.076,cf=CFrame.new(5046.391,980.912,34.205,0.979,0.000,0.204,0.000,1.000,0.000,-0.204,0.000,0.979),s="Running",v=Vector3.new(0.000,0.005,0.000)},
        {t=0.078,cf=CFrame.new(5046.391,980.912,34.205,0.979,0.000,0.204,0.000,1.000,0.000,-0.204,0.000,0.979),s="Running",v=Vector3.new(0.000,0.005,0.000)},
        {t=0.082,cf=CFrame.new(5046.391,980.912,34.205,0.979,0.000,0.204,0.000,1.000,0.000,-0.204,0.000,0.979),s="Running",v=Vector3.new(0.000,0.005,0.000)},
        {t=0.088,cf=CFrame.new(5046.391,980.912,34.205,0.979,0.000,0.204,0.000,1.000,0.000,-0.204,0.000,0.979),s="Running",v=Vector3.new(0.000,0.005,0.000)},
        {t=0.092,cf=CFrame.new(5046.391,980.912,34.205,0.979,0.000,0.204,0.000,1.000,0.000,-0.204,0.000,0.979),s="Running",v=Vector3.new(0.000,0.005,0.000)},
        {t=0.097,cf=CFrame.new(5046.391,980.912,34.205,0.979,0.000,0.204,0.000,1.000,0.000,-0.204,0.000,0.979),s="Running",v=Vector3.new(0.000,0.005,0.000)},
        {t=0.101,cf=CFrame.new(5046.391,980.912,34.205,0.979,0.000,0.204,0.000,1.000,0.000,-0.204,0.000,0.979),s="Running",v=Vector3.new(0.000,0.005,0.000)},
        {t=0.103,cf=CFrame.new(5046.391,980.912,34.205,0.979,0.000,0.204,0.000,1.000,0.000,-0.204,0.000,0.979),s="Running",v=Vector3.new(0.000,0.005,0.000)},
        {t=0.108,cf=CFrame.new(5046.391,980.912,34.205,0.979,0.000,0.204,0.000,1.000,0.000,-0.204,0.000,0.979),s="Running",v=Vector3.new(0.000,0.005,0.000)},
        {t=0.112,cf=CFrame.new(5046.391,980.912,34.205,0.979,0.000,0.204,0.000,1.000,0.000,-0.204,0.000,0.979),s="Running",v=Vector3.new(0.000,0.005,0.000)},
        {t=0.116,cf=CFrame.new(5046.391,980.912,34.205,0.979,0.000,0.204,0.000,1.000,0.000,-0.204,0.000,0.979),s="Running",v=Vector3.new(0.000,0.005,0.000)},
        {t=0.121,cf=CFrame.new(5046.391,980.912,34.205,0.979,0.000,0.204,0.000,1.000,0.000,-0.204,0.000,0.979),s="Running",v=Vector3.new(0.000,0.005,0.000)},
        {t=0.125,cf=CFrame.new(5046.391,980.912,34.205,0.979,0.000,0.204,0.000,1.000,0.000,-0.204,0.000,0.979),s="Running",v=Vector3.new(0.000,0.005,0.000)},
        {t=0.128,cf=CFrame.new(5046.391,980.912,34.205,0.979,0.000,0.204,0.000,1.000,0.000,-0.204,0.000,0.979),s="Running",v=Vector3.new(0.000,0.005,0.000)},
        {t=0.134,cf=CFrame.new(5046.391,980.912,34.205,0.979,0.000,0.204,0.000,1.000,0.000,-0.204,0.000,0.979),s="Running",v=Vector3.new(0.000,0.005,0.000)},
        {t=0.138,cf=CFrame.new(5046.391,980.912,34.205,0.979,0.000,0.204,0.000,1.000,0.000,-0.204,0.000,0.979),s="Running",v=Vector3.new(0.000,0.005,0.000)},
        {t=0.141,cf=CFrame.new(5046.391,980.912,34.205,0.979,0.000,0.204,0.000,1.000,0.000,-0.204,0.000,0.979),s="Running",v=Vector3.new(0.000,0.005,0.000)},
        {t=0.145,cf=CFrame.new(5046.391,980.912,34.205,0.979,0.000,0.204,0.000,1.000,0.000,-0.204,0.000,0.979),s="Running",v=Vector3.new(0.000,0.005,0.000)},
        {t=0.149,cf=CFrame.new(5046.391,980.912,34.205,0.979,0.000,0.204,0.000,1.000,0.000,-0.204,0.000,0.979),s="Running",v=Vector3.new(0.000,0.005,0.000)},
        {t=0.154,cf=CFrame.new(5046.391,980.912,34.205,0.979,0.000,0.204,0.000,1.000,0.000,-0.204,0.000,0.979),s="Running",v=Vector3.new(0.000,0.005,0.000)},
        {t=0.158,cf=CFrame.new(5046.391,980.912,34.205,0.979,0.000,0.204,0.000,1.000,0.000,-0.204,0.000,0.979),s="Running",v=Vector3.new(0.000,0.005,0.000)},
        {t=0.162,cf=CFrame.new(5046.391,980.912,34.205,0.979,0.000,0.204,0.000,1.000,0.000,-0.204,0.000,0.979),s="Running",v=Vector3.new(0.000,0.005,0.000)},
        {t=0.166,cf=CFrame.new(5046.391,980.912,34.205,0.979,0.000,0.204,0.000,1.000,0.000,-0.204,0.000,0.979),s="Running",v=Vector3.new(0.000,0.005,0.000)},
        {t=0.170,cf=CFrame.new(5046.391,980.912,34.205,0.979,0.000,0.204,0.000,1.000,0.000,-0.204,0.000,0.979),s="Running",v=Vector3.new(0.000,0.005,0.000)},
        {t=0.175,cf=CFrame.new(5046.391,980.912,34.205,0.979,0.000,0.204,0.000,1.000,0.000,-0.204,0.000,0.979),s="Running",v=Vector3.new(0.000,0.005,0.000)},
        {t=0.180,cf=CFrame.new(5046.391,980.912,34.205,0.979,0.000,0.204,0.000,1.000,0.000,-0.204,0.000,0.979),s="Running",v=Vector3.new(0.000,0.005,0.000)},
        {t=0.183,cf=CFrame.new(5046.391,980.912,34.205,0.979,0.000,0.204,0.000,1.000,0.000,-0.204,0.000,0.979),s="Running",v=Vector3.new(-0.000,0.005,-0.000)},
        {t=0.187,cf=CFrame.new(5046.391,980.912,34.205,0.979,0.000,0.204,0.000,1.000,0.000,-0.204,0.000,0.979),s="Running",v=Vector3.new(-0.000,0.005,-0.000)},
        {t=0.192,cf=CFrame.new(5046.391,980.912,34.205,0.979,0.000,0.204,0.000,1.000,0.000,-0.204,0.000,0.979),s="Running",v=Vector3.new(-0.000,0.005,-0.000)},
        {t=0.195,cf=CFrame.new(5046.391,980.912,34.205,0.979,0.000,0.204,0.000,1.000,0.000,-0.204,0.000,0.979),s="Running",v=Vector3.new(-0.000,0.005,-0.000)},
        {t=0.200,cf=CFrame.new(5046.391,980.912,34.205,0.979,0.000,0.204,0.000,1.000,0.000,-0.204,0.000,0.979),s="Running",v=Vector3.new(-0.000,0.005,-0.000)},
        {t=0.206,cf=CFrame.new(5046.391,980.912,34.205,0.979,0.000,0.204,0.000,1.000,0.000,-0.204,0.000,0.979),s="Running",v=Vector3.new(-0.000,0.005,-0.000)},
        {t=0.210,cf=CFrame.new(5046.391,980.912,34.205,0.979,0.000,0.204,0.000,1.000,0.000,-0.204,0.000,0.979),s="Running",v=Vector3.new(-0.000,0.005,-0.000)},
        {t=0.214,cf=CFrame.new(5046.391,980.912,34.205,0.979,0.000,0.205,0.000,1.000,0.000,-0.205,0.000,0.979),s="Running",v=Vector3.new(-0.000,0.005,-0.000)},
        {t=0.227,cf=CFrame.new(5046.391,980.912,34.205,0.978,0.000,0.207,0.000,1.000,0.000,-0.207,0.000,0.978),s="Running",v=Vector3.new(-0.000,0.005,-0.000)},
        {t=0.231,cf=CFrame.new(5046.391,980.912,34.205,0.978,0.000,0.207,0.000,1.000,0.000,-0.207,0.000,0.978),s="Running",v=Vector3.new(-0.000,0.005,-0.000)},
        {t=0.235,cf=CFrame.new(5046.391,980.912,34.205,0.978,0.000,0.208,0.000,1.000,0.000,-0.208,0.000,0.978),s="Running",v=Vector3.new(-0.000,0.005,-0.000)},
        {t=0.239,cf=CFrame.new(5046.391,980.912,34.205,0.978,0.000,0.210,0.000,1.000,0.000,-0.210,0.000,0.978),s="Running",v=Vector3.new(-0.000,0.005,-0.000)},
        {t=0.244,cf=CFrame.new(5046.391,980.912,34.205,0.977,0.000,0.213,0.000,1.000,0.000,-0.213,0.000,0.977),s="Running",v=Vector3.new(-0.000,0.005,-0.000)},
        {t=0.248,cf=CFrame.new(5046.391,980.912,34.205,0.977,0.000,0.215,0.000,1.000,0.000,-0.215,0.000,0.977),s="Running",v=Vector3.new(-0.000,0.005,-0.000)},
        {t=0.252,cf=CFrame.new(5046.391,980.912,34.205,0.976,0.000,0.217,0.000,1.000,0.000,-0.217,0.000,0.976),s="Running",v=Vector3.new(-0.000,0.005,-0.000)},
        {t=0.257,cf=CFrame.new(5046.391,980.912,34.205,0.975,0.000,0.222,0.000,1.000,0.000,-0.222,0.000,0.975),s="Running",v=Vector3.new(-0.000,0.005,-0.000)},
        {t=0.262,cf=CFrame.new(5046.391,980.912,34.205,0.973,0.000,0.229,0.000,1.000,0.000,-0.229,0.000,0.973),s="Running",v=Vector3.new(-0.335,0.005,-0.947)},
        {t=0.267,cf=CFrame.new(5046.390,980.912,34.201,0.972,0.000,0.237,0.000,1.000,0.000,-0.237,0.000,0.972),s="Running",v=Vector3.new(-1.765,0.005,-4.870)},
        {t=0.273,cf=CFrame.new(5046.384,980.912,34.186,0.969,0.000,0.247,0.000,1.000,0.000,-0.247,0.000,0.969),s="Running",v=Vector3.new(-3.729,0.005,-9.631)},
        {t=0.278,cf=CFrame.new(5046.371,980.912,34.152,0.966,0.000,0.258,0.000,1.000,0.000,-0.258,0.000,0.966),s="Running",v=Vector3.new(-6.971,0.005,-16.522)},
        {t=0.286,cf=CFrame.new(5046.326,980.912,34.048,0.960,0.000,0.280,0.000,1.000,0.000,-0.280,0.000,0.960),s="Running",v=Vector3.new(-9.576,0.005,-21.075)},
        {t=0.291,cf=CFrame.new(5046.288,980.912,33.964,0.955,0.000,0.296,0.000,1.000,0.000,-0.296,0.000,0.955),s="Running",v=Vector3.new(-12.650,0.005,-25.699)},
        {t=0.296,cf=CFrame.new(5046.234,980.912,33.856,0.950,0.000,0.313,0.000,1.000,0.000,-0.313,0.000,0.950),s="Running",v=Vector3.new(-17.247,0.005,-30.340)},
        {t=0.300,cf=CFrame.new(5046.162,980.912,33.728,0.944,0.000,0.329,0.000,1.000,0.000,-0.329,0.000,0.944),s="Running",v=Vector3.new(-21.923,0.005,-34.129)},
        {t=0.304,cf=CFrame.new(5046.072,980.912,33.585,0.938,0.000,0.347,0.000,1.000,0.000,-0.347,0.000,0.938),s="Running",v=Vector3.new(-24.606,0.005,-35.558)},
        {t=0.310,cf=CFrame.new(5045.889,980.912,33.318,0.928,0.000,0.372,0.000,1.000,0.000,-0.372,0.000,0.928),s="Running",v=Vector3.new(-28.614,0.005,-36.045)},
        {t=0.315,cf=CFrame.new(5045.769,980.912,33.166,0.919,0.000,0.395,0.000,1.000,0.000,-0.395,0.000,0.919),s="Running",v=Vector3.new(-34.216,0.005,-37.435)},
        {t=0.319,cf=CFrame.new(5045.620,980.912,33.002,0.909,0.000,0.418,0.000,1.000,0.000,-0.418,0.000,0.909),s="Running",v=Vector3.new(-41.027,0.005,-36.641)},
        {t=0.326,cf=CFrame.new(5045.434,980.912,32.833,0.893,0.000,0.451,0.000,1.000,0.000,-0.451,0.000,0.893),s="Running",v=Vector3.new(-45.264,0.005,-34.930)},
        {t=0.332,cf=CFrame.new(5045.079,980.912,32.555,0.874,0.000,0.486,0.000,1.000,0.000,-0.486,0.000,0.874),s="Running",v=Vector3.new(-47.357,0.005,-31.158)},
        {t=0.336,cf=CFrame.new(5044.882,980.912,32.421,0.860,0.000,0.511,0.000,1.000,0.000,-0.511,0.000,0.860),s="Running",v=Vector3.new(-50.349,0.005,-28.401)},
        {t=0.341,cf=CFrame.new(5044.667,980.912,32.296,0.841,0.000,0.542,0.000,1.000,0.000,-0.542,0.000,0.841),s="Running",v=Vector3.new(-52.584,0.005,-24.828)},
        {t=0.356,cf=CFrame.new(5044.014,980.909,31.990,0.774,0.000,0.633,0.000,1.000,0.000,-0.633,0.000,0.774),s="Running",v=Vector3.new(-53.630,-1.932,-15.954)},
        {t=0.368,cf=CFrame.new(5043.372,980.893,31.800,0.716,0.000,0.699,0.000,1.000,0.000,-0.699,0.000,0.716),s="Running",v=Vector3.new(-54.816,-7.272,-8.160)},
        {t=0.380,cf=CFrame.new(5042.703,980.767,31.698,0.644,0.000,0.765,0.000,1.000,0.000,-0.765,0.000,0.644),s="Running",v=Vector3.new(-55.323,-13.106,-2.247)},
        {t=0.384,cf=CFrame.new(5042.460,980.704,31.685,0.620,0.000,0.785,0.000,1.000,0.000,-0.785,0.000,0.620),s="Running",v=Vector3.new(-57.658,-14.746,0.409)},
        {t=0.389,cf=CFrame.new(5042.007,980.568,31.683,0.588,0.000,0.809,0.000,1.000,0.000,-0.809,0.000,0.588),s="Running",v=Vector3.new(-57.028,-16.121,3.070)},
        {t=0.394,cf=CFrame.new(5041.751,980.494,31.692,0.552,0.000,0.834,0.000,1.000,0.000,-0.834,0.000,0.552),s="Running",v=Vector3.new(-57.789,-4.235,5.903)},
        {t=0.398,cf=CFrame.new(5041.494,980.461,31.712,0.518,0.000,0.856,0.000,1.000,0.000,-0.856,0.000,0.518),s="Running",v=Vector3.new(-57.853,-1.632,7.725)},
        {t=0.403,cf=CFrame.new(5041.237,980.432,31.740,0.484,0.000,0.875,0.000,1.000,0.000,-0.875,0.000,0.484),s="Running",v=Vector3.new(-57.694,-1.175,9.325)},
        {t=0.407,cf=CFrame.new(5040.981,980.403,31.775,0.451,0.000,0.892,0.000,1.000,0.000,-0.892,0.000,0.451),s="Running",v=Vector3.new(-57.430,-1.024,10.935)},
        {t=0.411,cf=CFrame.new(5040.731,980.375,31.817,0.423,0.000,0.906,0.000,1.000,0.000,-0.906,0.000,0.423),s="Running",v=Vector3.new(-57.162,-15.560,12.303)},
        {t=0.416,cf=CFrame.new(5040.479,980.295,31.866,0.392,0.000,0.920,0.000,1.000,0.000,-0.920,0.000,0.392),s="Running",v=Vector3.new(-56.857,-10.615,13.662)},
        {t=0.420,cf=CFrame.new(5040.233,980.239,31.920,0.367,0.000,0.930,0.000,1.000,0.000,-0.930,0.000,0.367),s="Running",v=Vector3.new(-56.573,-5.015,14.812)},
        {t=0.425,cf=CFrame.new(5039.984,980.207,31.979,0.340,0.000,0.940,0.000,1.000,0.000,-0.940,0.000,0.340),s="Running",v=Vector3.new(-56.303,-1.436,15.822)},
        {t=0.429,cf=CFrame.new(5039.739,980.192,32.043,0.315,0.000,0.949,0.000,1.000,0.000,-0.949,0.000,0.315),s="Running",v=Vector3.new(-56.075,0.514,16.625)},
        {t=0.434,cf=CFrame.new(5039.289,980.179,32.169,0.281,0.000,0.960,0.000,1.000,0.000,-0.960,0.000,0.281),s="Running",v=Vector3.new(-54.777,1.497,17.043)},
        {t=0.438,cf=CFrame.new(5039.059,980.178,32.235,0.259,0.000,0.966,0.000,1.000,0.000,-0.966,0.000,0.259),s="Running",v=Vector3.new(-55.437,1.987,17.760)},
        {t=0.441,cf=CFrame.new(5039.038,980.175,32.238,0.242,0.000,0.970,0.000,1.000,0.000,-0.970,0.000,0.242),s="Running",v=Vector3.new(-56.583,2.319,18.563)},
        {t=0.446,cf=CFrame.new(5038.783,980.176,32.315,0.215,0.000,0.977,0.000,1.000,0.000,-0.977,0.000,0.215),s="Running",v=Vector3.new(-55.692,2.082,18.739)},
        {t=0.450,cf=CFrame.new(5038.544,980.179,32.391,0.197,0.000,0.980,0.000,1.000,0.000,-0.980,0.000,0.197),s="Running",v=Vector3.new(-55.439,1.872,18.873)},
        {t=0.455,cf=CFrame.new(5038.094,980.180,32.538,0.168,0.000,0.986,0.000,1.000,0.000,-0.986,0.000,0.168),s="Running",v=Vector3.new(-54.289,1.315,18.605)},
        {t=0.459,cf=CFrame.new(5037.859,980.179,32.613,0.148,0.000,0.989,0.000,1.000,0.000,-0.989,0.000,0.148),s="Running",v=Vector3.new(-55.067,1.305,18.903)},
        {t=0.463,cf=CFrame.new(5037.838,980.177,32.617,0.134,0.000,0.991,0.000,1.000,0.000,-0.991,0.000,0.134),s="Running",v=Vector3.new(-56.326,1.434,19.344)},
        {t=0.467,cf=CFrame.new(5037.587,980.177,32.698,0.112,0.000,0.994,0.000,1.000,0.000,-0.994,0.000,0.112),s="Running",v=Vector3.new(-55.575,1.125,19.091)},
        {t=0.471,cf=CFrame.new(5037.348,980.177,32.776,0.096,0.000,0.995,0.000,1.000,0.000,-0.995,0.000,0.096),s="Running",v=Vector3.new(-55.387,0.919,19.029)},
        {t=0.475,cf=CFrame.new(5037.104,980.175,32.857,0.080,0.000,0.997,0.000,1.000,0.000,-0.997,0.000,0.080),s="Running",v=Vector3.new(-55.340,0.703,19.013)},
        {t=0.479,cf=CFrame.new(5036.866,980.173,32.934,0.065,0.000,0.998,0.000,1.000,0.000,-0.998,0.000,0.065),s="Running",v=Vector3.new(-55.333,0.619,18.995)},
        {t=0.483,cf=CFrame.new(5036.626,980.171,33.013,0.048,0.000,0.999,0.000,1.000,0.000,-0.999,0.000,0.048),s="Running",v=Vector3.new(-55.344,0.509,18.953)},
        {t=0.488,cf=CFrame.new(5036.379,980.168,33.093,0.030,0.000,1.000,0.000,1.000,0.000,-1.000,0.000,0.030),s="Running",v=Vector3.new(-55.352,0.395,18.929)},
        {t=0.493,cf=CFrame.new(5036.137,980.165,33.172,0.014,0.000,1.000,0.000,1.000,0.000,-1.000,0.000,0.014),s="Running",v=Vector3.new(-55.364,0.297,18.894)},
        {t=0.496,cf=CFrame.new(5035.901,980.162,33.250,0.002,0.000,1.000,0.000,1.000,0.000,-1.000,0.000,0.002),s="Running",v=Vector3.new(-55.377,0.222,18.855)},
        {t=0.500,cf=CFrame.new(5035.661,980.159,33.329,-0.011,0.000,1.000,0.000,1.000,0.000,-1.000,0.000,-0.011),s="Running",v=Vector3.new(-55.385,0.148,18.832)},
        {t=0.503,cf=CFrame.new(5035.421,980.156,33.407,-0.022,0.000,1.000,0.000,1.000,0.000,-1.000,0.000,-0.022),s="Running",v=Vector3.new(-55.389,0.071,18.821)},
        {t=0.509,cf=CFrame.new(5035.175,980.153,33.488,-0.037,0.000,0.999,0.000,1.000,0.000,-0.999,0.000,-0.037),s="Running",v=Vector3.new(-55.390,0.034,18.817)},
        {t=0.512,cf=CFrame.new(5034.943,980.153,33.564,-0.046,0.000,0.999,0.000,1.000,0.000,-0.999,0.000,-0.046),s="Running",v=Vector3.new(-55.390,0.212,18.816)},
        {t=0.517,cf=CFrame.new(5034.696,980.153,33.645,-0.061,0.000,0.998,0.000,1.000,0.000,-0.998,0.000,-0.061),s="Running",v=Vector3.new(-55.390,0.199,18.815)},
        {t=0.521,cf=CFrame.new(5034.458,980.154,33.723,-0.071,0.000,0.997,0.000,1.000,0.000,-0.997,0.000,-0.071),s="Running",v=Vector3.new(-55.390,0.175,18.815)},
        {t=0.525,cf=CFrame.new(5034.221,980.154,33.801,-0.080,0.000,0.997,0.000,1.000,0.000,-0.997,0.000,-0.080),s="Running",v=Vector3.new(-55.390,0.149,18.815)},
        {t=0.529,cf=CFrame.new(5033.980,980.154,33.881,-0.089,0.000,0.996,0.000,1.000,0.000,-0.996,0.000,-0.089),s="Running",v=Vector3.new(-55.390,0.120,18.815)},
        {t=0.534,cf=CFrame.new(5033.732,980.155,33.962,-0.102,0.000,0.995,0.000,1.000,0.000,-0.995,0.000,-0.102),s="Running",v=Vector3.new(-55.390,0.106,18.815)},
        {t=0.538,cf=CFrame.new(5033.495,980.155,34.041,-0.110,0.000,0.994,0.000,1.000,0.000,-0.994,0.000,-0.110),s="Running",v=Vector3.new(-55.390,0.092,18.815)},
        {t=0.542,cf=CFrame.new(5033.256,980.155,34.120,-0.119,0.000,0.993,0.000,1.000,0.000,-0.993,0.000,-0.119),s="Running",v=Vector3.new(-55.390,0.079,18.815)},
        {t=0.547,cf=CFrame.new(5033.014,980.155,34.200,-0.129,0.000,0.992,0.000,1.000,0.000,-0.992,0.000,-0.129),s="Running",v=Vector3.new(-55.390,0.068,18.815)},
        {t=0.551,cf=CFrame.new(5032.772,980.155,34.280,-0.137,0.000,0.991,0.000,1.000,0.000,-0.991,0.000,-0.137),s="Running",v=Vector3.new(-55.390,0.056,18.815)},
        {t=0.555,cf=CFrame.new(5032.532,980.155,34.360,-0.143,0.000,0.990,0.000,1.000,0.000,-0.990,0.000,-0.143),s="Running",v=Vector3.new(-55.390,0.047,18.815)},
        {t=0.558,cf=CFrame.new(5032.295,980.155,34.439,-0.150,0.000,0.989,0.000,1.000,0.000,-0.989,0.000,-0.150),s="Running",v=Vector3.new(-55.390,0.042,18.815)},
        {t=0.563,cf=CFrame.new(5032.058,980.155,34.518,-0.157,0.000,0.988,0.000,1.000,0.000,-0.988,0.000,-0.157),s="Running",v=Vector3.new(-55.390,0.036,18.815)},
        {t=0.567,cf=CFrame.new(5031.820,980.152,34.597,-0.164,0.000,0.986,0.000,1.000,0.000,-0.986,0.000,-0.164),s="Running",v=Vector3.new(-55.390,-0.169,18.815)},
        {t=0.570,cf=CFrame.new(5031.588,980.152,34.674,-0.169,0.000,0.986,0.000,1.000,0.000,-0.986,0.000,-0.169),s="Running",v=Vector3.new(-55.396,0.010,18.798)},
        {t=0.575,cf=CFrame.new(5031.345,980.152,34.755,-0.177,0.000,0.984,0.000,1.000,0.000,-0.984,0.000,-0.177),s="Running",v=Vector3.new(-55.437,0.030,18.678)},
        {t=0.579,cf=CFrame.new(5031.108,980.153,34.833,-0.182,0.000,0.983,0.000,1.000,0.000,-0.983,0.000,-0.182),s="Running",v=Vector3.new(-55.471,0.029,18.575)},
        {t=0.583,cf=CFrame.new(5030.875,980.153,34.910,-0.187,0.000,0.982,0.000,1.000,0.000,-0.982,0.000,-0.187),s="Running",v=Vector3.new(-55.505,0.026,18.472)},
        {t=0.587,cf=CFrame.new(5030.635,980.153,34.988,-0.192,0.000,0.981,0.000,1.000,0.000,-0.981,0.000,-0.192),s="Running",v=Vector3.new(-55.554,0.023,18.326)},
        {t=0.591,cf=CFrame.new(5030.400,980.153,35.065,-0.197,0.000,0.980,0.000,1.000,0.000,-0.980,0.000,-0.197),s="Running",v=Vector3.new(-55.618,0.020,18.130)},
        {t=0.597,cf=CFrame.new(5030.151,980.154,35.144,-0.202,0.000,0.979,0.000,1.000,0.000,-0.979,0.000,-0.202),s="Running",v=Vector3.new(-55.719,0.017,17.817)},
        {t=0.601,cf=CFrame.new(5029.907,980.154,35.221,-0.206,0.000,0.979,0.000,1.000,0.000,-0.979,0.000,-0.206),s="Running",v=Vector3.new(-55.806,0.014,17.542)},
        {t=0.604,cf=CFrame.new(5029.673,980.154,35.294,-0.208,0.000,0.978,0.000,1.000,0.000,-0.978,0.000,-0.208),s="Running",v=Vector3.new(-55.869,0.013,17.340)},
        {t=0.608,cf=CFrame.new(5029.430,980.154,35.369,-0.211,0.000,0.977,0.000,1.000,0.000,-0.977,0.000,-0.211),s="Running",v=Vector3.new(-55.939,0.011,17.114)},
        {t=0.612,cf=CFrame.new(5029.191,980.154,35.441,-0.213,0.000,0.977,0.000,1.000,0.000,-0.977,0.000,-0.213),s="Running",v=Vector3.new(-56.007,0.009,16.889)},
        {t=0.616,cf=CFrame.new(5028.941,980.154,35.515,-0.216,0.000,0.976,0.000,1.000,0.000,-0.976,0.000,-0.216),s="Running",v=Vector3.new(-56.142,0.009,16.431)},
        {t=0.621,cf=CFrame.new(5028.691,980.154,35.588,-0.218,0.000,0.976,0.000,1.000,0.000,-0.976,0.000,-0.218),s="Running",v=Vector3.new(-56.243,0.008,16.079)},
        {t=0.625,cf=CFrame.new(5028.452,980.155,35.656,-0.220,0.000,0.976,0.000,1.000,0.000,-0.976,0.000,-0.220),s="Running",v=Vector3.new(-56.329,0.008,15.781)},
        {t=0.629,cf=CFrame.new(5028.207,980.155,35.724,-0.221,0.000,0.975,0.000,1.000,0.000,-0.975,0.000,-0.221),s="Running",v=Vector3.new(-56.436,0.007,15.385)},
        {t=0.634,cf=CFrame.new(5027.771,980.155,35.843,-0.222,0.000,0.975,0.000,1.000,0.000,-0.975,0.000,-0.222),s="Running",v=Vector3.new(-55.487,0.008,14.576)},
        {t=0.637,cf=CFrame.new(5027.758,980.155,35.846,-0.222,0.000,0.975,0.000,1.000,0.000,-0.975,0.000,-0.222),s="Running",v=Vector3.new(-57.467,0.006,14.790)},
        {t=0.642,cf=CFrame.new(5027.511,980.155,35.910,-0.222,0.000,0.975,0.000,1.000,0.000,-0.975,0.000,-0.222),s="Running",v=Vector3.new(-56.990,0.006,14.087)},
        {t=0.646,cf=CFrame.new(5027.264,980.155,35.971,-0.221,0.000,0.975,0.000,1.000,0.000,-0.975,0.000,-0.221),s="Running",v=Vector3.new(-57.014,0.006,13.306)},
        {t=0.650,cf=CFrame.new(5027.025,980.155,36.026,-0.221,0.000,0.975,0.000,1.000,0.000,-0.975,0.000,-0.221),s="Running",v=Vector3.new(-57.092,0.006,12.791)},
        {t=0.654,cf=CFrame.new(5026.779,980.155,36.082,-0.219,0.000,0.976,0.000,1.000,0.000,-0.976,0.000,-0.219),s="Running",v=Vector3.new(-57.210,0.006,12.202)},
        {t=0.659,cf=CFrame.new(5026.530,980.155,36.135,-0.217,0.000,0.976,0.000,1.000,0.000,-0.976,0.000,-0.217),s="Running",v=Vector3.new(-57.347,0.006,11.528)},
        {t=0.662,cf=CFrame.new(5026.291,980.155,36.183,-0.215,0.000,0.977,0.000,1.000,0.000,-0.977,0.000,-0.215),s="Running",v=Vector3.new(-57.471,0.005,10.881)},
        {t=0.666,cf=CFrame.new(5026.047,980.155,36.230,-0.213,0.000,0.977,0.000,1.000,0.000,-0.977,0.000,-0.213),s="Running",v=Vector3.new(-57.607,0.005,10.131)},
        {t=0.670,cf=CFrame.new(5025.802,980.155,36.273,-0.210,0.000,0.978,0.000,1.000,0.000,-0.978,0.000,-0.210),s="Running",v=Vector3.new(-57.721,0.005,9.464)},
        {t=0.675,cf=CFrame.new(5025.557,980.155,36.314,-0.206,0.000,0.978,0.000,1.000,0.000,-0.978,0.000,-0.206),s="Running",v=Vector3.new(-57.835,0.005,8.736)},
        {t=0.680,cf=CFrame.new(5025.110,980.155,36.382,-0.202,0.000,0.979,0.000,1.000,0.000,-0.979,0.000,-0.202),s="Running",v=Vector3.new(-56.833,0.006,7.793)},
        {t=0.682,cf=CFrame.new(5025.098,980.155,36.385,-0.200,0.000,0.980,0.000,1.000,0.000,-0.980,0.000,-0.200),s="Running",v=Vector3.new(-58.855,0.005,7.531)},
        {t=0.688,cf=CFrame.new(5024.834,980.155,36.419,-0.194,0.000,0.981,0.000,1.000,0.000,-0.981,0.000,-0.194),s="Running",v=Vector3.new(-58.325,0.005,6.639)},
        {t=0.691,cf=CFrame.new(5024.589,980.155,36.448,-0.190,0.000,0.982,0.000,1.000,0.000,-0.982,0.000,-0.190),s="Running",v=Vector3.new(-58.234,0.005,6.033)},
        {t=0.696,cf=CFrame.new(5024.331,980.155,36.476,-0.185,0.000,0.983,0.000,1.000,0.000,-0.983,0.000,-0.185),s="Running",v=Vector3.new(-58.255,0.005,5.421)},
        {t=0.701,cf=CFrame.new(5023.873,980.155,36.520,-0.179,0.000,0.984,0.000,1.000,0.000,-0.984,0.000,-0.179),s="Running",v=Vector3.new(-57.176,0.005,4.750)},
        {t=0.704,cf=CFrame.new(5023.855,980.155,36.522,-0.175,0.000,0.984,0.000,1.000,0.000,-0.984,0.000,-0.175),s="Running",v=Vector3.new(-59.162,0.005,4.597)},
        {t=0.708,cf=CFrame.new(5023.606,980.155,36.542,-0.171,0.000,0.985,0.000,1.000,0.000,-0.985,0.000,-0.171),s="Running",v=Vector3.new(-58.560,0.005,4.143)},
        {t=0.712,cf=CFrame.new(5023.360,980.155,36.561,-0.167,0.000,0.986,0.000,1.000,0.000,-0.986,0.000,-0.167),s="Running",v=Vector3.new(-58.417,0.005,3.922)},
        {t=0.716,cf=CFrame.new(5023.113,980.155,36.579,-0.163,0.000,0.987,0.000,1.000,0.000,-0.987,0.000,-0.163),s="Running",v=Vector3.new(-58.390,0.005,3.747)},
        {t=0.721,cf=CFrame.new(5022.858,980.155,36.597,-0.158,0.000,0.988,0.000,1.000,0.000,-0.988,0.000,-0.158),s="Running",v=Vector3.new(-58.392,0.005,3.576)},
        {t=0.725,cf=CFrame.new(5022.607,980.155,36.613,-0.153,0.000,0.988,0.000,1.000,0.000,-0.988,0.000,-0.153),s="Running",v=Vector3.new(-58.396,0.005,3.472)},
        {t=0.730,cf=CFrame.new(5022.346,980.155,36.630,-0.148,0.000,0.989,0.000,1.000,0.000,-0.989,0.000,-0.148),s="Running",v=Vector3.new(-58.402,0.005,3.372)},
        {t=0.733,cf=CFrame.new(5022.100,980.155,36.645,-0.144,0.000,0.990,0.000,1.000,0.000,-0.990,0.000,-0.144),s="Running",v=Vector3.new(-58.413,0.005,3.141)},
        {t=0.738,cf=CFrame.new(5021.842,980.155,36.660,-0.139,0.000,0.990,0.000,1.000,0.000,-0.990,0.000,-0.139),s="Running",v=Vector3.new(-58.433,0.005,2.728)},
        {t=0.742,cf=CFrame.new(5021.585,980.155,36.673,-0.135,0.000,0.991,0.000,1.000,0.000,-0.991,0.000,-0.135),s="Running",v=Vector3.new(-58.452,0.005,2.300)},
        {t=0.745,cf=CFrame.new(5021.342,980.155,36.683,-0.132,0.000,0.991,0.000,1.000,0.000,-0.991,0.000,-0.132),s="Running",v=Vector3.new(-58.463,0.005,1.990)},
        {t=0.751,cf=CFrame.new(5021.072,980.155,36.694,-0.125,0.000,0.992,0.000,1.000,0.000,-0.992,0.000,-0.125),s="Running",v=Vector3.new(-58.474,0.005,1.660)},
        {t=0.754,cf=CFrame.new(5020.828,980.155,36.702,-0.122,0.000,0.992,0.000,1.000,0.000,-0.992,0.000,-0.122),s="Running",v=Vector3.new(-58.480,0.005,1.457)},
        {t=0.759,cf=CFrame.new(5020.562,980.155,36.710,-0.117,0.000,0.993,0.000,1.000,0.000,-0.993,0.000,-0.117),s="Running",v=Vector3.new(-58.486,0.005,1.165)},
        {t=0.763,cf=CFrame.new(5020.299,980.155,36.717,-0.111,0.000,0.994,0.000,1.000,0.000,-0.994,0.000,-0.111),s="Running",v=Vector3.new(-58.492,0.005,0.807)},
        {t=0.767,cf=CFrame.new(5020.044,980.155,36.722,-0.107,0.000,0.994,0.000,1.000,0.000,-0.994,0.000,-0.107),s="Running",v=Vector3.new(-58.495,0.005,0.460)},
        {t=0.771,cf=CFrame.new(5019.793,980.155,36.725,-0.103,0.000,0.995,0.000,1.000,0.000,-0.995,0.000,-0.103),s="Running",v=Vector3.new(-58.497,0.005,0.122)},
        {t=0.776,cf=CFrame.new(5019.528,980.155,36.727,-0.097,0.000,0.995,0.000,1.000,0.000,-0.995,0.000,-0.097),s="Running",v=Vector3.new(-58.496,0.005,-0.271)},
        {t=0.779,cf=CFrame.new(5019.278,980.155,36.727,-0.093,0.000,0.996,0.000,1.000,0.000,-0.996,0.000,-0.093),s="Running",v=Vector3.new(-58.495,0.005,-0.557)},
        {t=0.783,cf=CFrame.new(5019.030,980.155,36.726,-0.088,0.000,0.996,0.000,1.000,0.000,-0.996,0.000,-0.088),s="Running",v=Vector3.new(-58.488,0.005,-0.915)},
        {t=0.788,cf=CFrame.new(5018.580,980.155,36.721,-0.082,0.000,0.997,0.000,1.000,0.000,-0.997,0.000,-0.082),s="Running",v=Vector3.new(-57.348,0.005,-1.515)},
        {t=0.791,cf=CFrame.new(5018.567,980.155,36.722,-0.078,0.000,0.997,0.000,1.000,0.000,-0.997,0.000,-0.078),s="Running",v=Vector3.new(-59.309,0.005,-1.898)},
        {t=0.796,cf=CFrame.new(5018.312,980.155,36.715,-0.072,0.000,0.997,0.000,1.000,0.000,-0.997,0.000,-0.072),s="Running",v=Vector3.new(-58.658,0.005,-2.381)},
        {t=0.800,cf=CFrame.new(5017.862,980.155,36.698,-0.066,0.000,0.998,0.000,1.000,0.000,-0.998,0.000,-0.066),s="Running",v=Vector3.new(-57.351,0.005,-2.864)},
        {t=0.804,cf=CFrame.new(5017.841,980.155,36.699,-0.061,0.000,0.998,0.000,1.000,0.000,-0.998,0.000,-0.061),s="Running",v=Vector3.new(-59.259,0.005,-3.350)},
        {t=0.809,cf=CFrame.new(5017.583,980.155,36.686,-0.055,0.000,0.998,0.000,1.000,0.000,-0.998,0.000,-0.055),s="Running",v=Vector3.new(-58.600,0.005,-3.625)},
        {t=0.812,cf=CFrame.new(5017.330,980.155,36.671,-0.051,0.000,0.999,0.000,1.000,0.000,-0.999,0.000,-0.051),s="Running",v=Vector3.new(-58.425,0.005,-3.847)},
        {t=0.816,cf=CFrame.new(5017.077,980.155,36.656,-0.046,0.000,0.999,0.000,1.000,0.000,-0.999,0.000,-0.046),s="Running",v=Vector3.new(-58.372,0.005,-4.035)},
        {t=0.821,cf=CFrame.new(5016.624,980.155,36.626,-0.040,0.000,0.999,0.000,1.000,0.000,-0.999,0.000,-0.040),s="Running",v=Vector3.new(-57.226,0.005,-4.141)},
        {t=0.824,cf=CFrame.new(5016.607,980.155,36.626,-0.036,0.000,0.999,0.000,1.000,0.000,-0.999,0.000,-0.036),s="Running",v=Vector3.new(-59.179,0.005,-4.422)},
        {t=0.829,cf=CFrame.new(5016.149,980.155,36.594,-0.031,0.000,1.000,0.000,1.000,0.000,-1.000,0.000,-0.031),s="Running",v=Vector3.new(-57.416,0.005,-4.396)},
        {t=0.832,cf=CFrame.new(5016.135,980.155,36.593,-0.028,0.000,1.000,0.000,1.000,0.000,-1.000,0.000,-0.028),s="Running",v=Vector3.new(-59.219,0.005,-4.581)},
        {t=0.837,cf=CFrame.new(5015.874,980.155,36.575,-0.022,0.000,1.000,0.000,1.000,0.000,-1.000,0.000,-0.022),s="Running",v=Vector3.new(-58.542,0.005,-4.605)},
        {t=0.842,cf=CFrame.new(5015.417,980.155,36.541,-0.017,0.000,1.000,0.000,1.000,0.000,-1.000,0.000,-0.017),s="Running",v=Vector3.new(-57.249,0.005,-4.542)},
        {t=0.845,cf=CFrame.new(5015.400,980.155,36.540,-0.015,0.000,1.000,0.000,1.000,0.000,-1.000,0.000,-0.015),s="Running",v=Vector3.new(-59.170,0.005,-4.707)},
        {t=0.850,cf=CFrame.new(5014.936,980.155,36.505,-0.010,0.000,1.000,0.000,1.000,0.000,-1.000,0.000,-0.010),s="Running",v=Vector3.new(-57.406,0.005,-4.572)},
        {t=0.854,cf=CFrame.new(5014.691,980.155,36.486,-0.006,0.000,1.000,0.000,1.000,0.000,-1.000,0.000,-0.006),s="Running",v=Vector3.new(-58.087,0.005,-4.629)},
        {t=0.859,cf=CFrame.new(5014.445,980.155,36.468,-0.003,0.000,1.000,0.000,1.000,0.000,-1.000,0.000,-0.003),s="Running",v=Vector3.new(-58.257,0.005,-4.643)},
        {t=0.862,cf=CFrame.new(5014.424,980.155,36.467,-0.000,0.000,1.000,0.000,1.000,0.000,-1.000,0.000,-0.000),s="Running",v=Vector3.new(-59.422,0.005,-4.736)},
        {t=0.866,cf=CFrame.new(5014.155,980.155,36.447,0.004,0.000,1.000,0.000,1.000,0.000,-1.000,0.000,0.004),s="Running",v=Vector3.new(-58.591,0.005,-4.670)},
        {t=0.872,cf=CFrame.new(5013.694,980.155,36.411,0.008,0.000,1.000,0.000,1.000,0.000,-1.000,0.000,0.008),s="Running",v=Vector3.new(-57.261,0.005,-4.564)},
        {t=0.877,cf=CFrame.new(5013.449,980.155,36.393,0.011,0.000,1.000,0.000,1.000,0.000,-1.000,0.000,0.011),s="Running",v=Vector3.new(-58.047,0.005,-4.669)},
        {t=0.880,cf=CFrame.new(5013.204,980.155,36.374,0.013,0.000,1.000,0.000,1.000,0.000,-1.000,0.000,0.013),s="Running",v=Vector3.new(-58.242,0.005,-4.716)},
        {t=0.884,cf=CFrame.new(5012.957,980.155,36.354,0.016,0.000,1.000,0.000,1.000,0.000,-1.000,0.000,0.016),s="Running",v=Vector3.new(-58.290,0.005,-4.738)},
        {t=0.886,cf=CFrame.new(5012.939,980.155,36.353,0.018,0.000,1.000,0.000,1.000,0.000,-1.000,0.000,0.018),s="Running",v=Vector3.new(-59.424,0.005,-4.835)},
        {t=0.892,cf=CFrame.new(5012.675,980.155,36.333,0.021,0.000,1.000,0.000,1.000,0.000,-1.000,0.000,0.021),s="Running",v=Vector3.new(-58.585,0.005,-4.770)},
        {t=0.895,cf=CFrame.new(5012.426,980.155,36.313,0.023,0.000,1.000,0.000,1.000,0.000,-1.000,0.000,0.023),s="Running",v=Vector3.new(-58.374,0.005,-4.768)},
        {t=0.900,cf=CFrame.new(5012.171,980.155,36.293,0.026,0.000,1.000,0.000,1.000,0.000,-1.000,0.000,0.026),s="Running",v=Vector3.new(-58.318,0.005,-4.810)},
        {t=0.905,cf=CFrame.new(5011.911,980.155,36.273,0.029,0.000,1.000,0.000,1.000,0.000,-1.000,0.000,0.029),s="Running",v=Vector3.new(-58.303,0.005,-4.834)},
        {t=0.909,cf=CFrame.new(5011.658,980.155,36.252,0.031,0.000,1.000,0.000,1.000,0.000,-1.000,0.000,0.031),s="Running",v=Vector3.new(-58.299,0.005,-4.845)},
        {t=0.912,cf=CFrame.new(5011.412,980.155,36.233,0.032,0.000,0.999,0.000,1.000,0.000,-0.999,0.000,0.032),s="Running",v=Vector3.new(-58.298,0.005,-4.849)},
        {t=0.916,cf=CFrame.new(5011.167,980.155,36.213,0.034,0.000,0.999,0.000,1.000,0.000,-0.999,0.000,0.034),s="Running",v=Vector3.new(-58.297,0.005,-4.850)},
        {t=0.921,cf=CFrame.new(5010.913,980.155,36.192,0.036,0.000,0.999,0.000,1.000,0.000,-0.999,0.000,0.036),s="Running",v=Vector3.new(-58.297,0.005,-4.851)},
        {t=0.925,cf=CFrame.new(5010.655,980.155,36.171,0.039,0.000,0.999,0.000,1.000,0.000,-0.999,0.000,0.039),s="Running",v=Vector3.new(-58.297,0.005,-4.851)},
        {t=0.929,cf=CFrame.new(5010.409,980.155,36.151,0.040,0.000,0.999,0.000,1.000,0.000,-0.999,0.000,0.040),s="Running",v=Vector3.new(-58.297,0.005,-4.851)},
        {t=0.932,cf=CFrame.new(5010.166,980.155,36.132,0.042,0.000,0.999,0.000,1.000,0.000,-0.999,0.000,0.042),s="Running",v=Vector3.new(-58.297,0.005,-4.851)},
        {t=0.937,cf=CFrame.new(5009.910,980.155,36.111,0.044,0.000,0.999,0.000,1.000,0.000,-0.999,0.000,0.044),s="Running",v=Vector3.new(-58.299,0.005,-4.836)},
        {t=0.941,cf=CFrame.new(5009.667,980.155,36.091,0.045,0.000,0.999,0.000,1.000,0.000,-0.999,0.000,0.045),s="Running",v=Vector3.new(-58.301,0.005,-4.801)},
        {t=0.946,cf=CFrame.new(5009.410,980.155,36.071,0.047,0.000,0.999,0.000,1.000,0.000,-0.999,0.000,0.047),s="Running",v=Vector3.new(-58.304,0.005,-4.770)},
        {t=0.950,cf=CFrame.new(5009.162,980.155,36.051,0.048,0.000,0.999,0.000,1.000,0.000,-0.999,0.000,0.048),s="Running",v=Vector3.new(-58.305,0.005,-4.757)},
        {t=0.954,cf=CFrame.new(5008.907,980.155,36.030,0.049,0.000,0.999,0.000,1.000,0.000,-0.999,0.000,0.049),s="Running",v=Vector3.new(-58.305,0.005,-4.753)},
        {t=0.958,cf=CFrame.new(5008.651,980.155,36.010,0.051,0.000,0.999,0.000,1.000,0.000,-0.999,0.000,0.051),s="Running",v=Vector3.new(-58.306,0.005,-4.751)},
        {t=0.962,cf=CFrame.new(5008.405,980.155,35.990,0.052,0.000,0.999,0.000,1.000,0.000,-0.999,0.000,0.052),s="Running",v=Vector3.new(-58.306,0.005,-4.750)},
        {t=0.967,cf=CFrame.new(5008.146,980.155,35.970,0.053,0.000,0.999,0.000,1.000,0.000,-0.999,0.000,0.053),s="Running",v=Vector3.new(-58.306,0.005,-4.750)},
        {t=0.970,cf=CFrame.new(5007.903,980.155,35.950,0.054,0.000,0.999,0.000,1.000,0.000,-0.999,0.000,0.054),s="Running",v=Vector3.new(-58.305,0.005,-4.763)},
        {t=0.976,cf=CFrame.new(5007.643,980.155,35.929,0.056,0.000,0.998,0.000,1.000,0.000,-0.998,0.000,0.056),s="Running",v=Vector3.new(-58.300,0.005,-4.813)},
        {t=0.980,cf=CFrame.new(5007.390,980.155,35.909,0.057,0.000,0.998,0.000,1.000,0.000,-0.998,0.000,0.057),s="Running",v=Vector3.new(-58.299,0.005,-4.836)},
        {t=0.983,cf=CFrame.new(5007.147,980.155,35.889,0.058,0.000,0.998,0.000,1.000,0.000,-0.998,0.000,0.058),s="Running",v=Vector3.new(-58.297,0.005,-4.858)},
        {t=0.988,cf=CFrame.new(5006.895,980.155,35.868,0.059,0.000,0.998,0.000,1.000,0.000,-0.998,0.000,0.059),s="Running",v=Vector3.new(-58.293,0.005,-4.907)},
        {t=0.991,cf=CFrame.new(5006.646,980.155,35.847,0.060,0.000,0.998,0.000,1.000,0.000,-0.998,0.000,0.060),s="Running",v=Vector3.new(-58.290,0.005,-4.934)},
        {t=0.995,cf=CFrame.new(5006.401,980.155,35.827,0.061,0.000,0.998,0.000,1.000,0.000,-0.998,0.000,0.061),s="Running",v=Vector3.new(-58.289,0.005,-4.945)},
        {t=1.000,cf=CFrame.new(5005.947,980.155,35.789,0.062,0.000,0.998,0.000,1.000,0.000,-0.998,0.000,0.062),s="Running",v=Vector3.new(-57.167,0.005,-4.855)},
        {t=1.003,cf=CFrame.new(5005.931,980.155,35.788,0.063,0.000,0.998,0.000,1.000,0.000,-0.998,0.000,0.063),s="Running",v=Vector3.new(-59.130,0.005,-5.024)},
        {t=1.008,cf=CFrame.new(5005.675,980.155,35.766,0.064,0.000,0.998,0.000,1.000,0.000,-0.998,0.000,0.064),s="Running",v=Vector3.new(-58.499,0.005,-4.971)},
        {t=1.013,cf=CFrame.new(5005.419,980.155,35.745,0.065,0.000,0.998,0.000,1.000,0.000,-0.998,0.000,0.065),s="Running",v=Vector3.new(-58.343,0.005,-4.941)},
        {t=1.016,cf=CFrame.new(5005.170,980.155,35.724,0.065,0.000,0.998,0.000,1.000,0.000,-0.998,0.000,0.065),s="Running",v=Vector3.new(-58.307,0.005,-4.894)},
        {t=1.021,cf=CFrame.new(5004.920,980.155,35.703,0.066,0.000,0.998,0.000,1.000,0.000,-0.998,0.000,0.066),s="Running",v=Vector3.new(-58.301,0.005,-4.849)},
        {t=1.026,cf=CFrame.new(5004.467,980.155,35.666,0.066,0.000,0.998,0.000,1.000,0.000,-0.998,0.000,0.066),s="Running",v=Vector3.new(-57.191,0.005,-4.570)},
        {t=1.029,cf=CFrame.new(5004.451,980.155,35.665,0.066,0.000,0.998,0.000,1.000,0.000,-0.998,0.000,0.066),s="Running",v=Vector3.new(-59.164,0.005,-4.605)},
        {t=1.034,cf=CFrame.new(5004.198,980.155,35.645,0.067,0.000,0.998,0.000,1.000,0.000,-0.998,0.000,0.067),s="Running",v=Vector3.new(-58.536,0.005,-4.508)},
        {t=1.037,cf=CFrame.new(5003.960,980.155,35.627,0.067,0.000,0.998,0.000,1.000,0.000,-0.998,0.000,0.067),s="Running",v=Vector3.new(-58.382,0.005,-4.452)},
        {t=1.042,cf=CFrame.new(5003.714,980.155,35.608,0.067,0.000,0.998,0.000,1.000,0.000,-0.998,0.000,0.067),s="Running",v=Vector3.new(-58.353,0.005,-4.306)},
        {t=1.045,cf=CFrame.new(5003.476,980.155,35.591,0.067,0.000,0.998,0.000,1.000,0.000,-0.998,0.000,0.067),s="Running",v=Vector3.new(-58.352,0.005,-4.187)},
        {t=1.050,cf=CFrame.new(5003.026,980.155,35.559,0.067,0.000,0.998,0.000,1.000,0.000,-0.998,0.000,0.067),s="Running",v=Vector3.new(-57.234,0.005,-4.002)},
        {t=1.053,cf=CFrame.new(5003.013,980.155,35.558,0.067,0.000,0.998,0.000,1.000,0.000,-0.998,0.000,0.067),s="Running",v=Vector3.new(-59.201,0.005,-4.112)},
        {t=1.059,cf=CFrame.new(5002.748,980.155,35.540,0.067,0.000,0.998,0.000,1.000,0.000,-0.998,0.000,0.067),s="Running",v=Vector3.new(-58.570,0.005,-4.056)},
        {t=1.063,cf=CFrame.new(5002.492,980.155,35.522,0.067,0.000,0.998,0.000,1.000,0.000,-0.998,0.000,0.067),s="Running",v=Vector3.new(-58.412,0.005,-4.041)},
        {t=1.066,cf=CFrame.new(5002.239,980.155,35.505,0.067,0.000,0.998,0.000,1.000,0.000,-0.998,0.000,0.067),s="Running",v=Vector3.new(-58.372,0.005,-4.038)},
        {t=1.070,cf=CFrame.new(5001.986,980.155,35.488,0.067,0.000,0.998,0.000,1.000,0.000,-0.998,0.000,0.067),s="Running",v=Vector3.new(-58.363,0.005,-4.037)},
        {t=1.074,cf=CFrame.new(5001.732,980.155,35.470,0.067,0.000,0.998,0.000,1.000,0.000,-0.998,0.000,0.067),s="Running",v=Vector3.new(-58.360,0.005,-4.037)},
        {t=1.079,cf=CFrame.new(5001.477,980.155,35.453,0.068,0.000,0.998,0.000,1.000,0.000,-0.998,0.000,0.068),s="Running",v=Vector3.new(-58.360,0.005,-4.036)},
        {t=1.083,cf=CFrame.new(5001.222,980.155,35.435,0.068,0.000,0.998,0.000,1.000,0.000,-0.998,0.000,0.068),s="Running",v=Vector3.new(-58.359,0.005,-4.036)},
        {t=1.088,cf=CFrame.new(5000.962,980.155,35.417,0.068,0.000,0.998,0.000,1.000,0.000,-0.998,0.000,0.068),s="Running",v=Vector3.new(-58.359,0.005,-4.036)},
