-- CFrame Auto Walk Recording
-- Total Frames: 6949
-- Recorded HipHeight: 5.058475494384766

return {
    hipHeight = 5.058475494384766,
    frames = {
        {t=0.006,cf=CFrame.new(6617.114,1096.608,-902.330,-0.019,0.000,-1.000,0.000,1.000,0.000,1.000,0.000,-0.019),s="Running",v=Vector3.new(0.000,0.010,0.000)},
        {t=0.010,cf=CFrame.new(6617.114,1096.608,-902.330,-0.019,0.000,-1.000,0.000,1.000,0.000,1.000,0.000,-0.019),s="Running",v=Vector3.new(0.000,0.010,0.000)},
        {t=0.012,cf=CFrame.new(6617.114,1096.608,-902.330,-0.019,0.000,-1.000,0.000,1.000,0.000,1.000,0.000,-0.019),s="Running",v=Vector3.new(0.000,0.010,0.000)},
        {t=0.018,cf=CFrame.new(6617.114,1096.608,-902.330,-0.019,0.000,-1.000,0.000,1.000,0.000,1.000,0.000,-0.019),s="Running",v=Vector3.new(0.000,0.010,0.000)},
        {t=0.022,cf=CFrame.new(6617.114,1096.608,-902.330,-0.019,0.000,-1.000,0.000,1.000,0.000,1.000,0.000,-0.019),s="Running",v=Vector3.new(0.000,0.010,0.000)},
        {t=0.026,cf=CFrame.new(6617.114,1096.608,-902.330,-0.019,0.000,-1.000,0.000,1.000,0.000,1.000,0.000,-0.019),s="Running",v=Vector3.new(0.000,0.010,0.000)},
        {t=0.029,cf=CFrame.new(6617.114,1096.608,-902.330,-0.019,0.000,-1.000,0.000,1.000,0.000,1.000,0.000,-0.019),s="Running",v=Vector3.new(0.000,0.010,0.000)},
        {t=0.034,cf=CFrame.new(6617.114,1096.608,-902.330,-0.019,0.000,-1.000,0.000,1.000,0.000,1.000,0.000,-0.019),s="Running",v=Vector3.new(0.000,0.010,0.000)},
        {t=0.037,cf=CFrame.new(6617.114,1096.608,-902.330,-0.019,0.000,-1.000,0.000,1.000,0.000,1.000,0.000,-0.019),s="Running",v=Vector3.new(0.000,0.010,0.000)},
        {t=0.044,cf=CFrame.new(6617.114,1096.608,-902.330,-0.019,0.000,-1.000,0.000,1.000,0.000,1.000,0.000,-0.019),s="Running",v=Vector3.new(0.000,0.010,0.000)},
        {t=0.047,cf=CFrame.new(6617.114,1096.608,-902.330,-0.019,0.000,-1.000,0.000,1.000,0.000,1.000,0.000,-0.019),s="Running",v=Vector3.new(0.000,0.010,0.000)},
        {t=0.050,cf=CFrame.new(6617.114,1096.608,-902.330,-0.019,0.000,-1.000,0.000,1.000,0.000,1.000,0.000,-0.019),s="Running",v=Vector3.new(0.000,0.010,0.000)},
        {t=0.055,cf=CFrame.new(6617.114,1096.608,-902.330,-0.019,0.000,-1.000,0.000,1.000,0.000,1.000,0.000,-0.019),s="Running",v=Vector3.new(0.000,0.010,0.000)},
        {t=0.059,cf=CFrame.new(6617.114,1096.608,-902.330,-0.019,0.000,-1.000,0.000,1.000,0.000,1.000,0.000,-0.019),s="Running",v=Vector3.new(0.000,0.010,0.000)},
        {t=0.062,cf=CFrame.new(6617.114,1096.608,-902.330,-0.019,0.000,-1.000,0.000,1.000,0.000,1.000,0.000,-0.019),s="Running",v=Vector3.new(0.000,0.010,0.000)},
        {t=0.067,cf=CFrame.new(6617.114,1096.608,-902.330,-0.019,0.000,-1.000,0.000,1.000,0.000,1.000,0.000,-0.019),s="Running",v=Vector3.new(0.000,0.010,0.000)},
        {t=0.070,cf=CFrame.new(6617.114,1096.608,-902.330,-0.019,0.000,-1.000,0.000,1.000,0.000,1.000,0.000,-0.019),s="Running",v=Vector3.new(0.000,0.010,0.000)},
        {t=0.076,cf=CFrame.new(6617.114,1096.608,-902.330,-0.019,0.000,-1.000,0.000,1.000,0.000,1.000,0.000,-0.019),s="Running",v=Vector3.new(0.000,0.010,0.000)},
        {t=0.079,cf=CFrame.new(6617.114,1096.608,-902.330,-0.019,0.000,-1.000,0.000,1.000,0.000,1.000,0.000,-0.019),s="Running",v=Vector3.new(0.000,0.010,0.000)},
        {t=0.085,cf=CFrame.new(6617.114,1096.608,-902.330,-0.019,0.000,-1.000,0.000,1.000,0.000,1.000,0.000,-0.019),s="Running",v=Vector3.new(0.000,0.010,0.000)},
        {t=0.088,cf=CFrame.new(6617.114,1096.608,-902.330,-0.019,0.000,-1.000,0.000,1.000,0.000,1.000,0.000,-0.019),s="Running",v=Vector3.new(0.000,0.010,0.000)},
        {t=0.093,cf=CFrame.new(6617.114,1096.608,-902.330,-0.019,0.000,-1.000,0.000,1.000,0.000,1.000,0.000,-0.019),s="Running",v=Vector3.new(0.000,0.010,0.000)},
        {t=0.097,cf=CFrame.new(6617.114,1096.608,-902.330,-0.019,0.000,-1.000,0.000,1.000,0.000,1.000,0.000,-0.019),s="Running",v=Vector3.new(0.000,0.010,0.000)},
        {t=0.099,cf=CFrame.new(6617.114,1096.608,-902.330,-0.019,0.000,-1.000,0.000,1.000,0.000,1.000,0.000,-0.019),s="Running",v=Vector3.new(0.000,0.010,0.000)},
        {t=0.106,cf=CFrame.new(6617.114,1096.608,-902.330,-0.019,0.000,-1.000,0.000,1.000,0.000,1.000,0.000,-0.019),s="Running",v=Vector3.new(0.000,0.010,0.000)},
        {t=0.109,cf=CFrame.new(6617.114,1096.608,-902.330,-0.019,0.000,-1.000,0.000,1.000,0.000,1.000,0.000,-0.019),s="Running",v=Vector3.new(0.000,0.010,0.000)},
        {t=0.112,cf=CFrame.new(6617.114,1096.608,-902.330,-0.019,0.000,-1.000,0.000,1.000,0.000,1.000,0.000,-0.019),s="Running",v=Vector3.new(0.000,0.010,0.000)},
        {t=0.118,cf=CFrame.new(6617.114,1096.608,-902.330,-0.019,0.000,-1.000,0.000,1.000,0.000,1.000,0.000,-0.019),s="Running",v=Vector3.new(0.000,0.010,0.000)},
        {t=0.120,cf=CFrame.new(6617.114,1096.608,-902.330,-0.019,0.000,-1.000,0.000,1.000,0.000,1.000,0.000,-0.019),s="Running",v=Vector3.new(0.000,0.010,0.000)},
        {t=0.127,cf=CFrame.new(6617.114,1096.608,-902.330,-0.019,0.000,-1.000,0.000,1.000,0.000,1.000,0.000,-0.019),s="Running",v=Vector3.new(0.000,0.010,0.000)},
        {t=0.130,cf=CFrame.new(6617.114,1096.608,-902.330,-0.019,0.000,-1.000,0.000,1.000,0.000,1.000,0.000,-0.019),s="Running",v=Vector3.new(0.000,0.010,0.000)},
        {t=0.134,cf=CFrame.new(6617.114,1096.608,-902.330,-0.019,0.000,-1.000,0.000,1.000,0.000,1.000,0.000,-0.019),s="Running",v=Vector3.new(0.000,0.010,0.000)},
        {t=0.139,cf=CFrame.new(6617.114,1096.608,-902.330,-0.019,0.000,-1.000,0.000,1.000,0.000,1.000,0.000,-0.019),s="Running",v=Vector3.new(0.000,0.010,0.000)},
        {t=0.141,cf=CFrame.new(6617.114,1096.608,-902.330,-0.019,0.000,-1.000,0.000,1.000,0.000,1.000,0.000,-0.019),s="Running",v=Vector3.new(0.000,0.010,0.000)},
        {t=0.147,cf=CFrame.new(6617.114,1096.608,-902.330,-0.019,0.000,-1.000,0.000,1.000,0.000,1.000,0.000,-0.019),s="Running",v=Vector3.new(0.000,0.010,0.000)},
        {t=0.149,cf=CFrame.new(6617.114,1096.608,-902.330,-0.019,0.000,-1.000,0.000,1.000,0.000,1.000,0.000,-0.019),s="Running",v=Vector3.new(0.000,0.010,0.000)},
        {t=0.155,cf=CFrame.new(6617.114,1096.608,-902.330,-0.019,0.000,-1.000,0.000,1.000,0.000,1.000,0.000,-0.019),s="Running",v=Vector3.new(0.000,0.010,0.000)},
        {t=0.160,cf=CFrame.new(6617.114,1096.608,-902.330,-0.019,0.000,-1.000,0.000,1.000,0.000,1.000,0.000,-0.019),s="Running",v=Vector3.new(0.000,0.010,0.000)},
        {t=0.163,cf=CFrame.new(6617.114,1096.608,-902.330,-0.019,0.000,-1.000,0.000,1.000,0.000,1.000,0.000,-0.019),s="Running",v=Vector3.new(0.000,0.010,0.000)},
        {t=0.167,cf=CFrame.new(6617.114,1096.608,-902.330,-0.019,0.000,-1.000,0.000,1.000,0.000,1.000,0.000,-0.019),s="Running",v=Vector3.new(0.000,0.010,0.000)},
        {t=0.171,cf=CFrame.new(6617.114,1096.608,-902.330,-0.019,0.000,-1.000,0.000,1.000,0.000,1.000,0.000,-0.019),s="Running",v=Vector3.new(0.000,0.010,0.000)},
        {t=0.177,cf=CFrame.new(6617.114,1096.608,-902.330,-0.019,-0.000,-1.000,0.000,1.000,-0.000,1.000,0.000,-0.019),s="Running",v=Vector3.new(-0.000,0.010,0.000)},
        {t=0.181,cf=CFrame.new(6617.114,1096.608,-902.330,-0.019,-0.000,-1.000,0.000,1.000,-0.000,1.000,0.000,-0.019),s="Running",v=Vector3.new(-0.000,0.010,0.000)},
        {t=0.185,cf=CFrame.new(6617.114,1096.608,-902.330,-0.019,-0.000,-1.000,0.000,1.000,-0.000,1.000,0.000,-0.019),s="Running",v=Vector3.new(-0.000,0.010,0.000)},
        {t=0.189,cf=CFrame.new(6617.114,1096.608,-902.330,-0.019,-0.000,-1.000,0.000,1.000,-0.000,1.000,0.000,-0.019),s="Running",v=Vector3.new(-0.000,0.010,0.000)},
        {t=0.193,cf=CFrame.new(6617.114,1096.608,-902.330,-0.018,-0.000,-1.000,0.000,1.000,-0.000,1.000,0.000,-0.018),s="Running",v=Vector3.new(-0.000,0.010,0.000)},
        {t=0.197,cf=CFrame.new(6617.114,1096.608,-902.330,-0.017,-0.000,-1.000,0.000,1.000,-0.000,1.000,0.000,-0.017),s="Running",v=Vector3.new(-0.000,0.010,0.000)},
        {t=0.201,cf=CFrame.new(6617.114,1096.608,-902.330,-0.015,-0.000,-1.000,0.000,1.000,-0.000,1.000,0.000,-0.015),s="Running",v=Vector3.new(2.654,0.010,-0.037)},
        {t=0.206,cf=CFrame.new(6617.121,1096.608,-902.330,-0.012,-0.000,-1.000,0.000,1.000,-0.000,1.000,0.000,-0.012),s="Running",v=Vector3.new(6.714,0.010,-0.145)},
        {t=0.211,cf=CFrame.new(6617.135,1096.608,-902.330,-0.009,-0.000,-1.000,0.000,1.000,-0.000,1.000,0.000,-0.009),s="Running",v=Vector3.new(10.372,0.010,-0.306)},
        {t=0.215,cf=CFrame.new(6617.164,1096.608,-902.331,-0.006,-0.000,-1.000,0.000,1.000,-0.000,1.000,0.000,-0.006),s="Running",v=Vector3.new(14.276,0.010,-0.547)},
        {t=0.219,cf=CFrame.new(6617.211,1096.608,-902.333,-0.001,-0.000,-1.000,0.000,1.000,-0.000,1.000,0.000,-0.001),s="Running",v=Vector3.new(18.174,0.010,-0.870)},
        {t=0.223,cf=CFrame.new(6617.276,1096.608,-902.336,0.003,-0.000,-1.000,0.000,1.000,-0.000,1.000,0.000,0.003),s="Running",v=Vector3.new(22.139,0.010,-1.302)},
        {t=0.228,cf=CFrame.new(6617.363,1096.608,-902.341,0.010,-0.000,-1.000,0.000,1.000,-0.000,1.000,0.000,0.010),s="Running",v=Vector3.new(27.926,0.010,-2.211)},
        {t=0.232,cf=CFrame.new(6617.474,1096.608,-902.350,0.017,-0.000,-1.000,0.000,1.000,-0.000,1.000,0.000,0.017),s="Running",v=Vector3.new(32.706,0.010,-3.035)},
        {t=0.236,cf=CFrame.new(6617.604,1096.608,-902.362,0.023,-0.000,-1.000,0.000,1.000,-0.000,1.000,0.000,0.023),s="Running",v=Vector3.new(35.873,0.010,-3.891)},
        {t=0.239,cf=CFrame.new(6617.747,1096.608,-902.378,0.031,-0.000,-1.000,0.000,1.000,-0.000,1.000,0.000,0.031),s="Running",v=Vector3.new(40.178,0.010,-5.274)},
        {t=0.243,cf=CFrame.new(6617.912,1096.608,-902.399,0.040,-0.000,-0.999,0.000,1.000,-0.000,0.999,0.000,0.040),s="Running",v=Vector3.new(44.463,0.010,-7.031)},
        {t=0.248,cf=CFrame.new(6618.094,1096.608,-902.428,0.050,-0.000,-0.999,0.000,1.000,-0.000,0.999,0.000,0.050),s="Running",v=Vector3.new(47.738,0.010,-8.944)},
        {t=0.251,cf=CFrame.new(6618.287,1096.608,-902.464,0.060,-0.000,-0.998,0.000,1.000,-0.000,0.998,0.000,0.060),s="Running",v=Vector3.new(50.382,0.010,-11.138)},
        {t=0.256,cf=CFrame.new(6618.495,1096.608,-902.509,0.073,-0.000,-0.997,0.000,1.000,-0.000,0.997,0.000,0.073),s="Running",v=Vector3.new(52.686,0.010,-14.413)},
        {t=0.260,cf=CFrame.new(6618.712,1096.608,-902.569,0.087,-0.000,-0.996,0.000,1.000,-0.000,0.996,0.000,0.087),s="Running",v=Vector3.new(53.759,0.010,-17.622)},
        {t=0.264,cf=CFrame.new(6618.934,1096.608,-902.641,0.099,-0.000,-0.995,0.000,1.000,-0.000,0.995,0.000,0.099),s="Running",v=Vector3.new(53.907,0.010,-20.337)},
        {t=0.268,cf=CFrame.new(6619.160,1096.608,-902.726,0.115,-0.000,-0.993,0.000,1.000,-0.000,0.993,0.000,0.115),s="Running",v=Vector3.new(53.547,0.010,-22.670)},
        {t=0.272,cf=CFrame.new(6619.383,1096.608,-902.819,0.131,-0.000,-0.991,0.000,1.000,-0.000,0.991,0.000,0.131),s="Running",v=Vector3.new(52.843,0.010,-24.665)},
        {t=0.276,cf=CFrame.new(6619.605,1096.608,-902.922,0.151,-0.000,-0.989,0.000,1.000,-0.000,0.989,0.000,0.151),s="Running",v=Vector3.new(51.742,-0.334,-26.998)},
        {t=0.280,cf=CFrame.new(6619.817,1096.607,-903.032,0.167,-0.000,-0.986,0.000,1.000,-0.000,0.986,0.000,0.167),s="Running",v=Vector3.new(50.652,-1.040,-29.039)},
        {t=0.285,cf=CFrame.new(6620.027,1096.604,-903.151,0.190,-0.000,-0.982,0.000,1.000,-0.000,0.982,0.000,0.190),s="Running",v=Vector3.new(49.205,-1.703,-31.429)},
        {t=0.289,cf=CFrame.new(6620.236,1096.593,-903.284,0.211,-0.000,-0.978,0.000,1.000,-0.000,0.978,0.000,0.211),s="Running",v=Vector3.new(47.185,-3.609,-34.392)},
        {t=0.294,cf=CFrame.new(6620.440,1096.573,-903.431,0.236,-0.000,-0.972,0.000,1.000,-0.000,0.972,0.000,0.236),s="Running",v=Vector3.new(45.349,-5.142,-36.811)},
        {t=0.298,cf=CFrame.new(6620.639,1096.546,-903.589,0.264,-0.000,-0.965,0.000,1.000,-0.000,0.965,0.000,0.264),s="Running",v=Vector3.new(43.378,-6.706,-39.097)},
        {t=0.303,cf=CFrame.new(6620.820,1096.514,-903.751,0.288,-0.000,-0.958,0.000,1.000,-0.000,0.958,0.000,0.288),s="Running",v=Vector3.new(41.263,-8.198,-40.905)},
        {t=0.307,cf=CFrame.new(6620.994,1096.475,-903.919,0.314,-0.000,-0.949,0.000,1.000,-0.000,0.949,0.000,0.314),s="Running",v=Vector3.new(39.018,-9.333,-42.936)},
        {t=0.311,cf=CFrame.new(6621.162,1096.430,-904.100,0.341,-0.000,-0.940,0.000,1.000,-0.000,0.940,0.000,0.341),s="Running",v=Vector3.new(36.519,-10.472,-45.051)},
        {t=0.316,cf=CFrame.new(6621.330,1096.379,-904.301,0.377,-0.000,-0.926,0.000,1.000,-0.000,0.926,0.000,0.377),s="Running",v=Vector3.new(34.139,-2.822,-46.930)},
        {t=0.321,cf=CFrame.new(6621.482,1096.354,-904.504,0.407,-0.000,-0.913,0.000,1.000,-0.000,0.913,0.000,0.407),s="Running",v=Vector3.new(32.335,-1.228,-48.211)},
        {t=0.326,cf=CFrame.new(6621.633,1096.331,-904.718,0.444,-0.000,-0.896,0.000,1.000,-0.000,0.896,0.000,0.444),s="Running",v=Vector3.new(30.177,-0.934,-49.583)},
        {t=0.330,cf=CFrame.new(6621.865,1096.292,-905.089,0.472,-0.000,-0.882,0.000,1.000,-0.000,0.882,0.000,0.472),s="Running",v=Vector3.new(27.291,-11.749,-49.625)},
        {t=0.335,cf=CFrame.new(6621.982,1096.233,-905.293,0.497,-0.000,-0.868,0.000,1.000,-0.000,0.868,0.000,0.497),s="Running",v=Vector3.new(25.827,-14.421,-51.597)},
        {t=0.339,cf=CFrame.new(6622.095,1096.164,-905.506,0.523,-0.000,-0.852,0.000,1.000,-0.000,0.852,0.000,0.523),s="Running",v=Vector3.new(24.068,-11.927,-52.740)},
        {t=0.344,cf=CFrame.new(6622.202,1096.106,-905.727,0.550,-0.000,-0.835,0.000,1.000,-0.000,0.835,0.000,0.550),s="Running",v=Vector3.new(22.244,-6.405,-53.617)},
        {t=0.348,cf=CFrame.new(6622.300,1096.088,-905.950,0.575,-0.000,-0.818,0.000,1.000,-0.000,0.818,0.000,0.575),s="Running",v=Vector3.new(20.744,-1.897,-54.241)},
        {t=0.353,cf=CFrame.new(6622.390,1096.082,-906.172,0.596,-0.000,-0.803,0.000,1.000,-0.000,0.803,0.000,0.596),s="Running",v=Vector3.new(19.375,0.059,-54.757)},
        {t=0.357,cf=CFrame.new(6622.476,1096.081,-906.398,0.619,-0.000,-0.785,0.000,1.000,-0.000,0.785,0.000,0.619),s="Running",v=Vector3.new(17.959,1.145,-55.243)},
        {t=0.362,cf=CFrame.new(6622.558,1096.082,-906.634,0.644,-0.000,-0.765,0.000,1.000,-0.000,0.765,0.000,0.644),s="Running",v=Vector3.new(16.547,1.670,-55.688)},
        {t=0.366,cf=CFrame.new(6622.635,1096.085,-906.873,0.664,-0.000,-0.748,0.000,1.000,-0.000,0.748,0.000,0.664),s="Running",v=Vector3.new(15.301,1.858,-56.054)},
        {t=0.371,cf=CFrame.new(6622.707,1096.089,-907.115,0.685,-0.000,-0.729,0.000,1.000,-0.000,0.729,0.000,0.685),s="Running",v=Vector3.new(14.200,1.788,-56.346)},
        {t=0.376,cf=CFrame.new(6622.777,1096.092,-907.368,0.709,-0.000,-0.705,0.000,1.000,-0.000,0.705,0.000,0.709),s="Running",v=Vector3.new(13.021,1.613,-56.631)},
        {t=0.381,cf=CFrame.new(6622.881,1096.098,-907.796,0.727,-0.000,-0.687,0.000,1.000,-0.000,0.687,0.000,0.727),s="Running",v=Vector3.new(11.816,1.364,-55.459)},
        {t=0.385,cf=CFrame.new(6622.936,1096.101,-908.027,0.743,-0.000,-0.670,0.000,1.000,-0.000,0.670,0.000,0.743),s="Running",v=Vector3.new(11.305,1.263,-56.645)},
        {t=0.389,cf=CFrame.new(6622.989,1096.103,-908.265,0.759,-0.000,-0.651,0.000,1.000,-0.000,0.651,0.000,0.759),s="Running",v=Vector3.new(10.724,1.107,-57.029)},
        {t=0.394,cf=CFrame.new(6623.042,1096.104,-908.511,0.776,-0.000,-0.631,0.000,1.000,-0.000,0.631,0.000,0.776),s="Running",v=Vector3.new(10.196,0.944,-57.195)},
        {t=0.399,cf=CFrame.new(6623.090,1096.106,-908.754,0.790,-0.000,-0.613,0.000,1.000,-0.000,0.613,0.000,0.790),s="Running",v=Vector3.new(9.816,0.818,-57.280)},
        {t=0.403,cf=CFrame.new(6623.136,1096.107,-908.994,0.802,-0.000,-0.598,0.000,1.000,-0.000,0.598,0.000,0.802),s="Running",v=Vector3.new(9.571,0.712,-57.327)},
        {t=0.407,cf=CFrame.new(6623.183,1096.108,-909.238,0.814,-0.000,-0.580,0.000,1.000,-0.000,0.580,0.000,0.814),s="Running",v=Vector3.new(9.432,0.606,-57.352)},
        {t=0.412,cf=CFrame.new(6623.228,1096.109,-909.483,0.826,-0.000,-0.564,0.000,1.000,-0.000,0.564,0.000,0.826),s="Running",v=Vector3.new(9.329,0.515,-57.369)},
        {t=0.416,cf=CFrame.new(6623.273,1096.107,-909.734,0.836,-0.000,-0.548,0.000,1.000,-0.000,0.548,0.000,0.836),s="Running",v=Vector3.new(9.273,0.270,-57.379)},
        {t=0.420,cf=CFrame.new(6623.316,1096.107,-909.976,0.845,-0.000,-0.535,0.000,1.000,-0.000,0.535,0.000,0.845),s="Running",v=Vector3.new(9.251,0.356,-57.383)},
        {t=0.424,cf=CFrame.new(6623.358,1096.108,-910.216,0.853,-0.000,-0.522,0.000,1.000,-0.000,0.522,0.000,0.853),s="Running",v=Vector3.new(9.243,0.332,-57.384)},
        {t=0.429,cf=CFrame.new(6623.403,1096.108,-910.463,0.862,-0.000,-0.506,0.000,1.000,-0.000,0.506,0.000,0.862),s="Running",v=Vector3.new(9.240,0.289,-57.384)},
        {t=0.433,cf=CFrame.new(6623.445,1096.109,-910.704,0.870,-0.000,-0.494,0.000,1.000,-0.000,0.494,0.000,0.870),s="Running",v=Vector3.new(9.238,0.253,-57.385)},
        {t=0.437,cf=CFrame.new(6623.487,1096.106,-910.941,0.876,-0.000,-0.481,0.000,1.000,-0.000,0.481,0.000,0.876),s="Running",v=Vector3.new(9.237,0.051,-57.385)},
        {t=0.441,cf=CFrame.new(6623.528,1096.106,-911.175,0.883,-0.000,-0.469,0.000,1.000,-0.000,0.469,0.000,0.883),s="Running",v=Vector3.new(9.237,0.192,-57.385)},
        {t=0.445,cf=CFrame.new(6623.568,1096.107,-911.407,0.890,-0.000,-0.456,0.000,1.000,-0.000,0.456,0.000,0.890),s="Running",v=Vector3.new(9.237,0.196,-57.385)},
        {t=0.449,cf=CFrame.new(6623.608,1096.107,-911.633,0.896,-0.000,-0.445,0.000,1.000,-0.000,0.445,0.000,0.896),s="Running",v=Vector3.new(9.237,0.181,-57.385)},
        {t=0.453,cf=CFrame.new(6623.648,1096.107,-911.869,0.900,-0.000,-0.435,0.000,1.000,-0.000,0.435,0.000,0.900),s="Running",v=Vector3.new(9.237,0.139,-57.385)},
        {t=0.458,cf=CFrame.new(6623.692,1096.108,-912.119,0.906,-0.000,-0.424,0.000,1.000,-0.000,0.424,0.000,0.906),s="Running",v=Vector3.new(9.237,0.102,-57.385)},
        {t=0.462,cf=CFrame.new(6623.735,1096.108,-912.372,0.911,-0.000,-0.413,0.000,1.000,-0.000,0.413,0.000,0.911),s="Running",v=Vector3.new(9.237,0.082,-57.385)},
        {t=0.466,cf=CFrame.new(6623.779,1096.108,-912.625,0.915,-0.000,-0.403,0.000,1.000,-0.000,0.403,0.000,0.915),s="Running",v=Vector3.new(9.237,0.069,-57.385)},
        {t=0.471,cf=CFrame.new(6623.822,1096.108,-912.879,0.920,-0.000,-0.392,0.000,1.000,-0.000,0.392,0.000,0.920),s="Running",v=Vector3.new(9.237,0.058,-57.385)},
        {t=0.476,cf=CFrame.new(6623.867,1096.108,-913.139,0.924,-0.000,-0.381,0.000,1.000,-0.000,0.381,0.000,0.924),s="Running",v=Vector3.new(9.173,0.048,-57.395)},
        {t=0.480,cf=CFrame.new(6623.939,1096.109,-913.578,0.928,-0.000,-0.372,0.000,1.000,-0.000,0.372,0.000,0.928),s="Running",v=Vector3.new(8.847,0.038,-56.022)},
        {t=0.484,cf=CFrame.new(6623.979,1096.109,-913.817,0.932,-0.000,-0.363,0.000,1.000,-0.000,0.363,0.000,0.932),s="Running",v=Vector3.new(8.850,0.034,-57.089)},
        {t=0.488,cf=CFrame.new(6624.019,1096.105,-914.060,0.935,-0.000,-0.355,0.000,1.000,-0.000,0.355,0.000,0.935),s="Running",v=Vector3.new(8.686,-0.171,-57.381)},
        {t=0.492,cf=CFrame.new(6624.058,1096.105,-914.306,0.938,-0.000,-0.346,0.000,1.000,-0.000,0.346,0.000,0.938),s="Running",v=Vector3.new(8.418,0.008,-57.487)},
        {t=0.496,cf=CFrame.new(6624.096,1096.106,-914.551,0.941,-0.000,-0.337,0.000,1.000,-0.000,0.337,0.000,0.941),s="Running",v=Vector3.new(8.130,0.030,-57.545)},
        {t=0.500,cf=CFrame.new(6624.133,1096.106,-914.794,0.944,-0.000,-0.329,0.000,1.000,-0.000,0.329,0.000,0.944),s="Running",v=Vector3.new(7.826,0.030,-57.591)},
        {t=0.504,cf=CFrame.new(6624.138,1096.106,-914.821,0.946,-0.000,-0.323,0.000,1.000,-0.000,0.323,0.000,0.946),s="Running",v=Vector3.new(7.712,0.022,-59.027)},
        {t=0.509,cf=CFrame.new(6624.201,1096.107,-915.280,0.950,-0.000,-0.312,0.000,1.000,-0.000,0.312,0.000,0.950),s="Running",v=Vector3.new(6.950,0.025,-56.641)},
        {t=0.515,cf=CFrame.new(6624.235,1096.107,-915.538,0.954,-0.000,-0.300,0.000,1.000,-0.000,0.300,0.000,0.954),s="Running",v=Vector3.new(6.508,0.019,-57.490)},
        {t=0.519,cf=CFrame.new(6624.265,1096.107,-915.784,0.956,-0.000,-0.292,0.000,1.000,-0.000,0.292,0.000,0.956),s="Running",v=Vector3.new(6.085,0.016,-57.735)},
        {t=0.523,cf=CFrame.new(6624.294,1096.107,-916.033,0.959,-0.000,-0.284,0.000,1.000,-0.000,0.284,0.000,0.959),s="Running",v=Vector3.new(5.665,0.015,-57.828)},
        {t=0.527,cf=CFrame.new(6624.321,1096.107,-916.283,0.961,-0.000,-0.275,0.000,1.000,-0.000,0.275,0.000,0.961),s="Running",v=Vector3.new(5.281,0.014,-57.877)},
        {t=0.531,cf=CFrame.new(6624.346,1096.107,-916.530,0.964,-0.000,-0.267,0.000,1.000,-0.000,0.267,0.000,0.964),s="Running",v=Vector3.new(4.896,0.014,-57.914)},
        {t=0.536,cf=CFrame.new(6624.369,1096.107,-916.778,0.966,-0.000,-0.259,0.000,1.000,-0.000,0.259,0.000,0.966),s="Running",v=Vector3.new(4.520,0.013,-57.945)},
        {t=0.540,cf=CFrame.new(6624.391,1096.108,-917.028,0.968,-0.000,-0.251,0.000,1.000,-0.000,0.251,0.000,0.968),s="Running",v=Vector3.new(4.176,0.013,-57.972)},
        {t=0.544,cf=CFrame.new(6624.411,1096.108,-917.279,0.970,-0.000,-0.243,0.000,1.000,-0.000,0.243,0.000,0.970),s="Running",v=Vector3.new(3.835,0.012,-57.995)},
        {t=0.549,cf=CFrame.new(6624.431,1096.108,-917.531,0.972,-0.000,-0.235,0.000,1.000,-0.000,0.235,0.000,0.972),s="Running",v=Vector3.new(3.562,0.012,-58.013)},
        {t=0.552,cf=CFrame.new(6624.447,1096.108,-917.776,0.974,-0.000,-0.228,0.000,1.000,-0.000,0.228,0.000,0.974),s="Running",v=Vector3.new(3.349,0.011,-58.026)},
        {t=0.556,cf=CFrame.new(6624.464,1096.108,-918.022,0.975,-0.000,-0.222,0.000,1.000,-0.000,0.222,0.000,0.975),s="Running",v=Vector3.new(3.149,0.011,-58.037)},
        {t=0.560,cf=CFrame.new(6624.479,1096.108,-918.265,0.977,-0.000,-0.215,0.000,1.000,-0.000,0.215,0.000,0.977),s="Running",v=Vector3.new(2.961,0.011,-58.047)},
        {t=0.563,cf=CFrame.new(6624.493,1096.108,-918.503,0.978,-0.000,-0.210,0.000,1.000,-0.000,0.210,0.000,0.978),s="Running",v=Vector3.new(2.792,0.011,-58.056)},
        {t=0.567,cf=CFrame.new(6624.507,1096.108,-918.746,0.979,-0.000,-0.204,0.000,1.000,-0.000,0.204,0.000,0.979),s="Running",v=Vector3.new(2.612,0.011,-58.064)},
        {t=0.572,cf=CFrame.new(6624.521,1096.108,-918.998,0.981,-0.000,-0.196,0.000,1.000,-0.000,0.196,0.000,0.981),s="Running",v=Vector3.new(2.394,0.011,-58.074)},
        {t=0.577,cf=CFrame.new(6624.534,1096.108,-919.258,0.982,-0.000,-0.188,0.000,1.000,-0.000,0.188,0.000,0.982),s="Running",v=Vector3.new(2.253,0.011,-58.080)},
        {t=0.582,cf=CFrame.new(6624.546,1096.108,-919.523,0.984,-0.000,-0.180,0.000,1.000,-0.000,0.180,0.000,0.984),s="Running",v=Vector3.new(2.212,0.011,-58.081)},
        {t=0.589,cf=CFrame.new(6624.567,1096.108,-919.986,0.985,-0.000,-0.172,0.000,1.000,-0.000,0.172,0.000,0.985),s="Running",v=Vector3.new(2.373,0.011,-56.666)},
        {t=0.594,cf=CFrame.new(6624.580,1096.108,-920.237,0.986,-0.000,-0.166,0.000,1.000,-0.000,0.166,0.000,0.986),s="Running",v=Vector3.new(2.505,0.011,-57.717)},
        {t=0.599,cf=CFrame.new(6624.593,1096.108,-920.498,0.987,-0.000,-0.160,0.000,1.000,-0.000,0.160,0.000,0.987),s="Running",v=Vector3.new(2.552,0.010,-57.979)},
        {t=0.603,cf=CFrame.new(6624.605,1096.108,-920.750,0.988,-0.000,-0.155,0.000,1.000,-0.000,0.155,0.000,0.988),s="Running",v=Vector3.new(2.567,0.010,-58.045)},
        {t=0.606,cf=CFrame.new(6624.618,1096.108,-920.998,0.988,-0.000,-0.151,0.000,1.000,-0.000,0.151,0.000,0.988),s="Running",v=Vector3.new(2.572,0.010,-58.061)},
        {t=0.611,cf=CFrame.new(6624.630,1096.108,-921.249,0.989,-0.000,-0.147,0.000,1.000,-0.000,0.147,0.000,0.989),s="Running",v=Vector3.new(2.574,0.010,-58.065)},
        {t=0.614,cf=CFrame.new(6624.643,1096.108,-921.492,0.990,-0.000,-0.144,0.000,1.000,-0.000,0.144,0.000,0.990),s="Running",v=Vector3.new(2.574,0.010,-58.066)},
        {t=0.618,cf=CFrame.new(6624.655,1096.108,-921.738,0.990,-0.000,-0.140,0.000,1.000,-0.000,0.140,0.000,0.990),s="Running",v=Vector3.new(2.574,0.010,-58.066)},
        {t=0.621,cf=CFrame.new(6624.667,1096.108,-921.983,0.991,-0.000,-0.137,0.000,1.000,-0.000,0.137,0.000,0.991),s="Running",v=Vector3.new(2.575,0.010,-58.066)},
        {t=0.627,cf=CFrame.new(6624.680,1096.108,-922.234,0.991,-0.000,-0.132,0.000,1.000,-0.000,0.132,0.000,0.991),s="Running",v=Vector3.new(2.575,0.010,-58.066)},
        {t=0.630,cf=CFrame.new(6624.691,1096.108,-922.476,0.992,-0.000,-0.129,0.000,1.000,-0.000,0.129,0.000,0.992),s="Running",v=Vector3.new(2.575,0.010,-58.066)},
        {t=0.634,cf=CFrame.new(6624.703,1096.108,-922.716,0.992,-0.000,-0.126,0.000,1.000,-0.000,0.126,0.000,0.992),s="Running",v=Vector3.new(2.575,0.010,-58.066)},
        {t=0.639,cf=CFrame.new(6624.716,1096.108,-922.979,0.993,-0.000,-0.122,0.000,1.000,-0.000,0.122,0.000,0.993),s="Running",v=Vector3.new(2.575,0.010,-58.066)},
        {t=0.643,cf=CFrame.new(6624.729,1096.108,-923.230,0.993,-0.000,-0.119,0.000,1.000,-0.000,0.119,0.000,0.993),s="Running",v=Vector3.new(2.575,0.010,-58.066)},
        {t=0.647,cf=CFrame.new(6624.740,1096.108,-923.472,0.993,-0.000,-0.116,0.000,1.000,-0.000,0.116,0.000,0.993),s="Running",v=Vector3.new(2.575,0.010,-58.066)},
        {t=0.651,cf=CFrame.new(6624.752,1096.108,-923.710,0.994,-0.000,-0.113,0.000,1.000,-0.000,0.113,0.000,0.994),s="Running",v=Vector3.new(2.575,0.010,-58.066)},
        {t=0.655,cf=CFrame.new(6624.764,1096.108,-923.947,0.994,-0.000,-0.110,0.000,1.000,-0.000,0.110,0.000,0.994),s="Running",v=Vector3.new(2.575,0.010,-58.066)},
        {t=0.659,cf=CFrame.new(6624.775,1096.108,-924.184,0.994,-0.000,-0.108,0.000,1.000,-0.000,0.108,0.000,0.994),s="Running",v=Vector3.new(2.575,0.010,-58.066)},
        {t=0.663,cf=CFrame.new(6624.787,1096.108,-924.434,0.994,-0.000,-0.105,0.000,1.000,-0.000,0.105,0.000,0.994),s="Running",v=Vector3.new(2.575,0.010,-58.066)},
        {t=0.667,cf=CFrame.new(6624.790,1096.108,-924.474,0.995,-0.000,-0.103,0.000,1.000,-0.000,0.103,0.000,0.995),s="Running",v=Vector3.new(2.637,0.010,-59.472)},
        {t=0.672,cf=CFrame.new(6624.803,1096.108,-924.752,0.995,-0.000,-0.100,0.000,1.000,-0.000,0.100,0.000,0.995),s="Running",v=Vector3.new(2.590,0.010,-58.418)},
        {t=0.677,cf=CFrame.new(6624.825,1096.108,-925.220,0.995,-0.000,-0.097,0.000,1.000,-0.000,0.097,0.000,0.995),s="Running",v=Vector3.new(2.516,0.011,-56.748)},
        {t=0.682,cf=CFrame.new(6624.836,1096.108,-925.473,0.995,-0.000,-0.095,0.000,1.000,-0.000,0.095,0.000,0.995),s="Running",v=Vector3.new(2.560,0.010,-57.737)},
        {t=0.687,cf=CFrame.new(6624.849,1096.108,-925.738,0.996,-0.000,-0.092,0.000,1.000,-0.000,0.092,0.000,0.996),s="Running",v=Vector3.new(2.571,0.010,-57.984)},
        {t=0.691,cf=CFrame.new(6624.861,1096.108,-925.988,0.996,-0.000,-0.090,0.000,1.000,-0.000,0.090,0.000,0.996),s="Running",v=Vector3.new(2.574,0.010,-58.046)},
        {t=0.696,cf=CFrame.new(6624.873,1096.108,-926.246,0.996,-0.000,-0.088,0.000,1.000,-0.000,0.088,0.000,0.996),s="Running",v=Vector3.new(2.574,0.010,-58.061)},
        {t=0.700,cf=CFrame.new(6624.885,1096.108,-926.501,0.996,-0.000,-0.086,0.000,1.000,-0.000,0.086,0.000,0.996),s="Running",v=Vector3.new(2.575,0.010,-58.065)},
        {t=0.705,cf=CFrame.new(6624.906,1096.108,-926.948,0.996,-0.000,-0.085,0.000,1.000,-0.000,0.085,0.000,0.996),s="Running",v=Vector3.new(2.512,0.011,-56.660)},
        {t=0.710,cf=CFrame.new(6624.918,1096.108,-927.205,0.997,-0.000,-0.083,0.000,1.000,-0.000,0.083,0.000,0.997),s="Running",v=Vector3.new(2.559,0.010,-57.715)},
        {t=0.722,cf=CFrame.new(6624.945,1096.108,-927.751,0.997,-0.000,-0.078,0.000,1.000,-0.000,0.078,0.000,0.997),s="Running",v=Vector3.new(2.508,0.011,-56.573)},
        {t=0.732,cf=CFrame.new(6624.976,1096.108,-928.423,0.997,-0.000,-0.075,0.000,1.000,-0.000,0.075,0.000,0.997),s="Running",v=Vector3.new(2.433,0.011,-54.881)},
        {t=0.739,cf=CFrame.new(6624.989,1096.108,-928.708,0.997,-0.000,-0.073,0.000,1.000,-0.000,0.073,0.000,0.997),s="Running",v=Vector3.new(2.539,0.010,-57.270)},
        {t=0.743,cf=CFrame.new(6625.002,1096.108,-928.978,0.997,-0.000,-0.072,0.000,1.000,-0.000,0.072,0.000,0.997),s="Running",v=Vector3.new(2.566,0.010,-57.867)},
        {t=0.747,cf=CFrame.new(6625.022,1096.108,-929.430,0.998,-0.000,-0.071,0.000,1.000,-0.000,0.071,0.000,0.998),s="Running",v=Vector3.new(2.510,0.011,-56.611)},
        {t=0.756,cf=CFrame.new(6625.044,1096.108,-929.900,0.998,-0.000,-0.068,0.000,1.000,-0.000,0.068,0.000,0.998),s="Running",v=Vector3.new(2.496,0.011,-56.296)},
        {t=0.761,cf=CFrame.new(6625.055,1096.108,-930.145,0.998,-0.000,-0.067,0.000,1.000,-0.000,0.067,0.000,0.998),s="Running",v=Vector3.new(2.555,0.010,-57.624)},
        {t=0.765,cf=CFrame.new(6625.067,1096.108,-930.400,0.998,-0.000,-0.066,0.000,1.000,-0.000,0.066,0.000,0.998),s="Running",v=Vector3.new(2.570,0.010,-57.956)},
        {t=0.770,cf=CFrame.new(6625.079,1096.108,-930.658,0.998,-0.000,-0.065,0.000,1.000,-0.000,0.065,0.000,0.998),s="Running",v=Vector3.new(2.573,0.010,-58.039)},
        {t=0.774,cf=CFrame.new(6625.090,1096.108,-930.909,0.998,-0.000,-0.065,0.000,1.000,-0.000,0.065,0.000,0.998),s="Running",v=Vector3.new(2.574,0.010,-58.060)},
        {t=0.779,cf=CFrame.new(6625.103,1096.108,-931.170,0.998,-0.000,-0.064,0.000,1.000,-0.000,0.064,0.000,0.998),s="Running",v=Vector3.new(2.575,0.010,-58.065)},
        {t=0.783,cf=CFrame.new(6625.114,1096.108,-931.424,0.998,-0.000,-0.063,0.000,1.000,-0.000,0.063,0.000,0.998),s="Running",v=Vector3.new(2.575,0.010,-58.066)},
        {t=0.786,cf=CFrame.new(6625.125,1096.108,-931.673,0.998,-0.000,-0.062,0.000,1.000,-0.000,0.062,0.000,0.998),s="Running",v=Vector3.new(2.575,0.010,-58.066)},
        {t=0.790,cf=CFrame.new(6625.137,1096.108,-931.920,0.998,-0.000,-0.061,0.000,1.000,-0.000,0.061,0.000,0.998),s="Running",v=Vector3.new(2.575,0.010,-58.066)},
        {t=0.795,cf=CFrame.new(6625.148,1096.108,-932.178,0.998,-0.000,-0.061,0.000,1.000,-0.000,0.061,0.000,0.998),s="Running",v=Vector3.new(2.575,0.010,-58.066)},
        {t=0.799,cf=CFrame.new(6625.160,1096.108,-932.428,0.998,-0.000,-0.060,0.000,1.000,-0.000,0.060,0.000,0.998),s="Running",v=Vector3.new(2.575,0.010,-58.066)},
        {t=0.802,cf=CFrame.new(6625.171,1096.108,-932.675,0.998,-0.000,-0.059,0.000,1.000,-0.000,0.059,0.000,0.998),s="Running",v=Vector3.new(2.575,0.010,-58.066)},
        {t=0.806,cf=CFrame.new(6625.183,1096.108,-932.920,0.998,-0.000,-0.059,0.000,1.000,-0.000,0.059,0.000,0.998),s="Running",v=Vector3.new(2.575,0.010,-58.066)},
        {t=0.810,cf=CFrame.new(6625.194,1096.108,-933.164,0.998,-0.000,-0.058,0.000,1.000,-0.000,0.058,0.000,0.998),s="Running",v=Vector3.new(2.582,0.010,-58.066)},
        {t=0.813,cf=CFrame.new(6625.205,1096.108,-933.406,0.998,-0.000,-0.058,0.000,1.000,-0.000,0.058,0.000,0.998),s="Running",v=Vector3.new(2.627,0.010,-58.064)},
        {t=0.818,cf=CFrame.new(6625.217,1096.108,-933.658,0.998,-0.000,-0.058,0.000,1.000,-0.000,0.058,0.000,0.998),s="Running",v=Vector3.new(2.665,0.010,-58.062)},
        {t=0.823,cf=CFrame.new(6625.229,1096.108,-933.913,0.998,-0.000,-0.057,0.000,1.000,-0.000,0.057,0.000,0.998),s="Running",v=Vector3.new(2.724,0.010,-58.060)},
        {t=0.828,cf=CFrame.new(6625.242,1096.108,-934.177,0.998,-0.000,-0.057,0.000,1.000,-0.000,0.057,0.000,0.998),s="Running",v=Vector3.new(2.757,0.010,-58.058)},
        {t=0.832,cf=CFrame.new(6625.253,1096.108,-934.420,0.998,-0.000,-0.056,0.000,1.000,-0.000,0.056,0.000,0.998),s="Running",v=Vector3.new(2.769,0.010,-58.057)},
        {t=0.836,cf=CFrame.new(6625.265,1096.108,-934.666,0.998,-0.000,-0.056,0.000,1.000,-0.000,0.056,0.000,0.998),s="Running",v=Vector3.new(2.774,0.010,-58.057)},
        {t=0.839,cf=CFrame.new(6625.277,1096.108,-934.909,0.998,-0.000,-0.056,0.000,1.000,-0.000,0.056,0.000,0.998),s="Running",v=Vector3.new(2.769,0.010,-58.057)},
        {t=0.844,cf=CFrame.new(6625.289,1096.108,-935.161,0.998,-0.000,-0.055,0.000,1.000,-0.000,0.055,0.000,0.998),s="Running",v=Vector3.new(2.723,0.010,-58.060)},
        {t=0.847,cf=CFrame.new(6625.300,1096.108,-935.404,0.998,-0.000,-0.055,0.000,1.000,-0.000,0.055,0.000,0.998),s="Running",v=Vector3.new(2.697,0.010,-58.061)},
        {t=0.851,cf=CFrame.new(6625.312,1096.108,-935.652,0.999,-0.000,-0.055,0.000,1.000,-0.000,0.055,0.000,0.999),s="Running",v=Vector3.new(2.683,0.010,-58.062)},
        {t=0.854,cf=CFrame.new(6625.324,1096.108,-935.901,0.999,-0.000,-0.054,0.000,1.000,-0.000,0.054,0.000,0.999),s="Running",v=Vector3.new(2.678,0.010,-58.062)},
        {t=0.860,cf=CFrame.new(6625.336,1096.108,-936.171,0.999,-0.000,-0.054,0.000,1.000,-0.000,0.054,0.000,0.999),s="Running",v=Vector3.new(2.677,0.010,-58.062)},
        {t=0.863,cf=CFrame.new(6625.348,1096.108,-936.417,0.999,-0.000,-0.054,0.000,1.000,-0.000,0.054,0.000,0.999),s="Running",v=Vector3.new(2.676,0.010,-58.062)},
        {t=0.866,cf=CFrame.new(6625.350,1096.108,-936.445,0.999,-0.000,-0.053,0.000,1.000,-0.000,0.053,0.000,0.999),s="Running",v=Vector3.new(2.741,0.010,-59.468)},
        {t=0.871,cf=CFrame.new(6625.372,1096.108,-936.916,0.999,-0.000,-0.053,0.000,1.000,-0.000,0.053,0.000,0.999),s="Running",v=Vector3.new(2.627,0.011,-57.007)},
        {t=0.874,cf=CFrame.new(6625.373,1096.108,-936.943,0.999,-0.000,-0.053,0.000,1.000,-0.000,0.053,0.000,0.999),s="Running",v=Vector3.new(2.729,0.010,-59.204)},
        {t=0.879,cf=CFrame.new(6625.395,1096.108,-937.406,0.999,-0.000,-0.052,0.000,1.000,-0.000,0.052,0.000,0.999),s="Running",v=Vector3.new(2.624,0.011,-56.942)},
        {t=0.884,cf=CFrame.new(6625.406,1096.108,-937.662,0.999,-0.000,-0.052,0.000,1.000,-0.000,0.052,0.000,0.999),s="Running",v=Vector3.new(2.663,0.010,-57.782)},
        {t=0.890,cf=CFrame.new(6625.419,1096.108,-937.926,0.999,-0.000,-0.052,0.000,1.000,-0.000,0.052,0.000,0.999),s="Running",v=Vector3.new(2.673,0.010,-57.992)},
        {t=0.894,cf=CFrame.new(6625.431,1096.108,-938.178,0.999,-0.000,-0.052,0.000,1.000,-0.000,0.052,0.000,0.999),s="Running",v=Vector3.new(2.675,0.010,-58.044)},
        {t=0.897,cf=CFrame.new(6625.443,1096.108,-938.426,0.999,-0.000,-0.051,0.000,1.000,-0.000,0.051,0.000,0.999),s="Running",v=Vector3.new(2.676,0.010,-58.057)},
        {t=0.901,cf=CFrame.new(6625.455,1096.108,-938.674,0.999,-0.000,-0.051,0.000,1.000,-0.000,0.051,0.000,0.999),s="Running",v=Vector3.new(2.676,0.010,-58.061)},
        {t=0.905,cf=CFrame.new(6625.467,1096.108,-938.928,0.999,-0.000,-0.051,0.000,1.000,-0.000,0.051,0.000,0.999),s="Running",v=Vector3.new(2.676,0.010,-58.062)},
        {t=0.909,cf=CFrame.new(6625.479,1096.108,-939.180,0.999,-0.000,-0.051,0.000,1.000,-0.000,0.051,0.000,0.999),s="Running",v=Vector3.new(2.676,0.010,-58.062)},
        {t=0.913,cf=CFrame.new(6625.490,1096.108,-939.431,0.999,-0.000,-0.051,0.000,1.000,-0.000,0.051,0.000,0.999),s="Running",v=Vector3.new(2.676,0.010,-58.062)},
        {t=0.918,cf=CFrame.new(6625.502,1096.108,-939.685,0.999,-0.000,-0.050,0.000,1.000,-0.000,0.050,0.000,0.999),s="Running",v=Vector3.new(2.676,0.010,-58.062)},
        {t=0.922,cf=CFrame.new(6625.514,1096.108,-939.936,0.999,-0.000,-0.050,0.000,1.000,-0.000,0.050,0.000,0.999),s="Running",v=Vector3.new(2.676,0.010,-58.062)},
        {t=0.927,cf=CFrame.new(6625.526,1096.108,-940.193,0.999,-0.000,-0.050,0.000,1.000,-0.000,0.050,0.000,0.999),s="Running",v=Vector3.new(2.676,0.010,-58.062)},
        {t=0.930,cf=CFrame.new(6625.538,1096.108,-940.443,0.999,-0.000,-0.050,0.000,1.000,-0.000,0.050,0.000,0.999),s="Running",v=Vector3.new(2.676,0.010,-58.062)},
        {t=0.935,cf=CFrame.new(6625.550,1096.108,-940.700,0.999,-0.000,-0.050,0.000,1.000,-0.000,0.050,0.000,0.999),s="Running",v=Vector3.new(2.676,0.010,-58.062)},
        {t=0.939,cf=CFrame.new(6625.562,1096.108,-940.952,0.999,-0.000,-0.050,0.000,1.000,-0.000,0.050,0.000,0.999),s="Running",v=Vector3.new(2.676,0.010,-58.062)},
        {t=0.944,cf=CFrame.new(6625.574,1096.108,-941.208,0.999,-0.000,-0.049,0.000,1.000,-0.000,0.049,0.000,0.999),s="Running",v=Vector3.new(2.676,0.010,-58.062)},
        {t=0.948,cf=CFrame.new(6625.586,1096.108,-941.461,0.999,-0.000,-0.049,0.000,1.000,-0.000,0.049,0.000,0.999),s="Running",v=Vector3.new(2.676,0.010,-58.062)},
        {t=0.953,cf=CFrame.new(6625.598,1096.108,-941.718,0.999,-0.000,-0.049,0.000,1.000,-0.000,0.049,0.000,0.999),s="Running",v=Vector3.new(2.676,0.010,-58.062)},
        {t=0.957,cf=CFrame.new(6625.610,1096.108,-941.978,0.999,-0.000,-0.049,0.000,1.000,-0.000,0.049,0.000,0.999),s="Running",v=Vector3.new(2.676,0.010,-58.062)},
        {t=0.962,cf=CFrame.new(6625.623,1096.108,-942.237,0.999,-0.000,-0.049,0.000,1.000,-0.000,0.049,0.000,0.999),s="Running",v=Vector3.new(2.676,0.010,-58.062)},
        {t=0.966,cf=CFrame.new(6625.635,1096.108,-942.491,0.999,-0.000,-0.049,0.000,1.000,-0.000,0.049,0.000,0.999),s="Running",v=Vector3.new(2.676,0.010,-58.062)},
        {t=0.970,cf=CFrame.new(6625.646,1096.108,-942.745,0.999,-0.000,-0.049,0.000,1.000,-0.000,0.049,0.000,0.999),s="Running",v=Vector3.new(2.676,0.010,-58.062)},
        {t=0.976,cf=CFrame.new(6625.659,1096.108,-943.014,0.999,-0.000,-0.049,0.000,1.000,-0.000,0.049,0.000,0.999),s="Running",v=Vector3.new(2.676,0.010,-58.062)},
        {t=0.980,cf=CFrame.new(6625.680,1096.108,-943.464,0.999,-0.000,-0.049,0.000,1.000,-0.000,0.049,0.000,0.999),s="Running",v=Vector3.new(2.654,0.011,-56.654)},
        {t=0.984,cf=CFrame.new(6625.691,1096.108,-943.703,0.999,-0.000,-0.049,0.000,1.000,-0.000,0.049,0.000,0.999),s="Running",v=Vector3.new(2.726,0.010,-57.707)},
        {t=0.988,cf=CFrame.new(6625.704,1096.108,-943.958,0.999,-0.000,-0.049,0.000,1.000,-0.000,0.049,0.000,0.999),s="Running",v=Vector3.new(2.827,0.010,-57.967)},
        {t=0.993,cf=CFrame.new(6625.716,1096.108,-944.211,0.999,-0.000,-0.049,0.000,1.000,-0.000,0.049,0.000,0.999),s="Running",v=Vector3.new(2.880,0.010,-58.030)},
        {t=0.998,cf=CFrame.new(6625.729,1096.108,-944.465,0.999,-0.000,-0.049,0.000,1.000,-0.000,0.049,0.000,0.999),s="Running",v=Vector3.new(2.935,0.010,-58.044)},
        {t=1.002,cf=CFrame.new(6625.742,1096.108,-944.719,0.999,-0.000,-0.049,0.000,1.000,-0.000,0.049,0.000,0.999),s="Running",v=Vector3.new(2.965,0.010,-58.046)},
        {t=1.015,cf=CFrame.new(6625.762,1096.108,-945.109,0.999,-0.000,-0.050,0.000,1.000,-0.000,0.050,0.000,0.999),s="Running",v=Vector3.new(3.121,0.010,-58.039)},
        {t=1.019,cf=CFrame.new(6625.795,1096.108,-945.732,0.999,-0.000,-0.050,0.000,1.000,-0.000,0.050,0.000,0.999),s="Running",v=Vector3.new(3.031,0.011,-55.225)},
        {t=1.024,cf=CFrame.new(6625.810,1096.108,-945.990,0.999,-0.000,-0.050,0.000,1.000,-0.000,0.050,0.000,0.999),s="Running",v=Vector3.new(3.204,0.010,-57.330)},
        {t=1.029,cf=CFrame.new(6625.824,1096.108,-946.253,0.999,-0.000,-0.051,0.000,1.000,-0.000,0.051,0.000,0.999),s="Running",v=Vector3.new(3.292,0.010,-57.854)},
        {t=1.033,cf=CFrame.new(6625.839,1096.108,-946.513,0.999,-0.000,-0.051,0.000,1.000,-0.000,0.051,0.000,0.999),s="Running",v=Vector3.new(3.385,0.010,-57.981)},
        {t=1.037,cf=CFrame.new(6625.854,1096.108,-946.771,0.999,-0.000,-0.052,0.000,1.000,-0.000,0.052,0.000,0.999),s="Running",v=Vector3.new(3.439,0.010,-58.011)},
        {t=1.042,cf=CFrame.new(6625.869,1096.108,-947.030,0.999,-0.000,-0.052,0.000,1.000,-0.000,0.052,0.000,0.999),s="Running",v=Vector3.new(3.497,0.010,-58.015)},
        {t=1.046,cf=CFrame.new(6625.884,1096.108,-947.289,0.999,-0.000,-0.053,0.000,1.000,-0.000,0.053,0.000,0.999),s="Running",v=Vector3.new(3.580,0.010,-58.012)},
        {t=1.050,cf=CFrame.new(6625.900,1096.108,-947.548,0.999,-0.000,-0.053,0.000,1.000,-0.000,0.053,0.000,0.999),s="Running",v=Vector3.new(3.641,0.010,-58.009)},
        {t=1.055,cf=CFrame.new(6625.917,1096.108,-947.807,0.999,-0.000,-0.054,0.000,1.000,-0.000,0.054,0.000,0.999),s="Running",v=Vector3.new(3.703,0.010,-58.005)},
        {t=1.060,cf=CFrame.new(6625.945,1096.108,-948.259,0.999,-0.000,-0.054,0.000,1.000,-0.000,0.054,0.000,0.999),s="Running",v=Vector3.new(3.705,0.011,-56.595)},
        {t=1.064,cf=CFrame.new(6625.960,1096.108,-948.499,0.998,-0.000,-0.055,0.000,1.000,-0.000,0.055,0.000,0.998),s="Running",v=Vector3.new(3.824,0.010,-57.645)},
