-- CFrame Auto Walk Recording
-- Total Frames: 6658
-- Recorded HipHeight: 5.058475494384766

return {
    hipHeight = 5.058475494384766,
    frames = {
        {t=0.006,cf=CFrame.new(5086.839,968.608,-983.248,-0.995,0.000,0.103,0.000,1.000,0.000,-0.103,0.000,-0.995),s="Running",v=Vector3.new(0.000,0.005,0.000)},
        {t=0.009,cf=CFrame.new(5086.839,968.608,-983.248,-0.995,0.000,0.103,0.000,1.000,0.000,-0.103,0.000,-0.995),s="Running",v=Vector3.new(0.000,0.005,0.000)},
        {t=0.012,cf=CFrame.new(5086.839,968.608,-983.248,-0.995,0.000,0.103,0.000,1.000,0.000,-0.103,0.000,-0.995),s="Running",v=Vector3.new(0.000,0.005,0.000)},
        {t=0.016,cf=CFrame.new(5086.839,968.608,-983.248,-0.995,0.000,0.103,0.000,1.000,0.000,-0.103,0.000,-0.995),s="Running",v=Vector3.new(0.000,0.005,0.000)},
        {t=0.020,cf=CFrame.new(5086.839,968.608,-983.248,-0.995,0.000,0.103,0.000,1.000,0.000,-0.103,0.000,-0.995),s="Running",v=Vector3.new(0.000,0.005,0.000)},
        {t=0.024,cf=CFrame.new(5086.839,968.608,-983.248,-0.995,0.000,0.103,0.000,1.000,0.000,-0.103,0.000,-0.995),s="Running",v=Vector3.new(0.000,0.005,0.000)},
        {t=0.029,cf=CFrame.new(5086.839,968.608,-983.248,-0.995,0.000,0.103,0.000,1.000,0.000,-0.103,0.000,-0.995),s="Running",v=Vector3.new(0.000,0.005,0.000)},
        {t=0.033,cf=CFrame.new(5086.839,968.608,-983.248,-0.995,0.000,0.103,0.000,1.000,0.000,-0.103,0.000,-0.995),s="Running",v=Vector3.new(0.000,0.005,0.000)},
        {t=0.037,cf=CFrame.new(5086.839,968.608,-983.248,-0.995,0.000,0.103,0.000,1.000,0.000,-0.103,0.000,-0.995),s="Running",v=Vector3.new(0.000,0.005,0.000)},
        {t=0.040,cf=CFrame.new(5086.839,968.608,-983.248,-0.995,0.000,0.103,0.000,1.000,0.000,-0.103,0.000,-0.995),s="Running",v=Vector3.new(0.000,0.005,0.000)},
        {t=0.046,cf=CFrame.new(5086.839,968.608,-983.248,-0.995,0.000,0.103,0.000,1.000,0.000,-0.103,0.000,-0.995),s="Running",v=Vector3.new(0.000,0.005,0.000)},
        {t=0.049,cf=CFrame.new(5086.839,968.608,-983.248,-0.995,0.000,0.103,0.000,1.000,0.000,-0.103,0.000,-0.995),s="Running",v=Vector3.new(0.000,0.005,0.000)},
        {t=0.053,cf=CFrame.new(5086.839,968.608,-983.248,-0.995,0.000,0.103,0.000,1.000,0.000,-0.103,0.000,-0.995),s="Running",v=Vector3.new(0.000,0.005,0.000)},
        {t=0.057,cf=CFrame.new(5086.839,968.608,-983.248,-0.995,0.000,0.103,0.000,1.000,0.000,-0.103,0.000,-0.995),s="Running",v=Vector3.new(0.000,0.005,0.000)},
        {t=0.061,cf=CFrame.new(5086.839,968.608,-983.248,-0.995,0.000,0.103,0.000,1.000,0.000,-0.103,0.000,-0.995),s="Running",v=Vector3.new(0.000,0.005,0.000)},
        {t=0.066,cf=CFrame.new(5086.839,968.608,-983.248,-0.995,0.000,0.103,0.000,1.000,0.000,-0.103,0.000,-0.995),s="Running",v=Vector3.new(0.000,0.005,0.000)},
        {t=0.070,cf=CFrame.new(5086.839,968.608,-983.248,-0.995,0.000,0.103,0.000,1.000,0.000,-0.103,0.000,-0.995),s="Running",v=Vector3.new(0.000,0.005,0.000)},
        {t=0.075,cf=CFrame.new(5086.839,968.608,-983.248,-0.995,0.000,0.103,0.000,1.000,0.000,-0.103,0.000,-0.995),s="Running",v=Vector3.new(0.000,0.005,0.000)},
        {t=0.078,cf=CFrame.new(5086.839,968.608,-983.248,-0.995,0.000,0.103,0.000,1.000,0.000,-0.103,0.000,-0.995),s="Running",v=Vector3.new(0.000,0.005,0.000)},
        {t=0.082,cf=CFrame.new(5086.839,968.608,-983.248,-0.995,0.000,0.103,0.000,1.000,0.000,-0.103,0.000,-0.995),s="Running",v=Vector3.new(0.000,0.005,0.000)},
        {t=0.087,cf=CFrame.new(5086.839,968.608,-983.248,-0.995,0.000,0.103,0.000,1.000,0.000,-0.103,0.000,-0.995),s="Running",v=Vector3.new(0.000,0.005,0.000)},
        {t=0.091,cf=CFrame.new(5086.839,968.608,-983.248,-0.995,0.000,0.103,0.000,1.000,0.000,-0.103,0.000,-0.995),s="Running",v=Vector3.new(0.000,0.005,0.000)},
        {t=0.096,cf=CFrame.new(5086.839,968.608,-983.248,-0.995,0.000,0.103,0.000,1.000,0.000,-0.103,0.000,-0.995),s="Running",v=Vector3.new(0.000,0.005,0.000)},
        {t=0.100,cf=CFrame.new(5086.839,968.608,-983.248,-0.995,0.000,0.103,0.000,1.000,0.000,-0.103,0.000,-0.995),s="Running",v=Vector3.new(0.000,0.005,0.000)},
        {t=0.105,cf=CFrame.new(5086.839,968.608,-983.248,-0.995,0.000,0.103,0.000,1.000,0.000,-0.103,0.000,-0.995),s="Running",v=Vector3.new(0.000,0.005,0.000)},
        {t=0.109,cf=CFrame.new(5086.839,968.608,-983.248,-0.995,0.000,0.103,0.000,1.000,0.000,-0.103,0.000,-0.995),s="Running",v=Vector3.new(0.000,0.005,0.000)},
        {t=0.114,cf=CFrame.new(5086.839,968.608,-983.248,-0.995,0.000,0.103,0.000,1.000,0.000,-0.103,0.000,-0.995),s="Running",v=Vector3.new(0.000,0.005,0.000)},
        {t=0.121,cf=CFrame.new(5086.839,968.608,-983.248,-0.995,0.000,0.103,0.000,1.000,0.000,-0.103,0.000,-0.995),s="Running",v=Vector3.new(0.000,0.005,0.000)},
        {t=0.231,cf=CFrame.new(5086.839,968.608,-983.248,-0.995,0.000,0.103,0.000,1.000,0.000,-0.103,0.000,-0.995),s="Running",v=Vector3.new(0.000,0.005,-0.000)},
        {t=0.238,cf=CFrame.new(5086.839,968.608,-983.248,-0.995,0.000,0.103,0.000,1.000,0.000,-0.103,0.000,-0.995),s="Running",v=Vector3.new(0.000,0.005,-0.000)},
        {t=0.244,cf=CFrame.new(5086.839,968.608,-983.248,-0.995,0.000,0.103,0.000,1.000,0.000,-0.103,0.000,-0.995),s="Running",v=Vector3.new(0.000,0.005,-0.000)},
        {t=0.248,cf=CFrame.new(5086.839,968.608,-983.248,-0.995,0.000,0.103,0.000,1.000,0.000,-0.103,0.000,-0.995),s="Running",v=Vector3.new(-0.106,0.005,1.030)},
        {t=0.260,cf=CFrame.new(5086.838,968.608,-983.236,-0.995,0.000,0.102,0.000,1.000,0.000,-0.102,0.000,-0.995),s="Running",v=Vector3.new(-0.946,0.005,9.393)},
        {t=0.270,cf=CFrame.new(5086.832,968.608,-983.178,-0.995,0.000,0.100,0.000,1.000,0.000,-0.100,0.000,-0.995),s="Running",v=Vector3.new(-1.748,0.005,18.190)},
        {t=0.275,cf=CFrame.new(5086.821,968.608,-983.066,-0.995,0.000,0.099,0.000,1.000,0.000,-0.099,0.000,-0.995),s="Running",v=Vector3.new(-2.257,0.005,24.359)},
        {t=0.279,cf=CFrame.new(5086.812,968.608,-982.971,-0.995,0.000,0.098,0.000,1.000,0.000,-0.098,0.000,-0.995),s="Running",v=Vector3.new(-2.672,0.005,29.993)},
        {t=0.284,cf=CFrame.new(5086.801,968.608,-982.849,-0.995,0.000,0.096,0.000,1.000,0.000,-0.096,0.000,-0.995),s="Running",v=Vector3.new(-2.906,0.005,34.629)},
        {t=0.289,cf=CFrame.new(5086.789,968.608,-982.705,-0.996,0.000,0.093,0.000,1.000,0.000,-0.093,0.000,-0.996),s="Running",v=Vector3.new(-3.006,0.005,39.355)},
        {t=0.293,cf=CFrame.new(5086.767,968.608,-982.419,-0.996,0.000,0.090,0.000,1.000,0.000,-0.090,0.000,-0.996),s="Running",v=Vector3.new(-2.837,0.005,43.045)},
        {t=0.298,cf=CFrame.new(5086.755,968.608,-982.240,-0.996,0.000,0.087,0.000,1.000,0.000,-0.087,0.000,-0.996),s="Running",v=Vector3.new(-2.488,0.005,48.688)},
        {t=0.302,cf=CFrame.new(5086.745,968.608,-982.039,-0.997,0.000,0.082,0.000,1.000,0.000,-0.082,0.000,-0.997),s="Running",v=Vector3.new(-1.519,0.005,53.186)},
        {t=0.307,cf=CFrame.new(5086.739,968.608,-981.810,-0.997,0.000,0.077,0.000,1.000,0.000,-0.077,0.000,-0.997),s="Running",v=Vector3.new(-0.044,0.005,56.344)},
        {t=0.310,cf=CFrame.new(5086.738,968.608,-981.574,-0.997,0.000,0.072,0.000,1.000,0.000,-0.072,0.000,-0.997),s="Running",v=Vector3.new(0.809,0.005,57.706)},
        {t=0.315,cf=CFrame.new(5086.741,968.608,-981.334,-0.998,0.000,0.065,0.000,1.000,0.000,-0.065,0.000,-0.998),s="Running",v=Vector3.new(1.885,-0.524,58.093)},
        {t=0.319,cf=CFrame.new(5086.749,968.606,-981.089,-0.998,0.000,0.058,0.000,1.000,0.000,-0.058,0.000,-0.998),s="Running",v=Vector3.new(3.665,-1.924,58.203)},
        {t=0.323,cf=CFrame.new(5086.765,968.594,-980.836,-0.999,0.000,0.049,0.000,1.000,0.000,-0.049,0.000,-0.999),s="Running",v=Vector3.new(5.545,-4.188,58.161)},
        {t=0.327,cf=CFrame.new(5086.789,968.571,-980.586,-0.999,0.000,0.040,0.000,1.000,0.000,-0.040,0.000,-0.999),s="Running",v=Vector3.new(6.881,-5.802,58.051)},
        {t=0.333,cf=CFrame.new(5086.818,968.542,-980.327,-1.000,0.000,0.027,0.000,1.000,0.000,-0.027,0.000,-1.000),s="Running",v=Vector3.new(8.906,-7.462,57.771)},
        {t=0.337,cf=CFrame.new(5086.855,968.505,-980.082,-1.000,0.000,0.016,0.000,1.000,0.000,-0.016,0.000,-1.000),s="Running",v=Vector3.new(10.903,-8.575,57.131)},
        {t=0.341,cf=CFrame.new(5086.899,968.465,-979.840,-1.000,0.000,0.003,0.000,1.000,0.000,-0.003,0.000,-1.000),s="Running",v=Vector3.new(12.721,-9.500,56.685)},
        {t=0.346,cf=CFrame.new(5086.953,968.419,-979.591,-1.000,0.000,-0.013,0.000,1.000,0.000,0.013,0.000,-1.000),s="Running",v=Vector3.new(14.904,-10.445,56.125)},
        {t=0.350,cf=CFrame.new(5087.016,968.370,-979.341,-0.999,0.000,-0.032,0.000,1.000,0.000,0.032,0.000,-0.999),s="Running",v=Vector3.new(17.116,-2.816,55.484)},
        {t=0.355,cf=CFrame.new(5087.087,968.347,-979.099,-0.999,0.000,-0.050,0.000,1.000,0.000,0.050,0.000,-0.999),s="Running",v=Vector3.new(18.967,-1.199,54.880)},
        {t=0.359,cf=CFrame.new(5087.226,968.308,-978.684,-0.998,0.000,-0.069,0.000,1.000,0.000,0.069,0.000,-0.998),s="Running",v=Vector3.new(20.499,-1.188,52.814)},
        {t=0.363,cf=CFrame.new(5087.309,968.289,-978.463,-0.996,0.000,-0.087,0.000,1.000,0.000,0.087,0.000,-0.996),s="Running",v=Vector3.new(23.176,-11.182,52.846)},
        {t=0.367,cf=CFrame.new(5087.401,968.233,-978.243,-0.995,0.000,-0.104,0.000,1.000,0.000,0.104,0.000,-0.995),s="Running",v=Vector3.new(25.352,-13.978,52.127)},
        {t=0.372,cf=CFrame.new(5087.504,968.167,-978.022,-0.992,0.000,-0.125,0.000,1.000,0.000,0.125,0.000,-0.992),s="Running",v=Vector3.new(27.382,-9.979,51.177)},
        {t=0.377,cf=CFrame.new(5087.619,968.118,-977.798,-0.989,0.000,-0.149,0.000,1.000,0.000,0.149,0.000,-0.989),s="Running",v=Vector3.new(29.680,-5.037,49.891)},
        {t=0.381,cf=CFrame.new(5087.740,968.091,-977.586,-0.986,0.000,-0.168,0.000,1.000,0.000,0.168,0.000,-0.986),s="Running",v=Vector3.new(31.585,-2.021,48.720)},
        {t=0.385,cf=CFrame.new(5087.869,968.085,-977.379,-0.982,0.000,-0.187,0.000,1.000,0.000,0.187,0.000,-0.982),s="Running",v=Vector3.new(33.052,0.117,47.751)},
        {t=0.389,cf=CFrame.new(5088.004,968.085,-977.176,-0.978,0.000,-0.207,0.000,1.000,0.000,0.207,0.000,-0.978),s="Running",v=Vector3.new(34.641,0.912,46.609)},
        {t=0.393,cf=CFrame.new(5088.147,968.087,-976.976,-0.974,0.000,-0.228,0.000,1.000,0.000,0.228,0.000,-0.974),s="Running",v=Vector3.new(36.302,1.263,45.325)},
        {t=0.398,cf=CFrame.new(5088.297,968.089,-976.780,-0.968,0.000,-0.251,0.000,1.000,0.000,0.251,0.000,-0.968),s="Running",v=Vector3.new(37.734,1.366,44.147)},
        {t=0.402,cf=CFrame.new(5088.452,968.092,-976.593,-0.963,0.000,-0.270,0.000,1.000,0.000,0.270,0.000,-0.963),s="Running",v=Vector3.new(39.076,1.346,42.967)},
        {t=0.406,cf=CFrame.new(5088.614,968.095,-976.406,-0.956,0.000,-0.292,0.000,1.000,0.000,0.292,0.000,-0.956),s="Running",v=Vector3.new(40.398,1.258,41.730)},
        {t=0.410,cf=CFrame.new(5088.779,968.098,-976.227,-0.950,0.000,-0.313,0.000,1.000,0.000,0.313,0.000,-0.950),s="Running",v=Vector3.new(41.501,1.154,40.639)},
        {t=0.415,cf=CFrame.new(5088.955,968.100,-976.046,-0.941,0.000,-0.338,0.000,1.000,0.000,0.338,0.000,-0.941),s="Running",v=Vector3.new(42.782,1.015,39.286)},
        {t=0.419,cf=CFrame.new(5089.132,968.102,-975.875,-0.933,0.000,-0.360,0.000,1.000,0.000,0.360,0.000,-0.933),s="Running",v=Vector3.new(43.841,0.897,38.106)},
        {t=0.423,cf=CFrame.new(5089.315,968.103,-975.708,-0.924,0.000,-0.382,0.000,1.000,0.000,0.382,0.000,-0.924),s="Running",v=Vector3.new(44.924,0.778,36.822)},
        {t=0.429,cf=CFrame.new(5089.514,968.104,-975.534,-0.911,0.000,-0.412,0.000,1.000,0.000,0.412,0.000,-0.911),s="Running",v=Vector3.new(46.162,0.649,35.256)},
        {t=0.434,cf=CFrame.new(5089.864,968.106,-975.256,-0.898,0.000,-0.439,0.000,1.000,0.000,0.439,0.000,-0.898),s="Running",v=Vector3.new(46.118,0.501,32.962)},
        {t=0.440,cf=CFrame.new(5090.066,968.107,-975.102,-0.884,0.000,-0.467,0.000,1.000,0.000,0.467,0.000,-0.884),s="Running",v=Vector3.new(47.994,0.431,32.105)},
        {t=0.445,cf=CFrame.new(5090.274,968.108,-974.954,-0.871,0.000,-0.491,0.000,1.000,0.000,0.491,0.000,-0.871),s="Running",v=Vector3.new(49.062,0.361,30.953)},
        {t=0.450,cf=CFrame.new(5090.644,968.108,-974.711,-0.857,-0.000,-0.515,0.000,1.000,-0.000,0.515,0.000,-0.857),s="Running",v=Vector3.new(48.585,0.283,29.179)},
        {t=0.454,cf=CFrame.new(5090.841,968.109,-974.585,-0.847,-0.000,-0.532,0.000,1.000,-0.000,0.532,0.000,-0.847),s="Running",v=Vector3.new(50.004,0.260,28.890)},
        {t=0.457,cf=CFrame.new(5090.862,968.109,-974.567,-0.837,-0.000,-0.547,0.000,1.000,-0.000,0.547,0.000,-0.837),s="Running",v=Vector3.new(51.886,0.258,28.975)},
        {t=0.462,cf=CFrame.new(5091.083,968.106,-974.437,-0.825,-0.000,-0.565,0.000,1.000,-0.000,0.565,0.000,-0.825),s="Running",v=Vector3.new(51.472,0.026,27.674)},
        {t=0.466,cf=CFrame.new(5091.305,968.106,-974.309,-0.811,-0.000,-0.584,0.000,1.000,-0.000,0.584,0.000,-0.811),s="Running",v=Vector3.new(51.674,0.153,26.766)},
        {t=0.470,cf=CFrame.new(5091.523,968.107,-974.189,-0.800,-0.000,-0.600,0.000,1.000,-0.000,0.600,0.000,-0.800),s="Running",v=Vector3.new(51.969,0.150,26.057)},
        {t=0.474,cf=CFrame.new(5091.744,968.107,-974.071,-0.788,-0.000,-0.616,0.000,1.000,-0.000,0.616,0.000,-0.788),s="Running",v=Vector3.new(52.245,0.132,25.467)},
        {t=0.479,cf=CFrame.new(5091.966,968.107,-973.956,-0.775,-0.000,-0.631,0.000,1.000,-0.000,0.631,0.000,-0.775),s="Running",v=Vector3.new(52.491,0.113,24.950)},
        {t=0.483,cf=CFrame.new(5092.188,968.107,-973.843,-0.764,-0.000,-0.646,0.000,1.000,-0.000,0.646,0.000,-0.764),s="Running",v=Vector3.new(52.725,0.098,24.453)},
        {t=0.487,cf=CFrame.new(5092.411,968.108,-973.733,-0.751,-0.000,-0.660,0.000,1.000,-0.000,0.660,0.000,-0.751),s="Running",v=Vector3.new(52.937,0.084,23.991)},
        {t=0.491,cf=CFrame.new(5092.631,968.108,-973.627,-0.741,-0.000,-0.672,0.000,1.000,-0.000,0.672,0.000,-0.741),s="Running",v=Vector3.new(53.097,0.073,23.637)},
        {t=0.495,cf=CFrame.new(5092.855,968.108,-973.521,-0.728,-0.000,-0.685,0.000,1.000,-0.000,0.685,0.000,-0.728),s="Running",v=Vector3.new(53.250,0.062,23.290)},
        {t=0.499,cf=CFrame.new(5093.083,968.108,-973.414,-0.716,-0.000,-0.699,0.000,1.000,-0.000,0.699,0.000,-0.716),s="Running",v=Vector3.new(53.405,0.052,22.936)},
        {t=0.504,cf=CFrame.new(5093.312,968.108,-973.309,-0.703,-0.000,-0.711,0.000,1.000,-0.000,0.711,0.000,-0.703),s="Running",v=Vector3.new(53.529,0.044,22.646)},
        {t=0.508,cf=CFrame.new(5093.711,968.108,-973.135,-0.692,-0.000,-0.722,0.000,1.000,-0.000,0.722,0.000,-0.692),s="Running",v=Vector3.new(52.329,0.035,21.868)},
        {t=0.512,cf=CFrame.new(5093.734,968.108,-973.120,-0.682,-0.000,-0.731,0.000,1.000,-0.000,0.731,0.000,-0.682),s="Running",v=Vector3.new(54.672,0.035,22.651)},
        {t=0.516,cf=CFrame.new(5093.967,968.108,-973.017,-0.671,-0.000,-0.741,0.000,1.000,-0.000,0.741,0.000,-0.671),s="Running",v=Vector3.new(54.006,0.028,22.189)},
        {t=0.520,cf=CFrame.new(5094.195,968.108,-972.918,-0.661,-0.000,-0.750,0.000,1.000,-0.000,0.750,0.000,-0.661),s="Running",v=Vector3.new(53.867,0.023,22.007)},
        {t=0.524,cf=CFrame.new(5094.424,968.108,-972.819,-0.650,-0.000,-0.760,0.000,1.000,-0.000,0.760,0.000,-0.650),s="Running",v=Vector3.new(53.843,0.020,21.935)},
        {t=0.528,cf=CFrame.new(5094.655,968.109,-972.720,-0.640,-0.000,-0.769,0.000,1.000,-0.000,0.769,0.000,-0.640),s="Running",v=Vector3.new(53.841,0.016,21.908)},
        {t=0.533,cf=CFrame.new(5094.887,968.105,-972.620,-0.630,-0.000,-0.777,0.000,1.000,-0.000,0.777,0.000,-0.630),s="Running",v=Vector3.new(53.842,-0.189,21.898)},
        {t=0.537,cf=CFrame.new(5095.118,968.105,-972.522,-0.620,-0.000,-0.784,0.000,1.000,-0.000,0.784,0.000,-0.620),s="Running",v=Vector3.new(53.842,-0.006,21.894)},
        {t=0.541,cf=CFrame.new(5095.352,968.105,-972.422,-0.611,-0.000,-0.792,0.000,1.000,-0.000,0.792,0.000,-0.611),s="Running",v=Vector3.new(53.843,0.018,21.893)},
        {t=0.545,cf=CFrame.new(5095.583,968.106,-972.323,-0.602,-0.000,-0.798,0.000,1.000,-0.000,0.798,0.000,-0.602),s="Running",v=Vector3.new(53.843,0.019,21.892)},
        {t=0.549,cf=CFrame.new(5095.813,968.106,-972.226,-0.594,-0.000,-0.804,0.000,1.000,-0.000,0.804,0.000,-0.594),s="Running",v=Vector3.new(53.843,0.017,21.892)},
        {t=0.553,cf=CFrame.new(5096.046,968.106,-972.127,-0.586,-0.000,-0.811,0.000,1.000,-0.000,0.811,0.000,-0.586),s="Running",v=Vector3.new(53.843,0.015,21.892)},
        {t=0.557,cf=CFrame.new(5096.270,968.106,-972.032,-0.578,-0.000,-0.816,0.000,1.000,-0.000,0.816,0.000,-0.578),s="Running",v=Vector3.new(53.843,0.013,21.892)},
        {t=0.561,cf=CFrame.new(5096.491,968.107,-971.939,-0.571,-0.000,-0.821,0.000,1.000,-0.000,0.821,0.000,-0.571),s="Running",v=Vector3.new(53.843,0.012,21.892)},
        {t=0.566,cf=CFrame.new(5096.722,968.107,-971.841,-0.563,-0.000,-0.826,0.000,1.000,-0.000,0.826,0.000,-0.563),s="Running",v=Vector3.new(53.843,0.011,21.892)},
        {t=0.569,cf=CFrame.new(5096.950,968.107,-971.745,-0.557,-0.000,-0.831,0.000,1.000,-0.000,0.831,0.000,-0.557),s="Running",v=Vector3.new(53.854,0.011,21.865)},
        {t=0.574,cf=CFrame.new(5097.183,968.107,-971.648,-0.550,-0.000,-0.835,0.000,1.000,-0.000,0.835,0.000,-0.550),s="Running",v=Vector3.new(53.868,0.010,21.829)},
        {t=0.579,cf=CFrame.new(5097.425,968.107,-971.545,-0.541,-0.000,-0.841,0.000,1.000,-0.000,0.841,0.000,-0.541),s="Running",v=Vector3.new(53.891,0.009,21.773)},
        {t=0.583,cf=CFrame.new(5097.657,968.107,-971.449,-0.534,-0.000,-0.845,0.000,1.000,-0.000,0.845,0.000,-0.534),s="Running",v=Vector3.new(53.919,0.009,21.705)},
        {t=0.587,cf=CFrame.new(5097.886,968.107,-971.354,-0.529,-0.000,-0.849,0.000,1.000,-0.000,0.849,0.000,-0.529),s="Running",v=Vector3.new(53.949,0.008,21.629)},
        {t=0.591,cf=CFrame.new(5098.116,968.108,-971.259,-0.523,-0.000,-0.853,0.000,1.000,-0.000,0.853,0.000,-0.523),s="Running",v=Vector3.new(53.995,0.008,21.513)},
        {t=0.595,cf=CFrame.new(5098.348,968.108,-971.164,-0.517,-0.000,-0.856,0.000,1.000,-0.000,0.856,0.000,-0.517),s="Running",v=Vector3.new(54.056,0.008,21.359)},
        {t=0.599,cf=CFrame.new(5098.578,968.108,-971.071,-0.511,-0.000,-0.860,0.000,1.000,-0.000,0.860,0.000,-0.511),s="Running",v=Vector3.new(54.120,0.007,21.197)},
        {t=0.604,cf=CFrame.new(5098.817,968.108,-970.974,-0.503,-0.000,-0.864,0.000,1.000,-0.000,0.864,0.000,-0.503),s="Running",v=Vector3.new(54.198,0.007,20.996)},
        {t=0.607,cf=CFrame.new(5099.045,968.108,-970.883,-0.498,-0.000,-0.867,0.000,1.000,-0.000,0.867,0.000,-0.498),s="Running",v=Vector3.new(54.262,0.007,20.831)},
        {t=0.612,cf=CFrame.new(5099.280,968.108,-970.791,-0.492,-0.000,-0.871,0.000,1.000,-0.000,0.871,0.000,-0.492),s="Running",v=Vector3.new(54.347,0.007,20.608)},
        {t=0.615,cf=CFrame.new(5099.510,968.108,-970.701,-0.486,-0.000,-0.874,0.000,1.000,-0.000,0.874,0.000,-0.486),s="Running",v=Vector3.new(54.437,0.007,20.369)},
        {t=0.619,cf=CFrame.new(5099.738,968.108,-970.614,-0.482,-0.000,-0.876,0.000,1.000,-0.000,0.876,0.000,-0.482),s="Running",v=Vector3.new(54.516,0.006,20.154)},
        {t=0.624,cf=CFrame.new(5099.977,968.108,-970.522,-0.475,-0.000,-0.880,0.000,1.000,-0.000,0.880,0.000,-0.475),s="Running",v=Vector3.new(54.613,0.006,19.889)},
        {t=0.628,cf=CFrame.new(5100.208,968.108,-970.436,-0.469,-0.000,-0.883,0.000,1.000,-0.000,0.883,0.000,-0.469),s="Running",v=Vector3.new(54.710,0.006,19.622)},
        {t=0.633,cf=CFrame.new(5100.447,968.108,-970.348,-0.463,-0.000,-0.887,0.000,1.000,-0.000,0.887,0.000,-0.463),s="Running",v=Vector3.new(54.823,0.006,19.302)},
        {t=0.636,cf=CFrame.new(5100.675,968.108,-970.265,-0.458,-0.000,-0.889,0.000,1.000,-0.000,0.889,0.000,-0.458),s="Running",v=Vector3.new(54.911,0.005,19.053)},
        {t=0.640,cf=CFrame.new(5100.913,968.108,-970.180,-0.452,-0.000,-0.892,0.000,1.000,-0.000,0.892,0.000,-0.452),s="Running",v=Vector3.new(55.027,0.005,18.713)},
        {t=0.646,cf=CFrame.new(5101.333,968.108,-970.034,-0.445,-0.000,-0.896,0.000,1.000,-0.000,0.896,0.000,-0.445),s="Running",v=Vector3.new(53.803,0.006,17.939)},
        {t=0.649,cf=CFrame.new(5101.355,968.108,-970.025,-0.440,-0.000,-0.898,0.000,1.000,-0.000,0.898,0.000,-0.440),s="Running",v=Vector3.new(56.206,0.005,18.517)},
        {t=0.653,cf=CFrame.new(5101.592,968.108,-969.945,-0.435,-0.000,-0.900,0.000,1.000,-0.000,0.900,0.000,-0.435),s="Running",v=Vector3.new(55.530,0.005,18.039)},
        {t=0.657,cf=CFrame.new(5101.835,968.108,-969.863,-0.429,-0.000,-0.903,0.000,1.000,-0.000,0.903,0.000,-0.429),s="Running",v=Vector3.new(55.444,0.005,17.658)},
        {t=0.661,cf=CFrame.new(5102.071,968.108,-969.786,-0.424,-0.000,-0.906,0.000,1.000,-0.000,0.906,0.000,-0.424),s="Running",v=Vector3.new(55.480,0.005,17.382)},
        {t=0.665,cf=CFrame.new(5102.303,968.108,-969.711,-0.419,-0.000,-0.908,0.000,1.000,-0.000,0.908,0.000,-0.419),s="Running",v=Vector3.new(55.531,0.005,17.178)},
        {t=0.670,cf=CFrame.new(5102.546,968.108,-969.634,-0.413,-0.000,-0.911,0.000,1.000,-0.000,0.911,0.000,-0.413),s="Running",v=Vector3.new(55.605,0.005,16.925)},
        {t=0.674,cf=CFrame.new(5102.781,968.108,-969.560,-0.408,-0.000,-0.913,0.000,1.000,-0.000,0.913,0.000,-0.408),s="Running",v=Vector3.new(55.674,0.005,16.695)},
        {t=0.677,cf=CFrame.new(5103.014,968.108,-969.488,-0.403,-0.000,-0.915,0.000,1.000,-0.000,0.915,0.000,-0.403),s="Running",v=Vector3.new(55.730,0.005,16.505)},
        {t=0.682,cf=CFrame.new(5103.249,968.108,-969.417,-0.398,-0.000,-0.917,0.000,1.000,-0.000,0.917,0.000,-0.398),s="Running",v=Vector3.new(55.785,0.005,16.319)},
        {t=0.687,cf=CFrame.new(5103.498,968.108,-969.341,-0.392,-0.000,-0.920,0.000,1.000,-0.000,0.920,0.000,-0.392),s="Running",v=Vector3.new(55.858,0.005,16.068)},
        {t=0.691,cf=CFrame.new(5103.731,968.108,-969.272,-0.388,-0.000,-0.922,0.000,1.000,-0.000,0.922,0.000,-0.388),s="Running",v=Vector3.new(55.910,0.005,15.886)},
        {t=0.694,cf=CFrame.new(5103.966,968.108,-969.204,-0.383,-0.000,-0.924,0.000,1.000,-0.000,0.924,0.000,-0.383),s="Running",v=Vector3.new(55.959,0.005,15.712)},
        {t=0.698,cf=CFrame.new(5104.199,968.108,-969.136,-0.379,-0.000,-0.926,0.000,1.000,-0.000,0.926,0.000,-0.379),s="Running",v=Vector3.new(56.007,0.005,15.540)},
        {t=0.703,cf=CFrame.new(5104.442,968.108,-969.066,-0.373,-0.000,-0.928,0.000,1.000,-0.000,0.928,0.000,-0.373),s="Running",v=Vector3.new(56.078,0.005,15.280)},
        {t=0.707,cf=CFrame.new(5104.675,968.108,-969.001,-0.369,-0.000,-0.930,0.000,1.000,-0.000,0.930,0.000,-0.369),s="Running",v=Vector3.new(56.129,0.005,15.092)},
        {t=0.712,cf=CFrame.new(5104.922,968.108,-968.932,-0.362,-0.000,-0.932,0.000,1.000,-0.000,0.932,0.000,-0.362),s="Running",v=Vector3.new(56.196,0.005,14.841)},
        {t=0.716,cf=CFrame.new(5105.162,968.108,-968.867,-0.357,-0.000,-0.934,0.000,1.000,-0.000,0.934,0.000,-0.357),s="Running",v=Vector3.new(56.264,0.005,14.580)},
        {t=0.720,cf=CFrame.new(5105.397,968.108,-968.805,-0.353,-0.000,-0.935,0.000,1.000,-0.000,0.935,0.000,-0.353),s="Running",v=Vector3.new(56.319,0.005,14.367)},
        {t=0.724,cf=CFrame.new(5105.633,968.108,-968.743,-0.349,-0.000,-0.937,0.000,1.000,-0.000,0.937,0.000,-0.349),s="Running",v=Vector3.new(56.375,0.005,14.148)},
        {t=0.728,cf=CFrame.new(5105.868,968.108,-968.682,-0.345,-0.000,-0.939,0.000,1.000,-0.000,0.939,0.000,-0.345),s="Running",v=Vector3.new(56.426,0.005,13.942)},
        {t=0.733,cf=CFrame.new(5106.117,968.108,-968.618,-0.338,-0.000,-0.941,0.000,1.000,-0.000,0.941,0.000,-0.338),s="Running",v=Vector3.new(56.511,0.005,13.592)},
        {t=0.737,cf=CFrame.new(5106.355,968.108,-968.559,-0.334,-0.000,-0.943,0.000,1.000,-0.000,0.943,0.000,-0.334),s="Running",v=Vector3.new(56.580,0.005,13.302)},
        {t=0.741,cf=CFrame.new(5106.602,968.108,-968.500,-0.329,-0.000,-0.944,0.000,1.000,-0.000,0.944,0.000,-0.329),s="Running",v=Vector3.new(56.662,0.005,12.948)},
        {t=0.746,cf=CFrame.new(5106.855,968.108,-968.440,-0.323,-0.000,-0.946,0.000,1.000,-0.000,0.946,0.000,-0.323),s="Running",v=Vector3.new(56.737,0.005,12.613)},
        {t=0.750,cf=CFrame.new(5107.282,968.108,-968.343,-0.319,-0.000,-0.948,0.000,1.000,-0.000,0.948,0.000,-0.319),s="Running",v=Vector3.new(55.426,0.005,12.020)},
        {t=0.754,cf=CFrame.new(5107.518,968.108,-968.290,-0.314,-0.000,-0.950,0.000,1.000,-0.000,0.950,0.000,-0.314),s="Running",v=Vector3.new(56.532,0.005,11.896)},
        {t=0.757,cf=CFrame.new(5107.542,968.108,-968.284,-0.310,-0.000,-0.951,0.000,1.000,-0.000,0.951,0.000,-0.310),s="Running",v=Vector3.new(58.230,0.005,11.937)},
        {t=0.763,cf=CFrame.new(5107.806,968.108,-968.227,-0.303,-0.000,-0.953,0.000,1.000,-0.000,0.953,0.000,-0.303),s="Running",v=Vector3.new(57.357,0.005,11.255)},
        {t=0.767,cf=CFrame.new(5108.054,968.108,-968.176,-0.298,-0.000,-0.955,0.000,1.000,-0.000,0.955,0.000,-0.298),s="Running",v=Vector3.new(57.199,0.005,10.763)},
        {t=0.770,cf=CFrame.new(5108.297,968.108,-968.129,-0.293,-0.000,-0.956,0.000,1.000,-0.000,0.956,0.000,-0.293),s="Running",v=Vector3.new(57.216,0.005,10.331)},
        {t=0.774,cf=CFrame.new(5108.540,968.108,-968.083,-0.288,-0.000,-0.958,0.000,1.000,-0.000,0.958,0.000,-0.288),s="Running",v=Vector3.new(57.272,0.005,9.923)},
        {t=0.778,cf=CFrame.new(5108.782,968.108,-968.039,-0.282,-0.000,-0.959,0.000,1.000,-0.000,0.959,0.000,-0.282),s="Running",v=Vector3.new(57.335,0.005,9.531)},
        {t=0.782,cf=CFrame.new(5109.026,968.108,-967.996,-0.276,-0.000,-0.961,0.000,1.000,-0.000,0.961,0.000,-0.276),s="Running",v=Vector3.new(57.419,0.005,9.005)},
        {t=0.786,cf=CFrame.new(5109.267,968.108,-967.956,-0.271,-0.000,-0.963,0.000,1.000,-0.000,0.963,0.000,-0.271),s="Running",v=Vector3.new(57.498,0.005,8.477)},
        {t=0.790,cf=CFrame.new(5109.513,968.108,-967.918,-0.265,-0.000,-0.964,0.000,1.000,-0.000,0.964,0.000,-0.265),s="Running",v=Vector3.new(57.594,0.005,7.791)},
        {t=0.794,cf=CFrame.new(5109.761,968.108,-967.882,-0.258,-0.000,-0.966,0.000,1.000,-0.000,0.966,0.000,-0.258),s="Running",v=Vector3.new(57.643,0.005,7.440)},
        {t=0.800,cf=CFrame.new(5110.204,968.108,-967.822,-0.249,-0.000,-0.968,0.000,1.000,-0.000,0.968,0.000,-0.249),s="Running",v=Vector3.new(56.346,0.005,6.418)},
        {t=0.804,cf=CFrame.new(5110.446,968.108,-967.793,-0.242,-0.000,-0.970,0.000,1.000,-0.000,0.970,0.000,-0.242),s="Running",v=Vector3.new(57.487,0.005,5.671)},
        {t=0.808,cf=CFrame.new(5110.693,968.108,-967.766,-0.235,-0.000,-0.972,0.000,1.000,-0.000,0.972,0.000,-0.235),s="Running",v=Vector3.new(57.810,0.005,5.060)},
        {t=0.813,cf=CFrame.new(5110.728,968.108,-967.761,-0.229,-0.000,-0.973,0.000,1.000,-0.000,0.973,0.000,-0.229),s="Running",v=Vector3.new(59.329,0.005,4.555)},
        {t=0.816,cf=CFrame.new(5110.994,968.108,-967.737,-0.221,-0.000,-0.975,0.000,1.000,-0.000,0.975,0.000,-0.221),s="Running",v=Vector3.new(58.342,0.005,3.771)},
        {t=0.820,cf=CFrame.new(5111.248,968.108,-967.718,-0.213,-0.000,-0.977,0.000,1.000,-0.000,0.977,0.000,-0.213),s="Running",v=Vector3.new(58.122,0.005,3.079)},
        {t=0.824,cf=CFrame.new(5111.502,968.108,-967.702,-0.206,-0.000,-0.979,0.000,1.000,-0.000,0.979,0.000,-0.206),s="Running",v=Vector3.new(58.091,0.005,2.340)},
        {t=0.828,cf=CFrame.new(5111.751,968.108,-967.689,-0.199,-0.000,-0.980,0.000,1.000,-0.000,0.980,0.000,-0.199),s="Running",v=Vector3.new(58.097,0.005,1.676)},
        {t=0.833,cf=CFrame.new(5112.010,968.108,-967.678,-0.190,-0.000,-0.982,0.000,1.000,-0.000,0.982,0.000,-0.190),s="Running",v=Vector3.new(58.110,0.005,0.997)},
        {t=0.836,cf=CFrame.new(5112.259,968.108,-967.671,-0.182,-0.000,-0.983,0.000,1.000,-0.000,0.983,0.000,-0.182),s="Running",v=Vector3.new(58.116,0.005,0.448)},
        {t=0.840,cf=CFrame.new(5112.506,968.108,-967.666,-0.175,-0.000,-0.985,0.000,1.000,-0.000,0.985,0.000,-0.175),s="Running",v=Vector3.new(58.119,0.005,-0.086)},
        {t=0.845,cf=CFrame.new(5112.768,968.108,-967.662,-0.166,-0.000,-0.986,0.000,1.000,-0.000,0.986,0.000,-0.166),s="Running",v=Vector3.new(58.116,0.005,-0.656)},
        {t=0.849,cf=CFrame.new(5113.018,968.108,-967.662,-0.158,-0.000,-0.987,0.000,1.000,-0.000,0.987,0.000,-0.158),s="Running",v=Vector3.new(58.112,0.005,-1.035)},
        {t=0.853,cf=CFrame.new(5113.267,968.108,-967.663,-0.151,-0.000,-0.988,0.000,1.000,-0.000,0.988,0.000,-0.151),s="Running",v=Vector3.new(58.107,0.005,-1.308)},
        {t=0.857,cf=CFrame.new(5113.514,968.108,-967.666,-0.145,-0.000,-0.989,0.000,1.000,-0.000,0.989,0.000,-0.145),s="Running",v=Vector3.new(58.103,0.005,-1.488)},
        {t=0.862,cf=CFrame.new(5113.772,968.108,-967.668,-0.136,-0.000,-0.991,0.000,1.000,-0.000,0.991,0.000,-0.136),s="Running",v=Vector3.new(58.100,0.005,-1.642)},
        {t=0.866,cf=CFrame.new(5114.026,968.108,-967.672,-0.129,-0.000,-0.992,0.000,1.000,-0.000,0.992,0.000,-0.129),s="Running",v=Vector3.new(58.097,0.005,-1.740)},
        {t=0.869,cf=CFrame.new(5114.269,968.108,-967.676,-0.124,-0.000,-0.992,0.000,1.000,-0.000,0.992,0.000,-0.124),s="Running",v=Vector3.new(58.096,0.005,-1.782)},
        {t=0.874,cf=CFrame.new(5114.522,968.108,-967.681,-0.117,-0.000,-0.993,0.000,1.000,-0.000,0.993,0.000,-0.117),s="Running",v=Vector3.new(58.095,0.005,-1.804)},
        {t=0.879,cf=CFrame.new(5114.779,968.108,-967.685,-0.110,-0.000,-0.994,0.000,1.000,-0.000,0.994,0.000,-0.110),s="Running",v=Vector3.new(58.095,0.005,-1.813)},
        {t=0.883,cf=CFrame.new(5115.026,968.108,-967.690,-0.104,-0.000,-0.995,0.000,1.000,-0.000,0.995,0.000,-0.104),s="Running",v=Vector3.new(58.095,0.005,-1.816)},
        {t=0.887,cf=CFrame.new(5115.271,968.108,-967.695,-0.099,-0.000,-0.995,0.000,1.000,-0.000,0.995,0.000,-0.099),s="Running",v=Vector3.new(58.095,0.005,-1.817)},
        {t=0.890,cf=CFrame.new(5115.512,968.108,-967.701,-0.095,-0.000,-0.995,0.000,1.000,-0.000,0.995,0.000,-0.095),s="Running",v=Vector3.new(58.095,0.005,-1.818)},
        {t=0.895,cf=CFrame.new(5115.763,968.108,-967.705,-0.089,-0.000,-0.996,0.000,1.000,-0.000,0.996,0.000,-0.089),s="Running",v=Vector3.new(58.095,0.005,-1.818)},
        {t=0.898,cf=CFrame.new(5116.008,968.108,-967.711,-0.085,-0.000,-0.996,0.000,1.000,-0.000,0.996,0.000,-0.085),s="Running",v=Vector3.new(58.095,0.005,-1.818)},
        {t=0.903,cf=CFrame.new(5116.270,968.108,-967.716,-0.079,-0.000,-0.997,0.000,1.000,-0.000,0.997,0.000,-0.079),s="Running",v=Vector3.new(58.095,0.005,-1.818)},
        {t=0.908,cf=CFrame.new(5116.524,968.108,-967.722,-0.074,-0.000,-0.997,0.000,1.000,-0.000,0.997,0.000,-0.074),s="Running",v=Vector3.new(58.095,0.005,-1.818)},
        {t=0.911,cf=CFrame.new(5116.765,968.108,-967.728,-0.071,-0.000,-0.997,0.000,1.000,-0.000,0.997,0.000,-0.071),s="Running",v=Vector3.new(58.095,0.005,-1.818)},
        {t=0.916,cf=CFrame.new(5117.020,968.108,-967.733,-0.066,-0.000,-0.998,0.000,1.000,-0.000,0.998,0.000,-0.066),s="Running",v=Vector3.new(58.095,0.005,-1.818)},
        {t=0.919,cf=CFrame.new(5117.258,968.108,-967.739,-0.063,-0.000,-0.998,0.000,1.000,-0.000,0.998,0.000,-0.063),s="Running",v=Vector3.new(58.095,0.005,-1.818)},
        {t=0.925,cf=CFrame.new(5117.520,968.108,-967.745,-0.058,-0.000,-0.998,0.000,1.000,-0.000,0.998,0.000,-0.058),s="Running",v=Vector3.new(58.095,0.005,-1.818)},
        {t=0.928,cf=CFrame.new(5117.763,968.108,-967.751,-0.055,-0.000,-0.998,0.000,1.000,-0.000,0.998,0.000,-0.055),s="Running",v=Vector3.new(58.095,0.005,-1.818)},
        {t=0.932,cf=CFrame.new(5118.014,968.108,-967.757,-0.051,-0.000,-0.999,0.000,1.000,-0.000,0.999,0.000,-0.051),s="Running",v=Vector3.new(58.095,0.005,-1.818)},
        {t=0.936,cf=CFrame.new(5118.255,968.108,-967.763,-0.049,-0.000,-0.999,0.000,1.000,-0.000,0.999,0.000,-0.049),s="Running",v=Vector3.new(58.095,0.005,-1.818)},
        {t=0.941,cf=CFrame.new(5118.509,968.108,-967.769,-0.045,-0.000,-0.999,0.000,1.000,-0.000,0.999,0.000,-0.045),s="Running",v=Vector3.new(58.095,0.005,-1.818)},
        {t=0.946,cf=CFrame.new(5118.767,968.108,-967.775,-0.041,-0.000,-0.999,0.000,1.000,-0.000,0.999,0.000,-0.041),s="Running",v=Vector3.new(58.095,0.005,-1.818)},
        {t=0.949,cf=CFrame.new(5119.009,968.108,-967.782,-0.039,-0.000,-0.999,0.000,1.000,-0.000,0.999,0.000,-0.039),s="Running",v=Vector3.new(58.095,0.005,-1.818)},
        {t=0.954,cf=CFrame.new(5119.262,968.108,-967.788,-0.036,-0.000,-0.999,0.000,1.000,-0.000,0.999,0.000,-0.036),s="Running",v=Vector3.new(58.095,0.005,-1.818)},
        {t=0.957,cf=CFrame.new(5119.502,968.108,-967.794,-0.034,-0.000,-0.999,0.000,1.000,-0.000,0.999,0.000,-0.034),s="Running",v=Vector3.new(58.095,0.005,-1.818)},
        {t=0.961,cf=CFrame.new(5119.755,968.108,-967.801,-0.030,-0.000,-1.000,0.000,1.000,-0.000,1.000,0.000,-0.030),s="Running",v=Vector3.new(58.095,0.005,-1.818)},
        {t=0.966,cf=CFrame.new(5120.010,968.108,-967.807,-0.028,-0.000,-1.000,0.000,1.000,-0.000,1.000,0.000,-0.028),s="Running",v=Vector3.new(58.095,0.005,-1.818)},
        {t=0.971,cf=CFrame.new(5120.457,968.108,-967.820,-0.025,-0.000,-1.000,0.000,1.000,-0.000,1.000,0.000,-0.025),s="Running",v=Vector3.new(56.688,0.005,-1.774)},
        {t=0.979,cf=CFrame.new(5120.728,968.108,-967.826,-0.021,-0.000,-1.000,0.000,1.000,-0.000,1.000,0.000,-0.021),s="Running",v=Vector3.new(57.743,0.005,-1.807)},
        {t=0.984,cf=CFrame.new(5120.986,968.108,-967.833,-0.018,-0.000,-1.000,0.000,1.000,-0.000,1.000,0.000,-0.018),s="Running",v=Vector3.new(58.007,0.005,-1.816)},
        {t=0.991,cf=CFrame.new(5121.457,968.108,-967.846,-0.015,-0.000,-1.000,0.000,1.000,-0.000,1.000,0.000,-0.015),s="Running",v=Vector3.new(56.666,0.005,-1.774)},
        {t=0.995,cf=CFrame.new(5121.707,968.108,-967.853,-0.013,-0.000,-1.000,0.000,1.000,-0.000,1.000,0.000,-0.013),s="Running",v=Vector3.new(57.738,0.005,-1.807)},
        {t=0.999,cf=CFrame.new(5121.955,968.108,-967.860,-0.011,-0.000,-1.000,0.000,1.000,-0.000,1.000,0.000,-0.011),s="Running",v=Vector3.new(58.006,0.005,-1.816)},
        {t=1.004,cf=CFrame.new(5122.210,968.108,-967.867,-0.009,-0.000,-1.000,0.000,1.000,-0.000,1.000,0.000,-0.009),s="Running",v=Vector3.new(58.073,0.005,-1.818)},
        {t=1.008,cf=CFrame.new(5122.459,968.108,-967.874,-0.008,-0.000,-1.000,0.000,1.000,-0.000,1.000,0.000,-0.008),s="Running",v=Vector3.new(58.089,0.005,-1.818)},
        {t=1.012,cf=CFrame.new(5122.708,968.108,-967.881,-0.006,-0.000,-1.000,0.000,1.000,-0.000,1.000,0.000,-0.006),s="Running",v=Vector3.new(58.094,0.005,-1.818)},
        {t=1.016,cf=CFrame.new(5122.966,968.108,-967.888,-0.004,-0.000,-1.000,0.000,1.000,-0.000,1.000,0.000,-0.004),s="Running",v=Vector3.new(58.095,0.005,-1.818)},
        {t=1.021,cf=CFrame.new(5123.217,968.108,-967.895,-0.003,-0.000,-1.000,0.000,1.000,-0.000,1.000,0.000,-0.003),s="Running",v=Vector3.new(58.095,0.005,-1.818)},
        {t=1.025,cf=CFrame.new(5123.469,968.108,-967.902,-0.002,-0.000,-1.000,0.000,1.000,-0.000,1.000,0.000,-0.002),s="Running",v=Vector3.new(58.095,0.005,-1.818)},
        {t=1.029,cf=CFrame.new(5123.717,968.108,-967.910,-0.000,-0.000,-1.000,0.000,1.000,-0.000,1.000,0.000,-0.000),s="Running",v=Vector3.new(58.095,0.005,-1.818)},
        {t=1.033,cf=CFrame.new(5123.976,968.108,-967.917,0.001,-0.000,-1.000,0.000,1.000,-0.000,1.000,0.000,0.001),s="Running",v=Vector3.new(58.095,0.005,-1.818)},
        {t=1.038,cf=CFrame.new(5124.232,968.108,-967.924,0.002,-0.000,-1.000,0.000,1.000,-0.000,1.000,0.000,0.002),s="Running",v=Vector3.new(58.095,0.005,-1.818)},
        {t=1.042,cf=CFrame.new(5124.481,968.108,-967.932,0.003,-0.000,-1.000,0.000,1.000,-0.000,1.000,0.000,0.003),s="Running",v=Vector3.new(58.095,0.005,-1.818)},
        {t=1.046,cf=CFrame.new(5124.922,968.108,-967.945,0.005,-0.000,-1.000,0.000,1.000,-0.000,1.000,0.000,0.005),s="Running",v=Vector3.new(56.688,0.005,-1.774)},
        {t=1.051,cf=CFrame.new(5125.168,968.108,-967.952,0.006,-0.000,-1.000,0.000,1.000,-0.000,1.000,0.000,0.006),s="Running",v=Vector3.new(57.743,0.005,-1.807)},
        {t=1.055,cf=CFrame.new(5125.413,968.108,-967.959,0.007,-0.000,-1.000,0.000,1.000,-0.000,1.000,0.000,0.007),s="Running",v=Vector3.new(58.007,0.005,-1.816)},
        {t=1.059,cf=CFrame.new(5125.655,968.108,-967.966,0.008,-0.000,-1.000,0.000,1.000,-0.000,1.000,0.000,0.008),s="Running",v=Vector3.new(58.073,0.005,-1.818)},
        {t=1.064,cf=CFrame.new(5125.906,968.108,-967.973,0.009,-0.000,-1.000,0.000,1.000,-0.000,1.000,0.000,0.009),s="Running",v=Vector3.new(58.090,0.005,-1.818)},
        {t=1.068,cf=CFrame.new(5126.154,968.108,-967.981,0.010,-0.000,-1.000,0.000,1.000,-0.000,1.000,0.000,0.010),s="Running",v=Vector3.new(58.094,0.005,-1.818)},
        {t=1.072,cf=CFrame.new(5126.401,968.108,-967.988,0.011,-0.000,-1.000,0.000,1.000,-0.000,1.000,0.000,0.011),s="Running",v=Vector3.new(58.095,0.005,-1.818)},
        {t=1.076,cf=CFrame.new(5126.650,968.108,-967.995,0.012,-0.000,-1.000,0.000,1.000,-0.000,1.000,0.000,0.012),s="Running",v=Vector3.new(58.095,0.005,-1.818)},
        {t=1.081,cf=CFrame.new(5126.908,968.108,-968.003,0.013,-0.000,-1.000,0.000,1.000,-0.000,1.000,0.000,0.013),s="Running",v=Vector3.new(58.095,0.005,-1.818)},
        {t=1.085,cf=CFrame.new(5127.161,968.108,-968.010,0.013,-0.000,-1.000,0.000,1.000,-0.000,1.000,0.000,0.013),s="Running",v=Vector3.new(58.095,0.005,-1.818)},
        {t=1.090,cf=CFrame.new(5127.419,968.108,-968.018,0.014,-0.000,-1.000,0.000,1.000,-0.000,1.000,0.000,0.014),s="Running",v=Vector3.new(58.095,0.005,-1.818)},
        {t=1.095,cf=CFrame.new(5127.672,968.108,-968.026,0.015,-0.000,-1.000,0.000,1.000,-0.000,1.000,0.000,0.015),s="Running",v=Vector3.new(58.095,0.005,-1.818)},
        {t=1.099,cf=CFrame.new(5127.922,968.108,-968.033,0.016,-0.000,-1.000,0.000,1.000,-0.000,1.000,0.000,0.016),s="Running",v=Vector3.new(58.095,0.005,-1.818)},
        {t=1.103,cf=CFrame.new(5128.181,968.108,-968.041,0.016,-0.000,-1.000,0.000,1.000,-0.000,1.000,0.000,0.016),s="Running",v=Vector3.new(58.095,0.005,-1.818)},
        {t=1.107,cf=CFrame.new(5128.432,968.108,-968.048,0.017,-0.000,-1.000,0.000,1.000,-0.000,1.000,0.000,0.017),s="Running",v=Vector3.new(58.095,0.005,-1.818)},
        {t=1.112,cf=CFrame.new(5128.684,968.108,-968.056,0.018,-0.000,-1.000,0.000,1.000,-0.000,1.000,0.000,0.018),s="Running",v=Vector3.new(58.095,0.005,-1.818)},
        {t=1.119,cf=CFrame.new(5129.149,968.108,-968.070,0.018,-0.000,-1.000,0.000,1.000,-0.000,1.000,0.000,0.018),s="Running",v=Vector3.new(56.688,0.005,-1.774)},
        {t=1.123,cf=CFrame.new(5129.397,968.108,-968.077,0.019,-0.000,-1.000,0.000,1.000,-0.000,1.000,0.000,0.019),s="Running",v=Vector3.new(57.743,0.005,-1.807)},
        {t=1.127,cf=CFrame.new(5129.641,968.108,-968.085,0.019,-0.000,-1.000,0.000,1.000,-0.000,1.000,0.000,0.019),s="Running",v=Vector3.new(58.007,0.005,-1.816)},
        {t=1.131,cf=CFrame.new(5129.897,968.108,-968.092,0.020,-0.000,-1.000,0.000,1.000,-0.000,1.000,0.000,0.020),s="Running",v=Vector3.new(58.073,0.005,-1.818)},
        {t=1.135,cf=CFrame.new(5130.149,968.108,-968.100,0.020,-0.000,-1.000,0.000,1.000,-0.000,1.000,0.000,0.020),s="Running",v=Vector3.new(58.090,0.005,-1.818)},
        {t=1.139,cf=CFrame.new(5130.396,968.108,-968.108,0.021,-0.000,-1.000,0.000,1.000,-0.000,1.000,0.000,0.021),s="Running",v=Vector3.new(58.094,0.005,-1.818)},
        {t=1.143,cf=CFrame.new(5130.656,968.108,-968.115,0.021,-0.000,-1.000,0.000,1.000,-0.000,1.000,0.000,0.021),s="Running",v=Vector3.new(58.095,0.005,-1.818)},
        {t=1.149,cf=CFrame.new(5130.920,968.108,-968.123,0.022,-0.000,-1.000,0.000,1.000,-0.000,1.000,0.000,0.022),s="Running",v=Vector3.new(58.095,0.005,-1.818)},
        {t=1.153,cf=CFrame.new(5131.177,968.108,-968.131,0.022,-0.000,-1.000,0.000,1.000,-0.000,1.000,0.000,0.022),s="Running",v=Vector3.new(58.095,0.005,-1.818)},
        {t=1.157,cf=CFrame.new(5131.427,968.108,-968.139,0.023,-0.000,-1.000,0.000,1.000,-0.000,1.000,0.000,0.023),s="Running",v=Vector3.new(58.095,0.005,-1.818)},
        {t=1.162,cf=CFrame.new(5131.691,968.108,-968.147,0.023,-0.000,-1.000,0.000,1.000,-0.000,1.000,0.000,0.023),s="Running",v=Vector3.new(58.095,0.005,-1.818)},
