-- CFrame Auto Walk Recording
-- Total Frames: 5578
-- Recorded HipHeight: 5.058475494384766

return {
    hipHeight = 5.058475494384766,
    frames = {
        {t=0.007,cf=CFrame.new(6278.360,1096.608,2353.556,-0.935,0.000,-0.354,0.000,1.000,0.000,0.354,0.000,-0.935),s="Running",v=Vector3.new(-0.000,0.010,0.000)},
        {t=0.017,cf=CFrame.new(6278.360,1096.608,2353.556,-0.935,0.000,-0.354,0.000,1.000,0.000,0.354,0.000,-0.935),s="Running",v=Vector3.new(-0.000,0.010,0.000)},
        {t=0.025,cf=CFrame.new(6278.360,1096.608,2353.556,-0.935,0.000,-0.354,0.000,1.000,0.000,0.354,0.000,-0.935),s="Running",v=Vector3.new(-0.000,0.010,0.000)},
        {t=0.033,cf=CFrame.new(6278.360,1096.608,2353.556,-0.935,0.000,-0.354,0.000,1.000,0.000,0.354,0.000,-0.935),s="Running",v=Vector3.new(-0.000,0.010,0.000)},
        {t=0.040,cf=CFrame.new(6278.360,1096.608,2353.556,-0.935,0.000,-0.354,0.000,1.000,0.000,0.354,0.000,-0.935),s="Running",v=Vector3.new(0.365,0.010,0.963)},
        {t=0.048,cf=CFrame.new(6278.362,1096.608,2353.563,-0.935,0.000,-0.355,0.000,1.000,0.000,0.355,0.000,-0.935),s="Running",v=Vector3.new(2.602,0.010,6.860)},
        {t=0.057,cf=CFrame.new(6278.376,1096.608,2353.599,-0.934,0.000,-0.357,0.000,1.000,0.000,0.357,0.000,-0.934),s="Running",v=Vector3.new(6.189,0.010,16.059)},
        {t=0.067,cf=CFrame.new(6278.425,1096.608,2353.726,-0.933,0.000,-0.361,0.000,1.000,0.000,0.361,0.000,-0.933),s="Running",v=Vector3.new(9.032,0.010,22.657)},
        {t=0.079,cf=CFrame.new(6278.509,1096.607,2353.934,-0.928,0.000,-0.372,0.000,1.000,0.000,0.372,0.000,-0.928),s="Running",v=Vector3.new(14.497,-1.341,33.445)},
        {t=0.089,cf=CFrame.new(6278.673,1096.599,2354.311,-0.924,0.000,-0.383,0.000,1.000,0.000,0.383,0.000,-0.924),s="Running",v=Vector3.new(20.645,-3.096,41.921)},
        {t=0.104,cf=CFrame.new(6278.898,1096.550,2354.755,-0.908,0.000,-0.418,0.000,1.000,0.000,0.418,0.000,-0.908),s="Running",v=Vector3.new(28.943,-7.072,45.762)},
        {t=0.110,cf=CFrame.new(6279.223,1096.440,2355.272,-0.901,0.000,-0.434,0.000,1.000,0.000,0.434,0.000,-0.901),s="Running",v=Vector3.new(32.684,-9.435,44.288)},
        {t=0.122,cf=CFrame.new(6279.518,1096.344,2355.676,-0.882,0.000,-0.472,0.000,1.000,0.000,0.472,0.000,-0.882),s="Running",v=Vector3.new(37.772,-11.494,41.093)},
        {t=0.128,cf=CFrame.new(6279.823,1096.237,2356.018,-0.868,0.000,-0.496,0.000,1.000,0.000,0.496,0.000,-0.868),s="Running",v=Vector3.new(40.742,-3.282,38.512)},
        {t=0.141,cf=CFrame.new(6280.332,1096.158,2356.509,-0.837,0.000,-0.548,0.000,1.000,0.000,0.548,0.000,-0.837),s="Running",v=Vector3.new(43.526,-6.572,33.126)},
        {t=0.150,cf=CFrame.new(6280.834,1096.072,2356.902,-0.813,-0.000,-0.583,0.000,1.000,-0.000,0.583,0.000,-0.813),s="Running",v=Vector3.new(45.873,-1.158,29.205)},
        {t=0.161,cf=CFrame.new(6281.261,1096.069,2357.191,-0.779,-0.000,-0.627,0.000,1.000,-0.000,0.627,0.000,-0.779),s="Running",v=Vector3.new(49.154,1.375,26.241)},
        {t=0.169,cf=CFrame.new(6281.676,1096.077,2357.428,-0.755,-0.000,-0.656,0.000,1.000,-0.000,0.656,0.000,-0.755),s="Running",v=Vector3.new(50.847,1.550,23.626)},
        {t=0.178,cf=CFrame.new(6282.139,1096.085,2357.661,-0.723,-0.000,-0.691,0.000,1.000,-0.000,0.691,0.000,-0.723),s="Running",v=Vector3.new(52.303,1.242,20.465)},
        {t=0.186,cf=CFrame.new(6282.587,1096.091,2357.855,-0.695,-0.000,-0.719,0.000,1.000,-0.000,0.719,0.000,-0.695),s="Running",v=Vector3.new(53.158,1.009,18.240)},
        {t=0.195,cf=CFrame.new(6283.061,1096.096,2358.039,-0.660,-0.000,-0.751,0.000,1.000,-0.000,0.751,0.000,-0.660),s="Running",v=Vector3.new(53.967,0.765,15.706)},
        {t=0.202,cf=CFrame.new(6283.512,1096.100,2358.188,-0.632,-0.000,-0.775,0.000,1.000,-0.000,0.775,0.000,-0.632),s="Running",v=Vector3.new(54.550,0.602,13.563)},
        {t=0.214,cf=CFrame.new(6284.042,1096.102,2358.346,-0.586,-0.000,-0.810,0.000,1.000,-0.000,0.810,0.000,-0.586),s="Running",v=Vector3.new(55.188,0.382,10.685)},
        {t=0.221,cf=CFrame.new(6284.511,1096.104,2358.454,-0.558,-0.000,-0.830,0.000,1.000,-0.000,0.830,0.000,-0.558),s="Running",v=Vector3.new(55.535,0.300,8.728)},
        {t=0.231,cf=CFrame.new(6285.032,1096.105,2358.563,-0.513,-0.000,-0.859,0.000,1.000,-0.000,0.859,0.000,-0.513),s="Running",v=Vector3.new(55.889,0.213,5.992)},
        {t=0.238,cf=CFrame.new(6285.657,1096.107,2358.649,-0.483,-0.000,-0.876,0.000,1.000,-0.000,0.876,0.000,-0.483),s="Running",v=Vector3.new(54.662,0.160,4.103)},
        {t=0.249,cf=CFrame.new(6286.169,1096.107,2358.713,-0.441,-0.000,-0.897,0.000,1.000,-0.000,0.897,0.000,-0.441),s="Running",v=Vector3.new(55.826,0.105,2.486)},
        {t=0.256,cf=CFrame.new(6286.651,1096.108,2358.754,-0.413,-0.000,-0.911,0.000,1.000,-0.000,0.911,0.000,-0.413),s="Running",v=Vector3.new(56.125,0.077,1.791)},
        {t=0.264,cf=CFrame.new(6287.140,1096.108,2358.789,-0.386,-0.000,-0.923,0.000,1.000,-0.000,0.923,0.000,-0.386),s="Running",v=Vector3.new(56.200,0.057,1.610)},
        {t=0.278,cf=CFrame.new(6287.726,1096.108,2358.837,-0.344,-0.000,-0.939,0.000,1.000,-0.000,0.939,0.000,-0.344),s="Running",v=Vector3.new(56.206,0.035,1.962)},
        {t=0.286,cf=CFrame.new(6288.385,1096.108,2358.876,-0.321,-0.000,-0.947,0.000,1.000,-0.000,0.947,0.000,-0.321),s="Running",v=Vector3.new(54.794,0.024,2.199)},
        {t=0.297,cf=CFrame.new(6288.928,1096.108,2358.919,-0.292,-0.000,-0.956,0.000,1.000,-0.000,0.956,0.000,-0.292),s="Running",v=Vector3.new(55.846,0.016,2.327)},
        {t=0.305,cf=CFrame.new(6289.566,1096.108,2358.957,-0.275,-0.000,-0.961,0.000,1.000,-0.000,0.961,0.000,-0.275),s="Running",v=Vector3.new(54.703,0.011,2.299)},
        {t=0.318,cf=CFrame.new(6290.277,1096.108,2359.006,-0.246,-0.000,-0.969,0.000,1.000,-0.000,0.969,0.000,-0.246),s="Running",v=Vector3.new(54.418,0.009,2.290)},
        {t=0.326,cf=CFrame.new(6290.737,1096.108,2359.035,-0.232,-0.000,-0.973,0.000,1.000,-0.000,0.973,0.000,-0.232),s="Running",v=Vector3.new(55.752,0.009,2.347)},
        {t=0.333,cf=CFrame.new(6291.212,1096.108,2359.064,-0.218,-0.000,-0.976,0.000,1.000,-0.000,0.976,0.000,-0.218),s="Running",v=Vector3.new(56.086,0.009,2.361)},
        {t=0.345,cf=CFrame.new(6291.784,1096.108,2359.101,-0.198,-0.000,-0.980,0.000,1.000,-0.000,0.980,0.000,-0.198),s="Running",v=Vector3.new(56.169,0.009,2.365)},
        {t=0.352,cf=CFrame.new(6292.262,1096.108,2359.128,-0.188,-0.000,-0.982,0.000,1.000,-0.000,0.982,0.000,-0.188),s="Running",v=Vector3.new(56.190,0.009,2.366)},
        {t=0.363,cf=CFrame.new(6292.807,1096.108,2359.161,-0.173,-0.000,-0.985,0.000,1.000,-0.000,0.985,0.000,-0.173),s="Running",v=Vector3.new(56.195,0.009,2.366)},
        {t=0.373,cf=CFrame.new(6293.493,1096.108,2359.197,-0.161,-0.000,-0.987,0.000,1.000,-0.000,0.987,0.000,-0.161),s="Running",v=Vector3.new(54.791,0.009,2.307)},
        {t=0.387,cf=CFrame.new(6294.258,1096.108,2359.240,-0.145,-0.000,-0.989,0.000,1.000,-0.000,0.989,0.000,-0.145),s="Running",v=Vector3.new(54.439,0.009,2.292)},
        {t=0.401,cf=CFrame.new(6295.006,1096.108,2359.280,-0.132,-0.000,-0.991,0.000,1.000,-0.000,0.991,0.000,-0.132),s="Running",v=Vector3.new(54.352,0.009,2.289)},
        {t=0.414,cf=CFrame.new(6295.735,1096.108,2359.318,-0.121,-0.000,-0.993,0.000,1.000,-0.000,0.993,0.000,-0.121),s="Running",v=Vector3.new(54.330,0.009,2.288)},
        {t=0.424,cf=CFrame.new(6296.399,1096.108,2359.351,-0.114,-0.000,-0.993,0.000,1.000,-0.000,0.993,0.000,-0.114),s="Running",v=Vector3.new(54.324,0.009,2.287)},
        {t=0.429,cf=CFrame.new(6296.856,1096.108,2359.373,-0.110,-0.000,-0.994,0.000,1.000,-0.000,0.994,0.000,-0.110),s="Running",v=Vector3.new(55.729,0.009,2.346)},
        {t=0.435,cf=CFrame.new(6297.145,1096.108,2359.387,-0.106,-0.000,-0.994,0.000,1.000,-0.000,0.994,0.000,-0.106),s="Running",v=Vector3.new(57.486,0.009,2.420)},
        {t=0.442,cf=CFrame.new(6297.633,1096.108,2359.411,-0.102,-0.000,-0.995,0.000,1.000,-0.000,0.995,0.000,-0.102),s="Running",v=Vector3.new(56.519,0.009,2.380)},
        {t=0.450,cf=CFrame.new(6298.123,1096.108,2359.434,-0.097,-0.000,-0.995,0.000,1.000,-0.000,0.995,0.000,-0.097),s="Running",v=Vector3.new(56.278,0.009,2.370)},
        {t=0.456,cf=CFrame.new(6298.417,1096.108,2359.449,-0.094,-0.000,-0.996,0.000,1.000,-0.000,0.996,0.000,-0.094),s="Running",v=Vector3.new(57.623,0.009,2.426)},
        {t=0.463,cf=CFrame.new(6298.914,1096.108,2359.472,-0.090,-0.000,-0.996,0.000,1.000,-0.000,0.996,0.000,-0.090),s="Running",v=Vector3.new(56.554,0.009,2.381)},
        {t=0.470,cf=CFrame.new(6299.208,1096.108,2359.486,-0.087,-0.000,-0.996,0.000,1.000,-0.000,0.996,0.000,-0.087),s="Running",v=Vector3.new(57.692,0.009,2.429)},
        {t=0.477,cf=CFrame.new(6299.700,1096.108,2359.509,-0.084,-0.000,-0.996,0.000,1.000,-0.000,0.996,0.000,-0.084),s="Running",v=Vector3.new(56.571,0.009,2.382)},
        {t=0.484,cf=CFrame.new(6300.186,1096.108,2359.531,-0.081,-0.000,-0.997,0.000,1.000,-0.000,0.997,0.000,-0.081),s="Running",v=Vector3.new(56.291,0.009,2.370)},
        {t=0.490,cf=CFrame.new(6300.659,1096.108,2359.552,-0.079,-0.000,-0.997,0.000,1.000,-0.000,0.997,0.000,-0.079),s="Running",v=Vector3.new(56.221,0.009,2.367)},
        {t=0.497,cf=CFrame.new(6300.959,1096.108,2359.567,-0.076,-0.000,-0.997,0.000,1.000,-0.000,0.997,0.000,-0.076),s="Running",v=Vector3.new(57.609,0.009,2.426)},
        {t=0.503,cf=CFrame.new(6301.440,1096.108,2359.588,-0.074,-0.000,-0.997,0.000,1.000,-0.000,0.997,0.000,-0.074),s="Running",v=Vector3.new(56.550,0.009,2.381)},
        {t=0.510,cf=CFrame.new(6301.754,1096.108,2359.603,-0.072,-0.000,-0.997,0.000,1.000,-0.000,0.997,0.000,-0.072),s="Running",v=Vector3.new(57.692,0.009,2.429)},
        {t=0.521,cf=CFrame.new(6302.313,1096.108,2359.628,-0.069,-0.000,-0.998,0.000,1.000,-0.000,0.998,0.000,-0.069),s="Running",v=Vector3.new(56.571,0.009,2.382)},
        {t=0.529,cf=CFrame.new(6302.827,1096.108,2359.651,-0.067,-0.000,-0.998,0.000,1.000,-0.000,0.998,0.000,-0.067),s="Running",v=Vector3.new(56.291,0.009,2.370)},
        {t=0.537,cf=CFrame.new(6303.477,1096.108,2359.680,-0.066,-0.000,-0.998,0.000,1.000,-0.000,0.998,0.000,-0.066),s="Running",v=Vector3.new(54.814,0.009,2.315)},
        {t=0.543,cf=CFrame.new(6303.750,1096.108,2359.692,-0.065,-0.000,-0.998,0.000,1.000,-0.000,0.998,0.000,-0.065),s="Running",v=Vector3.new(57.248,0.009,2.617)},
        {t=0.550,cf=CFrame.new(6304.221,1096.108,2359.715,-0.066,-0.000,-0.998,0.000,1.000,-0.000,0.998,0.000,-0.066),s="Running",v=Vector3.new(56.427,0.009,3.071)},
        {t=0.559,cf=CFrame.new(6304.561,1096.108,2359.735,-0.067,-0.000,-0.998,0.000,1.000,-0.000,0.998,0.000,-0.067),s="Running",v=Vector3.new(57.565,0.009,4.176)},
        {t=0.566,cf=CFrame.new(6305.050,1096.108,2359.770,-0.068,-0.000,-0.998,0.000,1.000,-0.000,0.998,0.000,-0.068),s="Running",v=Vector3.new(56.435,0.009,4.498)},
        {t=0.574,cf=CFrame.new(6305.548,1096.108,2359.809,-0.069,-0.000,-0.998,0.000,1.000,-0.000,0.998,0.000,-0.069),s="Running",v=Vector3.new(56.151,0.009,4.592)},
        {t=0.582,cf=CFrame.new(6306.044,1096.108,2359.848,-0.070,-0.000,-0.998,0.000,1.000,-0.000,0.998,0.000,-0.070),s="Running",v=Vector3.new(56.080,0.009,4.615)},
        {t=0.587,cf=CFrame.new(6306.316,1096.108,2359.870,-0.070,-0.000,-0.998,0.000,1.000,-0.000,0.998,0.000,-0.070),s="Running",v=Vector3.new(57.477,0.009,4.584)},
        {t=0.593,cf=CFrame.new(6306.787,1096.108,2359.907,-0.070,-0.000,-0.998,0.000,1.000,-0.000,0.998,0.000,-0.070),s="Running",v=Vector3.new(56.438,0.009,4.281)},
        {t=0.598,cf=CFrame.new(6307.063,1096.108,2359.928,-0.070,-0.000,-0.998,0.000,1.000,-0.000,0.998,0.000,-0.070),s="Running",v=Vector3.new(57.594,0.009,4.126)},
        {t=0.605,cf=CFrame.new(6307.351,1096.108,2359.948,-0.069,-0.000,-0.998,0.000,1.000,-0.000,0.998,0.000,-0.069),s="Running",v=Vector3.new(57.901,0.009,3.822)},
        {t=0.611,cf=CFrame.new(6307.831,1096.108,2359.980,-0.067,-0.000,-0.998,0.000,1.000,-0.000,0.998,0.000,-0.067),s="Running",v=Vector3.new(56.601,0.009,3.183)},
        {t=0.616,cf=CFrame.new(6308.097,1096.108,2359.995,-0.065,-0.000,-0.998,0.000,1.000,-0.000,0.998,0.000,-0.065),s="Running",v=Vector3.new(57.701,0.009,2.662)},
        {t=0.622,cf=CFrame.new(6308.572,1096.108,2360.017,-0.062,-0.000,-0.998,0.000,1.000,-0.000,0.998,0.000,-0.062),s="Running",v=Vector3.new(56.590,0.009,1.922)},
        {t=0.626,cf=CFrame.new(6308.830,1096.108,2360.027,-0.060,-0.000,-0.998,0.000,1.000,-0.000,0.998,0.000,-0.060),s="Running",v=Vector3.new(57.731,0.009,1.355)},
        {t=0.633,cf=CFrame.new(6309.136,1096.108,2360.035,-0.056,-0.000,-0.998,0.000,1.000,-0.000,0.998,0.000,-0.056),s="Running",v=Vector3.new(58.022,0.009,0.724)},
        {t=0.638,cf=CFrame.new(6309.592,1096.108,2360.043,-0.053,-0.000,-0.999,0.000,1.000,-0.000,0.999,0.000,-0.053),s="Running",v=Vector3.new(56.689,0.009,0.447)},
        {t=0.642,cf=CFrame.new(6309.845,1096.108,2360.046,-0.050,-0.000,-0.999,0.000,1.000,-0.000,0.999,0.000,-0.050),s="Running",v=Vector3.new(57.762,0.009,-0.109)},
        {t=0.648,cf=CFrame.new(6310.121,1096.108,2360.048,-0.046,-0.000,-0.999,0.000,1.000,-0.000,0.999,0.000,-0.046),s="Running",v=Vector3.new(58.026,0.009,-0.715)},
        {t=0.654,cf=CFrame.new(6310.598,1096.108,2360.044,-0.042,-0.000,-0.999,0.000,1.000,-0.000,0.999,0.000,-0.042),s="Running",v=Vector3.new(56.679,0.009,-1.201)},
        {t=0.659,cf=CFrame.new(6310.860,1096.108,2360.041,-0.038,-0.000,-0.999,0.000,1.000,-0.000,0.999,0.000,-0.038),s="Running",v=Vector3.new(57.747,0.009,-1.445)},
        {t=0.664,cf=CFrame.new(6311.124,1096.108,2360.036,-0.035,-0.000,-0.999,0.000,1.000,-0.000,0.999,0.000,-0.035),s="Running",v=Vector3.new(58.010,0.009,-1.652)},
        {t=0.670,cf=CFrame.new(6311.406,1096.108,2360.031,-0.031,-0.000,-1.000,0.000,1.000,-0.000,1.000,0.000,-0.031),s="Running",v=Vector3.new(58.073,0.009,-1.798)},
        {t=0.674,cf=CFrame.new(6311.852,1096.108,2360.019,-0.028,-0.000,-1.000,0.000,1.000,-0.000,1.000,0.000,-0.028),s="Running",v=Vector3.new(56.681,0.009,-1.825)},
        {t=0.679,cf=CFrame.new(6312.119,1096.108,2360.013,-0.025,-0.000,-1.000,0.000,1.000,-0.000,1.000,0.000,-0.025),s="Running",v=Vector3.new(57.739,0.009,-1.892)},
        {t=0.685,cf=CFrame.new(6312.392,1096.108,2360.006,-0.022,-0.000,-1.000,0.000,1.000,-0.000,1.000,0.000,-0.022),s="Running",v=Vector3.new(58.004,0.009,-1.911)},
        {t=0.690,cf=CFrame.new(6312.657,1096.108,2359.999,-0.019,-0.000,-1.000,0.000,1.000,-0.000,1.000,0.000,-0.019),s="Running",v=Vector3.new(58.070,0.009,-1.917)},
        {t=0.696,cf=CFrame.new(6313.125,1096.108,2359.986,-0.016,-0.000,-1.000,0.000,1.000,-0.000,1.000,0.000,-0.016),s="Running",v=Vector3.new(56.680,0.009,-1.872)},
        {t=0.702,cf=CFrame.new(6313.405,1096.108,2359.979,-0.013,-0.000,-1.000,0.000,1.000,-0.000,1.000,0.000,-0.013),s="Running",v=Vector3.new(57.739,0.009,-1.908)},
        {t=0.708,cf=CFrame.new(6313.865,1096.108,2359.966,-0.010,-0.000,-1.000,0.000,1.000,-0.000,1.000,0.000,-0.010),s="Running",v=Vector3.new(56.597,0.009,-1.870)},
        {t=0.713,cf=CFrame.new(6314.123,1096.108,2359.958,-0.008,-0.000,-1.000,0.000,1.000,-0.000,1.000,0.000,-0.008),s="Running",v=Vector3.new(57.718,0.009,-1.907)},
        {t=0.718,cf=CFrame.new(6314.394,1096.108,2359.951,-0.006,-0.000,-1.000,0.000,1.000,-0.000,1.000,0.000,-0.006),s="Running",v=Vector3.new(57.998,0.009,-1.916)},
        {t=0.722,cf=CFrame.new(6314.646,1096.108,2359.944,-0.005,-0.000,-1.000,0.000,1.000,-0.000,1.000,0.000,-0.005),s="Running",v=Vector3.new(58.068,0.009,-1.939)},
        {t=0.727,cf=CFrame.new(6314.918,1096.108,2359.936,-0.003,-0.000,-1.000,0.000,1.000,-0.000,1.000,0.000,-0.003),s="Running",v=Vector3.new(58.083,0.009,-2.009)},
        {t=0.731,cf=CFrame.new(6315.174,1096.108,2359.928,-0.001,-0.000,-1.000,0.000,1.000,-0.000,1.000,0.000,-0.001),s="Running",v=Vector3.new(58.085,0.009,-2.080)},
        {t=0.737,cf=CFrame.new(6315.631,1096.108,2359.913,0.002,-0.000,-1.000,0.000,1.000,-0.000,1.000,0.000,0.002),s="Running",v=Vector3.new(56.674,0.009,-2.180)},
        {t=0.740,cf=CFrame.new(6315.660,1096.108,2359.913,0.003,-0.000,-1.000,0.000,1.000,-0.000,1.000,0.000,0.003),s="Running",v=Vector3.new(59.130,0.010,-2.394)},
        {t=0.752,cf=CFrame.new(6316.249,1096.108,2359.891,0.008,-0.000,-1.000,0.000,1.000,-0.000,1.000,0.000,0.008),s="Running",v=Vector3.new(56.917,0.009,-2.660)},
        {t=0.757,cf=CFrame.new(6316.704,1096.108,2359.872,0.011,-0.000,-1.000,0.000,1.000,-0.000,1.000,0.000,0.011),s="Running",v=Vector3.new(56.360,0.009,-2.797)},
        {t=0.766,cf=CFrame.new(6317.356,1096.108,2359.842,0.016,-0.000,-1.000,0.000,1.000,-0.000,1.000,0.000,0.016),s="Running",v=Vector3.new(54.789,0.009,-3.234)},
        {t=0.774,cf=CFrame.new(6317.635,1096.108,2359.827,0.020,-0.000,-1.000,0.000,1.000,-0.000,1.000,0.000,0.020),s="Running",v=Vector3.new(57.191,0.009,-3.741)},
        {t=0.782,cf=CFrame.new(6318.137,1096.108,2359.796,0.025,-0.000,-1.000,0.000,1.000,-0.000,1.000,0.000,0.025),s="Running",v=Vector3.new(56.360,0.009,-4.145)},
        {t=0.791,cf=CFrame.new(6318.787,1096.108,2359.751,0.030,-0.000,-1.000,0.000,1.000,-0.000,1.000,0.000,0.030),s="Running",v=Vector3.new(54.729,0.009,-4.392)},
        {t=0.798,cf=CFrame.new(6319.068,1096.108,2359.731,0.034,-0.000,-0.999,0.000,1.000,-0.000,0.999,0.000,0.034),s="Running",v=Vector3.new(57.108,0.009,-4.912)},
        {t=0.809,cf=CFrame.new(6319.779,1096.108,2359.673,0.041,-0.000,-0.999,0.000,1.000,-0.000,0.999,0.000,0.041),s="Running",v=Vector3.new(54.866,0.009,-5.145)},
        {t=0.815,cf=CFrame.new(6320.057,1096.108,2359.648,0.044,-0.000,-0.999,0.000,1.000,-0.000,0.999,0.000,0.044),s="Running",v=Vector3.new(57.096,0.009,-5.587)},
        {t=0.822,cf=CFrame.new(6320.540,1096.108,2359.604,0.049,-0.000,-0.999,0.000,1.000,-0.000,0.999,0.000,0.049),s="Running",v=Vector3.new(56.241,0.009,-5.677)},
        {t=0.826,cf=CFrame.new(6320.795,1096.108,2359.579,0.051,-0.000,-0.999,0.000,1.000,-0.000,0.999,0.000,0.051),s="Running",v=Vector3.new(57.417,0.009,-5.951)},
        {t=0.831,cf=CFrame.new(6321.061,1096.108,2359.553,0.054,-0.000,-0.999,0.000,1.000,-0.000,0.999,0.000,0.054),s="Running",v=Vector3.new(57.700,0.009,-6.115)},
        {t=0.835,cf=CFrame.new(6321.319,1096.108,2359.528,0.056,-0.000,-0.998,0.000,1.000,-0.000,0.998,0.000,0.056),s="Running",v=Vector3.new(57.767,0.009,-6.201)},
        {t=0.838,cf=CFrame.new(6321.571,1096.108,2359.502,0.058,-0.000,-0.998,0.000,1.000,-0.000,0.998,0.000,0.058),s="Running",v=Vector3.new(57.780,0.009,-6.250)},
        {t=0.844,cf=CFrame.new(6321.839,1096.108,2359.474,0.060,-0.000,-0.998,0.000,1.000,-0.000,0.998,0.000,0.060),s="Running",v=Vector3.new(57.777,0.009,-6.322)},
        {t=0.848,cf=CFrame.new(6322.102,1096.108,2359.447,0.063,-0.000,-0.998,0.000,1.000,-0.000,0.998,0.000,0.063),s="Running",v=Vector3.new(57.772,0.009,-6.379)},
        {t=0.852,cf=CFrame.new(6322.359,1096.108,2359.420,0.065,-0.000,-0.998,0.000,1.000,-0.000,0.998,0.000,0.065),s="Running",v=Vector3.new(57.767,0.009,-6.430)},
        {t=0.856,cf=CFrame.new(6322.616,1096.108,2359.393,0.066,-0.000,-0.998,0.000,1.000,-0.000,0.998,0.000,0.066),s="Running",v=Vector3.new(57.764,0.009,-6.457)},
        {t=0.860,cf=CFrame.new(6322.872,1096.108,2359.365,0.068,-0.000,-0.998,0.000,1.000,-0.000,0.998,0.000,0.068),s="Running",v=Vector3.new(57.763,0.009,-6.468)},
        {t=0.865,cf=CFrame.new(6323.137,1096.108,2359.337,0.070,-0.000,-0.998,0.000,1.000,-0.000,0.998,0.000,0.070),s="Running",v=Vector3.new(57.762,0.009,-6.472)},
        {t=0.869,cf=CFrame.new(6323.394,1096.108,2359.309,0.072,-0.000,-0.997,0.000,1.000,-0.000,0.997,0.000,0.072),s="Running",v=Vector3.new(57.762,0.009,-6.474)},
        {t=0.873,cf=CFrame.new(6323.649,1096.108,2359.282,0.073,-0.000,-0.997,0.000,1.000,-0.000,0.997,0.000,0.073),s="Running",v=Vector3.new(57.762,0.009,-6.475)},
        {t=0.877,cf=CFrame.new(6323.908,1096.108,2359.254,0.075,-0.000,-0.997,0.000,1.000,-0.000,0.997,0.000,0.075),s="Running",v=Vector3.new(57.762,0.009,-6.475)},
        {t=0.881,cf=CFrame.new(6324.163,1096.108,2359.226,0.076,-0.000,-0.997,0.000,1.000,-0.000,0.997,0.000,0.076),s="Running",v=Vector3.new(57.762,0.009,-6.475)},
        {t=0.885,cf=CFrame.new(6324.419,1096.108,2359.198,0.078,-0.000,-0.997,0.000,1.000,-0.000,0.997,0.000,0.078),s="Running",v=Vector3.new(57.762,0.009,-6.475)},
        {t=0.889,cf=CFrame.new(6324.676,1096.108,2359.171,0.079,-0.000,-0.997,0.000,1.000,-0.000,0.997,0.000,0.079),s="Running",v=Vector3.new(57.762,0.009,-6.475)},
        {t=0.892,cf=CFrame.new(6324.923,1096.108,2359.144,0.080,-0.000,-0.997,0.000,1.000,-0.000,0.997,0.000,0.080),s="Running",v=Vector3.new(57.762,0.009,-6.475)},
        {t=0.897,cf=CFrame.new(6325.179,1096.108,2359.116,0.081,-0.000,-0.997,0.000,1.000,-0.000,0.997,0.000,0.081),s="Running",v=Vector3.new(57.762,0.009,-6.475)},
        {t=0.902,cf=CFrame.new(6325.444,1096.108,2359.087,0.083,-0.000,-0.997,0.000,1.000,-0.000,0.997,0.000,0.083),s="Running",v=Vector3.new(57.762,0.009,-6.475)},
        {t=0.906,cf=CFrame.new(6325.696,1096.108,2359.060,0.084,-0.000,-0.996,0.000,1.000,-0.000,0.996,0.000,0.084),s="Running",v=Vector3.new(57.762,0.009,-6.475)},
        {t=0.910,cf=CFrame.new(6325.943,1096.108,2359.033,0.085,-0.000,-0.996,0.000,1.000,-0.000,0.996,0.000,0.085),s="Running",v=Vector3.new(57.762,0.009,-6.475)},
        {t=0.914,cf=CFrame.new(6326.193,1096.108,2359.006,0.086,-0.000,-0.996,0.000,1.000,-0.000,0.996,0.000,0.086),s="Running",v=Vector3.new(57.762,0.009,-6.475)},
        {t=0.918,cf=CFrame.new(6326.445,1096.108,2358.978,0.087,-0.000,-0.996,0.000,1.000,-0.000,0.996,0.000,0.087),s="Running",v=Vector3.new(57.762,0.009,-6.475)},
        {t=0.922,cf=CFrame.new(6326.698,1096.108,2358.950,0.088,-0.000,-0.996,0.000,1.000,-0.000,0.996,0.000,0.088),s="Running",v=Vector3.new(57.762,0.009,-6.475)},
        {t=0.927,cf=CFrame.new(6326.963,1096.108,2358.921,0.089,-0.000,-0.996,0.000,1.000,-0.000,0.996,0.000,0.089),s="Running",v=Vector3.new(57.762,0.009,-6.475)},
        {t=0.931,cf=CFrame.new(6327.225,1096.108,2358.893,0.090,-0.000,-0.996,0.000,1.000,-0.000,0.996,0.000,0.090),s="Running",v=Vector3.new(57.762,0.009,-6.475)},
        {t=0.936,cf=CFrame.new(6327.479,1096.108,2358.865,0.091,-0.000,-0.996,0.000,1.000,-0.000,0.996,0.000,0.091),s="Running",v=Vector3.new(57.765,0.009,-6.445)},
        {t=0.940,cf=CFrame.new(6327.729,1096.108,2358.838,0.092,-0.000,-0.996,0.000,1.000,-0.000,0.996,0.000,0.092),s="Running",v=Vector3.new(57.772,0.009,-6.384)},
        {t=0.944,cf=CFrame.new(6327.979,1096.108,2358.811,0.092,-0.000,-0.996,0.000,1.000,-0.000,0.996,0.000,0.092),s="Running",v=Vector3.new(57.778,0.009,-6.326)},
        {t=0.948,cf=CFrame.new(6328.231,1096.108,2358.784,0.093,-0.000,-0.996,0.000,1.000,-0.000,0.996,0.000,0.093),s="Running",v=Vector3.new(57.784,0.009,-6.269)},
        {t=0.951,cf=CFrame.new(6328.479,1096.108,2358.757,0.093,-0.000,-0.996,0.000,1.000,-0.000,0.996,0.000,0.093),s="Running",v=Vector3.new(57.792,0.009,-6.193)},
        {t=0.958,cf=CFrame.new(6328.760,1096.108,2358.728,0.094,-0.000,-0.996,0.000,1.000,-0.000,0.996,0.000,0.094),s="Running",v=Vector3.new(57.806,0.009,-6.061)},
        {t=0.962,cf=CFrame.new(6329.014,1096.108,2358.702,0.094,-0.000,-0.996,0.000,1.000,-0.000,0.996,0.000,0.094),s="Running",v=Vector3.new(57.816,0.009,-5.969)},
        {t=0.966,cf=CFrame.new(6329.453,1096.108,2358.657,0.094,-0.000,-0.996,0.000,1.000,-0.000,0.996,0.000,0.094),s="Running",v=Vector3.new(56.431,0.009,-5.675)},
        {t=0.970,cf=CFrame.new(6329.689,1096.108,2358.634,0.094,-0.000,-0.996,0.000,1.000,-0.000,0.996,0.000,0.094),s="Running",v=Vector3.new(57.495,0.009,-5.641)},
        {t=0.972,cf=CFrame.new(6329.710,1096.108,2358.632,0.094,-0.000,-0.996,0.000,1.000,-0.000,0.996,0.000,0.094),s="Running",v=Vector3.new(59.169,0.010,-5.697)},
        {t=0.977,cf=CFrame.new(6329.965,1096.108,2358.607,0.094,-0.000,-0.996,0.000,1.000,-0.000,0.996,0.000,0.094),s="Running",v=Vector3.new(58.199,0.009,-5.442)},
        {t=0.981,cf=CFrame.new(6330.220,1096.108,2358.583,0.093,-0.000,-0.996,0.000,1.000,-0.000,0.996,0.000,0.093),s="Running",v=Vector3.new(57.966,0.009,-5.280)},
        {t=0.986,cf=CFrame.new(6330.482,1096.108,2358.560,0.093,-0.000,-0.996,0.000,1.000,-0.000,0.996,0.000,0.093),s="Running",v=Vector3.new(57.913,0.009,-5.179)},
        {t=0.989,cf=CFrame.new(6330.725,1096.108,2358.538,0.093,-0.000,-0.996,0.000,1.000,-0.000,0.996,0.000,0.093),s="Running",v=Vector3.new(57.902,0.009,-5.121)},
        {t=0.992,cf=CFrame.new(6330.967,1096.108,2358.517,0.093,-0.000,-0.996,0.000,1.000,-0.000,0.996,0.000,0.093),s="Running",v=Vector3.new(57.902,0.009,-5.084)},
        {t=0.997,cf=CFrame.new(6331.220,1096.108,2358.494,0.092,-0.000,-0.996,0.000,1.000,-0.000,0.996,0.000,0.092),s="Running",v=Vector3.new(57.907,0.009,-5.014)},
        {t=1.002,cf=CFrame.new(6331.480,1096.108,2358.472,0.092,-0.000,-0.996,0.000,1.000,-0.000,0.996,0.000,0.092),s="Running",v=Vector3.new(57.910,0.009,-4.980)},
        {t=1.006,cf=CFrame.new(6331.729,1096.108,2358.450,0.092,-0.000,-0.996,0.000,1.000,-0.000,0.996,0.000,0.092),s="Running",v=Vector3.new(57.911,0.009,-4.967)},
        {t=1.012,cf=CFrame.new(6331.997,1096.108,2358.427,0.091,-0.000,-0.996,0.000,1.000,-0.000,0.996,0.000,0.091),s="Running",v=Vector3.new(57.911,0.009,-4.962)},
        {t=1.016,cf=CFrame.new(6332.250,1096.108,2358.406,0.091,-0.000,-0.996,0.000,1.000,-0.000,0.996,0.000,0.091),s="Running",v=Vector3.new(57.911,0.009,-4.960)},
        {t=1.019,cf=CFrame.new(6332.502,1096.108,2358.384,0.091,-0.000,-0.996,0.000,1.000,-0.000,0.996,0.000,0.091),s="Running",v=Vector3.new(57.911,0.009,-4.960)},
        {t=1.023,cf=CFrame.new(6332.750,1096.108,2358.363,0.091,-0.000,-0.996,0.000,1.000,-0.000,0.996,0.000,0.091),s="Running",v=Vector3.new(57.911,0.009,-4.960)},
        {t=1.026,cf=CFrame.new(6332.998,1096.108,2358.342,0.090,-0.000,-0.996,0.000,1.000,-0.000,0.996,0.000,0.090),s="Running",v=Vector3.new(57.912,0.009,-4.960)},
        {t=1.031,cf=CFrame.new(6333.255,1096.108,2358.320,0.090,-0.000,-0.996,0.000,1.000,-0.000,0.996,0.000,0.090),s="Running",v=Vector3.new(57.912,0.009,-4.959)},
        {t=1.036,cf=CFrame.new(6333.519,1096.108,2358.297,0.090,-0.000,-0.996,0.000,1.000,-0.000,0.996,0.000,0.090),s="Running",v=Vector3.new(57.912,0.009,-4.959)},
        {t=1.040,cf=CFrame.new(6333.766,1096.108,2358.276,0.090,-0.000,-0.996,0.000,1.000,-0.000,0.996,0.000,0.090),s="Running",v=Vector3.new(57.912,0.009,-4.959)},
        {t=1.044,cf=CFrame.new(6334.016,1096.108,2358.255,0.090,-0.000,-0.996,0.000,1.000,-0.000,0.996,0.000,0.090),s="Running",v=Vector3.new(57.912,0.009,-4.959)},
        {t=1.048,cf=CFrame.new(6334.267,1096.108,2358.234,0.089,-0.000,-0.996,0.000,1.000,-0.000,0.996,0.000,0.089),s="Running",v=Vector3.new(57.912,0.009,-4.959)},
        {t=1.052,cf=CFrame.new(6334.515,1096.108,2358.212,0.089,-0.000,-0.996,0.000,1.000,-0.000,0.996,0.000,0.089),s="Running",v=Vector3.new(57.912,0.009,-4.959)},
        {t=1.056,cf=CFrame.new(6334.766,1096.108,2358.191,0.089,-0.000,-0.996,0.000,1.000,-0.000,0.996,0.000,0.089),s="Running",v=Vector3.new(57.912,0.009,-4.959)},
        {t=1.059,cf=CFrame.new(6335.011,1096.108,2358.170,0.089,-0.000,-0.996,0.000,1.000,-0.000,0.996,0.000,0.089),s="Running",v=Vector3.new(57.912,0.009,-4.959)},
        {t=1.064,cf=CFrame.new(6335.270,1096.108,2358.148,0.089,-0.000,-0.996,0.000,1.000,-0.000,0.996,0.000,0.089),s="Running",v=Vector3.new(57.912,0.009,-4.959)},
        {t=1.068,cf=CFrame.new(6335.512,1096.108,2358.127,0.089,-0.000,-0.996,0.000,1.000,-0.000,0.996,0.000,0.089),s="Running",v=Vector3.new(57.912,0.009,-4.959)},
        {t=1.072,cf=CFrame.new(6335.764,1096.108,2358.106,0.089,-0.000,-0.996,0.000,1.000,-0.000,0.996,0.000,0.089),s="Running",v=Vector3.new(57.912,0.009,-4.959)},
        {t=1.076,cf=CFrame.new(6336.012,1096.108,2358.084,0.088,-0.000,-0.996,0.000,1.000,-0.000,0.996,0.000,0.088),s="Running",v=Vector3.new(57.912,0.009,-4.959)},
        {t=1.080,cf=CFrame.new(6336.265,1096.108,2358.063,0.088,-0.000,-0.996,0.000,1.000,-0.000,0.996,0.000,0.088),s="Running",v=Vector3.new(57.912,0.009,-4.959)},
        {t=1.085,cf=CFrame.new(6336.523,1096.108,2358.041,0.088,-0.000,-0.996,0.000,1.000,-0.000,0.996,0.000,0.088),s="Running",v=Vector3.new(57.912,0.009,-4.959)},
        {t=1.088,cf=CFrame.new(6336.764,1096.108,2358.020,0.088,-0.000,-0.996,0.000,1.000,-0.000,0.996,0.000,0.088),s="Running",v=Vector3.new(57.912,0.009,-4.959)},
        {t=1.092,cf=CFrame.new(6337.013,1096.108,2357.999,0.088,-0.000,-0.996,0.000,1.000,-0.000,0.996,0.000,0.088),s="Running",v=Vector3.new(57.912,0.009,-4.959)},
        {t=1.098,cf=CFrame.new(6337.276,1096.108,2357.977,0.088,-0.000,-0.996,0.000,1.000,-0.000,0.996,0.000,0.088),s="Running",v=Vector3.new(57.912,0.009,-4.959)},
        {t=1.102,cf=CFrame.new(6337.524,1096.108,2357.955,0.088,-0.000,-0.996,0.000,1.000,-0.000,0.996,0.000,0.088),s="Running",v=Vector3.new(57.912,0.009,-4.959)},
        {t=1.105,cf=CFrame.new(6337.770,1096.108,2357.934,0.088,-0.000,-0.996,0.000,1.000,-0.000,0.996,0.000,0.088),s="Running",v=Vector3.new(57.912,0.009,-4.959)},
        {t=1.109,cf=CFrame.new(6338.013,1096.108,2357.914,0.088,-0.000,-0.996,0.000,1.000,-0.000,0.996,0.000,0.088),s="Running",v=Vector3.new(57.912,0.009,-4.959)},
        {t=1.114,cf=CFrame.new(6338.265,1096.108,2357.892,0.087,-0.000,-0.996,0.000,1.000,-0.000,0.996,0.000,0.087),s="Running",v=Vector3.new(57.912,0.009,-4.959)},
        {t=1.117,cf=CFrame.new(6338.508,1096.108,2357.871,0.087,-0.000,-0.996,0.000,1.000,-0.000,0.996,0.000,0.087),s="Running",v=Vector3.new(57.912,0.009,-4.959)},
        {t=1.123,cf=CFrame.new(6338.766,1096.108,2357.849,0.087,-0.000,-0.996,0.000,1.000,-0.000,0.996,0.000,0.087),s="Running",v=Vector3.new(57.912,0.009,-4.959)},
        {t=1.126,cf=CFrame.new(6339.009,1096.108,2357.829,0.087,-0.000,-0.996,0.000,1.000,-0.000,0.996,0.000,0.087),s="Running",v=Vector3.new(57.912,0.009,-4.959)},
        {t=1.130,cf=CFrame.new(6339.252,1096.108,2357.808,0.087,-0.000,-0.996,0.000,1.000,-0.000,0.996,0.000,0.087),s="Running",v=Vector3.new(57.912,0.009,-4.959)},
        {t=1.136,cf=CFrame.new(6339.514,1096.108,2357.785,0.087,-0.000,-0.996,0.000,1.000,-0.000,0.996,0.000,0.087),s="Running",v=Vector3.new(57.912,0.009,-4.959)},
        {t=1.139,cf=CFrame.new(6339.759,1096.108,2357.765,0.087,-0.000,-0.996,0.000,1.000,-0.000,0.996,0.000,0.087),s="Running",v=Vector3.new(57.912,0.009,-4.959)},
        {t=1.143,cf=CFrame.new(6340.005,1096.108,2357.744,0.087,-0.000,-0.996,0.000,1.000,-0.000,0.996,0.000,0.087),s="Running",v=Vector3.new(57.912,0.009,-4.959)},
        {t=1.147,cf=CFrame.new(6340.263,1096.108,2357.722,0.087,-0.000,-0.996,0.000,1.000,-0.000,0.996,0.000,0.087),s="Running",v=Vector3.new(57.912,0.009,-4.959)},
        {t=1.151,cf=CFrame.new(6340.518,1096.108,2357.700,0.087,-0.000,-0.996,0.000,1.000,-0.000,0.996,0.000,0.087),s="Running",v=Vector3.new(57.912,0.009,-4.959)},
        {t=1.155,cf=CFrame.new(6340.769,1096.108,2357.678,0.087,-0.000,-0.996,0.000,1.000,-0.000,0.996,0.000,0.087),s="Running",v=Vector3.new(57.912,0.009,-4.959)},
        {t=1.159,cf=CFrame.new(6341.026,1096.108,2357.656,0.087,-0.000,-0.996,0.000,1.000,-0.000,0.996,0.000,0.087),s="Running",v=Vector3.new(57.912,0.009,-4.959)},
        {t=1.163,cf=CFrame.new(6341.270,1096.108,2357.636,0.087,-0.000,-0.996,0.000,1.000,-0.000,0.996,0.000,0.087),s="Running",v=Vector3.new(57.912,0.009,-4.959)},
        {t=1.168,cf=CFrame.new(6341.534,1096.108,2357.613,0.087,-0.000,-0.996,0.000,1.000,-0.000,0.996,0.000,0.087),s="Running",v=Vector3.new(57.912,0.009,-4.959)},
        {t=1.172,cf=CFrame.new(6341.778,1096.108,2357.593,0.087,-0.000,-0.996,0.000,1.000,-0.000,0.996,0.000,0.087),s="Running",v=Vector3.new(57.912,0.009,-4.959)},
        {t=1.177,cf=CFrame.new(6342.043,1096.108,2357.570,0.086,-0.000,-0.996,0.000,1.000,-0.000,0.996,0.000,0.086),s="Running",v=Vector3.new(57.912,0.009,-4.959)},
        {t=1.182,cf=CFrame.new(6342.299,1096.108,2357.548,0.086,-0.000,-0.996,0.000,1.000,-0.000,0.996,0.000,0.086),s="Running",v=Vector3.new(57.912,0.009,-4.959)},
        {t=1.186,cf=CFrame.new(6342.553,1096.108,2357.526,0.086,-0.000,-0.996,0.000,1.000,-0.000,0.996,0.000,0.086),s="Running",v=Vector3.new(57.912,0.009,-4.959)},
        {t=1.189,cf=CFrame.new(6342.798,1096.108,2357.505,0.086,-0.000,-0.996,0.000,1.000,-0.000,0.996,0.000,0.086),s="Running",v=Vector3.new(57.912,0.009,-4.959)},
        {t=1.193,cf=CFrame.new(6343.043,1096.108,2357.484,0.086,-0.000,-0.996,0.000,1.000,-0.000,0.996,0.000,0.086),s="Running",v=Vector3.new(57.912,0.009,-4.959)},
        {t=1.197,cf=CFrame.new(6343.306,1096.108,2357.462,0.086,-0.000,-0.996,0.000,1.000,-0.000,0.996,0.000,0.086),s="Running",v=Vector3.new(57.912,0.009,-4.959)},
        {t=1.201,cf=CFrame.new(6343.557,1096.108,2357.440,0.086,-0.000,-0.996,0.000,1.000,-0.000,0.996,0.000,0.086),s="Running",v=Vector3.new(57.912,0.009,-4.959)},
        {t=1.205,cf=CFrame.new(6343.810,1096.108,2357.419,0.086,-0.000,-0.996,0.000,1.000,-0.000,0.996,0.000,0.086),s="Running",v=Vector3.new(57.912,0.009,-4.959)},
        {t=1.213,cf=CFrame.new(6344.287,1096.108,2357.378,0.086,-0.000,-0.996,0.000,1.000,-0.000,0.996,0.000,0.086),s="Running",v=Vector3.new(56.509,0.009,-4.839)},
        {t=1.219,cf=CFrame.new(6344.556,1096.108,2357.355,0.086,-0.000,-0.996,0.000,1.000,-0.000,0.996,0.000,0.086),s="Running",v=Vector3.new(57.561,0.009,-4.929)},
        {t=1.223,cf=CFrame.new(6344.809,1096.108,2357.333,0.086,-0.000,-0.996,0.000,1.000,-0.000,0.996,0.000,0.086),s="Running",v=Vector3.new(57.824,0.009,-4.952)},
        {t=1.227,cf=CFrame.new(6345.064,1096.108,2357.312,0.086,-0.000,-0.996,0.000,1.000,-0.000,0.996,0.000,0.086),s="Running",v=Vector3.new(57.890,0.009,-4.958)},
        {t=1.232,cf=CFrame.new(6345.324,1096.108,2357.289,0.086,-0.000,-0.996,0.000,1.000,-0.000,0.996,0.000,0.086),s="Running",v=Vector3.new(57.906,0.009,-4.959)},
        {t=1.236,cf=CFrame.new(6345.575,1096.108,2357.268,0.086,-0.000,-0.996,0.000,1.000,-0.000,0.996,0.000,0.086),s="Running",v=Vector3.new(57.910,0.009,-4.959)},
        {t=1.240,cf=CFrame.new(6345.818,1096.108,2357.247,0.086,-0.000,-0.996,0.000,1.000,-0.000,0.996,0.000,0.086),s="Running",v=Vector3.new(57.911,0.009,-4.959)},
        {t=1.244,cf=CFrame.new(6346.063,1096.108,2357.226,0.086,-0.000,-0.996,0.000,1.000,-0.000,0.996,0.000,0.086),s="Running",v=Vector3.new(57.911,0.009,-4.959)},
        {t=1.248,cf=CFrame.new(6346.309,1096.108,2357.205,0.086,-0.000,-0.996,0.000,1.000,-0.000,0.996,0.000,0.086),s="Running",v=Vector3.new(57.911,0.009,-4.959)},
        {t=1.252,cf=CFrame.new(6346.553,1096.108,2357.185,0.086,-0.000,-0.996,0.000,1.000,-0.000,0.996,0.000,0.086),s="Running",v=Vector3.new(57.912,0.009,-4.959)},
        {t=1.257,cf=CFrame.new(6346.810,1096.108,2357.163,0.086,-0.000,-0.996,0.000,1.000,-0.000,0.996,0.000,0.086),s="Running",v=Vector3.new(57.912,0.009,-4.959)},
        {t=1.262,cf=CFrame.new(6347.062,1096.108,2357.141,0.086,-0.000,-0.996,0.000,1.000,-0.000,0.996,0.000,0.086),s="Running",v=Vector3.new(57.915,0.009,-4.922)},
        {t=1.268,cf=CFrame.new(6347.509,1096.108,2357.103,0.086,-0.000,-0.996,0.000,1.000,-0.000,0.996,0.000,0.086),s="Running",v=Vector3.new(56.515,0.009,-4.766)},
        {t=1.273,cf=CFrame.new(6347.749,1096.108,2357.083,0.085,-0.000,-0.996,0.000,1.000,-0.000,0.996,0.000,0.085),s="Running",v=Vector3.new(57.569,0.009,-4.839)},
        {t=1.278,cf=CFrame.new(6348.001,1096.108,2357.061,0.085,-0.000,-0.996,0.000,1.000,-0.000,0.996,0.000,0.085),s="Running",v=Vector3.new(57.832,0.009,-4.854)},
        {t=1.283,cf=CFrame.new(6348.258,1096.108,2357.040,0.085,-0.000,-0.996,0.000,1.000,-0.000,0.996,0.000,0.085),s="Running",v=Vector3.new(57.898,0.009,-4.858)},
        {t=1.288,cf=CFrame.new(6348.704,1096.108,2357.002,0.085,-0.000,-0.996,0.000,1.000,-0.000,0.996,0.000,0.085),s="Running",v=Vector3.new(56.512,0.009,-4.740)},
        {t=1.294,cf=CFrame.new(6348.955,1096.108,2356.981,0.085,-0.000,-0.996,0.000,1.000,-0.000,0.996,0.000,0.085),s="Running",v=Vector3.new(57.568,0.009,-4.829)},
        {t=1.299,cf=CFrame.new(6349.397,1096.108,2356.944,0.085,-0.000,-0.996,0.000,1.000,-0.000,0.996,0.000,0.085),s="Running",v=Vector3.new(56.430,0.009,-4.733)},
        {t=1.304,cf=CFrame.new(6349.646,1096.108,2356.923,0.085,-0.000,-0.996,0.000,1.000,-0.000,0.996,0.000,0.085),s="Running",v=Vector3.new(57.547,0.009,-4.827)},
        {t=1.309,cf=CFrame.new(6349.898,1096.108,2356.902,0.085,-0.000,-0.996,0.000,1.000,-0.000,0.996,0.000,0.085),s="Running",v=Vector3.new(57.827,0.009,-4.850)},
        {t=1.314,cf=CFrame.new(6350.146,1096.108,2356.881,0.085,-0.000,-0.996,0.000,1.000,-0.000,0.996,0.000,0.085),s="Running",v=Vector3.new(57.897,0.009,-4.856)},
        {t=1.318,cf=CFrame.new(6350.394,1096.108,2356.860,0.085,-0.000,-0.996,0.000,1.000,-0.000,0.996,0.000,0.085),s="Running",v=Vector3.new(57.914,0.009,-4.858)},
        {t=1.323,cf=CFrame.new(6350.656,1096.108,2356.838,0.085,-0.000,-0.996,0.000,1.000,-0.000,0.996,0.000,0.085),s="Running",v=Vector3.new(57.919,0.009,-4.858)},
        {t=1.326,cf=CFrame.new(6350.903,1096.108,2356.817,0.085,-0.000,-0.996,0.000,1.000,-0.000,0.996,0.000,0.085),s="Running",v=Vector3.new(57.920,0.009,-4.858)},
        {t=1.330,cf=CFrame.new(6351.150,1096.108,2356.796,0.085,-0.000,-0.996,0.000,1.000,-0.000,0.996,0.000,0.085),s="Running",v=Vector3.new(57.920,0.009,-4.858)},
        {t=1.336,cf=CFrame.new(6351.418,1096.108,2356.774,0.085,-0.000,-0.996,0.000,1.000,-0.000,0.996,0.000,0.085),s="Running",v=Vector3.new(57.920,0.009,-4.858)},
        {t=1.339,cf=CFrame.new(6351.669,1096.108,2356.753,0.085,-0.000,-0.996,0.000,1.000,-0.000,0.996,0.000,0.085),s="Running",v=Vector3.new(57.920,0.009,-4.858)},
        {t=1.343,cf=CFrame.new(6351.914,1096.108,2356.732,0.085,-0.000,-0.996,0.000,1.000,-0.000,0.996,0.000,0.085),s="Running",v=Vector3.new(57.920,0.009,-4.858)},
        {t=1.347,cf=CFrame.new(6352.162,1096.108,2356.711,0.084,-0.000,-0.996,0.000,1.000,-0.000,0.996,0.000,0.084),s="Running",v=Vector3.new(57.920,0.009,-4.858)},
        {t=1.352,cf=CFrame.new(6352.419,1096.108,2356.690,0.084,-0.000,-0.996,0.000,1.000,-0.000,0.996,0.000,0.084),s="Running",v=Vector3.new(57.920,0.009,-4.858)},
        {t=1.355,cf=CFrame.new(6352.665,1096.108,2356.669,0.084,-0.000,-0.996,0.000,1.000,-0.000,0.996,0.000,0.084),s="Running",v=Vector3.new(57.921,0.009,-4.843)},
        {t=1.359,cf=CFrame.new(6352.911,1096.108,2356.648,0.084,-0.000,-0.996,0.000,1.000,-0.000,0.996,0.000,0.084),s="Running",v=Vector3.new(57.925,0.009,-4.800)},
        {t=1.364,cf=CFrame.new(6353.178,1096.108,2356.626,0.084,-0.000,-0.996,0.000,1.000,-0.000,0.996,0.000,0.084),s="Running",v=Vector3.new(57.927,0.009,-4.771)},
        {t=1.369,cf=CFrame.new(6353.429,1096.108,2356.605,0.084,-0.000,-0.996,0.000,1.000,-0.000,0.996,0.000,0.084),s="Running",v=Vector3.new(57.928,0.009,-4.763)},
        {t=1.372,cf=CFrame.new(6353.672,1096.108,2356.585,0.084,-0.000,-0.996,0.000,1.000,-0.000,0.996,0.000,0.084),s="Running",v=Vector3.new(57.928,0.009,-4.760)},
        {t=1.376,cf=CFrame.new(6353.915,1096.108,2356.565,0.084,-0.000,-0.996,0.000,1.000,-0.000,0.996,0.000,0.084),s="Running",v=Vector3.new(57.928,0.009,-4.758)},
        {t=1.380,cf=CFrame.new(6354.166,1096.108,2356.544,0.084,-0.000,-0.996,0.000,1.000,-0.000,0.996,0.000,0.084),s="Running",v=Vector3.new(57.928,0.009,-4.758)},
        {t=1.387,cf=CFrame.new(6354.628,1096.108,2356.507,0.084,-0.000,-0.996,0.000,1.000,-0.000,0.996,0.000,0.084),s="Running",v=Vector3.new(56.526,0.009,-4.642)},
        {t=1.391,cf=CFrame.new(6354.864,1096.108,2356.487,0.084,-0.000,-0.997,0.000,1.000,-0.000,0.997,0.000,0.084),s="Running",v=Vector3.new(57.578,0.009,-4.728)},
        {t=1.394,cf=CFrame.new(6355.103,1096.108,2356.468,0.084,-0.000,-0.997,0.000,1.000,-0.000,0.997,0.000,0.084),s="Running",v=Vector3.new(57.841,0.009,-4.750)},
        {t=1.398,cf=CFrame.new(6355.129,1096.108,2356.465,0.083,-0.000,-0.997,0.000,1.000,-0.000,0.997,0.000,0.083),s="Running",v=Vector3.new(59.309,0.010,-4.871)},
