-- CFrame Auto Walk Recording
-- Total Frames: 7717
-- Recorded HipHeight: 5.058475494384766

return {
    hipHeight = 5.058475494384766,
    frames = {
        {t=0.010,cf=CFrame.new(3177.588,1048.298,-77.999,0.168,0.000,0.986,0.000,1.000,0.000,-0.986,0.000,0.168),s="Running",v=Vector3.new(0.000,0.210,0.000)},
        {t=0.016,cf=CFrame.new(3177.588,1048.302,-77.999,0.168,0.000,0.986,0.000,1.000,0.000,-0.986,0.000,0.168),s="Running",v=Vector3.new(0.000,0.230,0.000)},
        {t=0.021,cf=CFrame.new(3177.588,1048.303,-77.999,0.168,0.000,0.986,0.000,1.000,0.000,-0.986,0.000,0.168),s="Running",v=Vector3.new(0.000,0.209,0.000)},
        {t=0.026,cf=CFrame.new(3177.588,1048.303,-77.999,0.168,0.000,0.986,0.000,1.000,0.000,-0.986,0.000,0.168),s="Running",v=Vector3.new(0.000,0.186,0.000)},
        {t=0.032,cf=CFrame.new(3177.588,1048.305,-77.999,0.168,0.000,0.986,0.000,1.000,0.000,-0.986,0.000,0.168),s="Running",v=Vector3.new(0.000,0.144,0.000)},
        {t=0.037,cf=CFrame.new(3177.588,1048.305,-77.999,0.168,0.000,0.986,0.000,1.000,0.000,-0.986,0.000,0.168),s="Running",v=Vector3.new(0.000,0.125,0.000)},
        {t=0.041,cf=CFrame.new(3177.588,1048.306,-77.999,0.168,0.000,0.986,0.000,1.000,0.000,-0.986,0.000,0.168),s="Running",v=Vector3.new(0.000,0.109,0.000)},
        {t=0.046,cf=CFrame.new(3177.588,1048.306,-77.999,0.168,0.000,0.986,0.000,1.000,0.000,-0.986,0.000,0.168),s="Running",v=Vector3.new(0.000,0.094,0.000)},
        {t=0.051,cf=CFrame.new(3177.588,1048.307,-77.999,0.168,0.000,0.986,0.000,1.000,0.000,-0.986,0.000,0.168),s="Running",v=Vector3.new(0.000,0.082,0.000)},
        {t=0.055,cf=CFrame.new(3177.588,1048.307,-77.999,0.168,0.000,0.986,0.000,1.000,0.000,-0.986,0.000,0.168),s="Running",v=Vector3.new(0.000,0.070,0.000)},
        {t=0.059,cf=CFrame.new(3177.588,1048.307,-77.999,0.168,0.000,0.986,0.000,1.000,0.000,-0.986,0.000,0.168),s="Running",v=Vector3.new(0.000,0.061,0.000)},
        {t=0.063,cf=CFrame.new(3177.588,1048.307,-77.999,0.168,0.000,0.986,0.000,1.000,0.000,-0.986,0.000,0.168),s="Running",v=Vector3.new(0.000,0.053,0.000)},
        {t=0.068,cf=CFrame.new(3177.588,1048.307,-77.999,0.168,0.000,0.986,0.000,1.000,0.000,-0.986,0.000,0.168),s="Running",v=Vector3.new(0.000,0.045,0.000)},
        {t=0.072,cf=CFrame.new(3177.588,1048.308,-77.999,0.168,0.000,0.986,0.000,1.000,0.000,-0.986,0.000,0.168),s="Running",v=Vector3.new(0.000,0.038,0.000)},
        {t=0.076,cf=CFrame.new(3177.588,1048.308,-77.999,0.168,0.000,0.986,0.000,1.000,0.000,-0.986,0.000,0.168),s="Running",v=Vector3.new(0.000,0.033,0.000)},
        {t=0.081,cf=CFrame.new(3177.588,1048.308,-77.999,0.168,0.000,0.986,0.000,1.000,0.000,-0.986,0.000,0.168),s="Running",v=Vector3.new(0.000,0.029,0.000)},
        {t=0.085,cf=CFrame.new(3177.588,1048.308,-77.999,0.168,0.000,0.986,0.000,1.000,0.000,-0.986,0.000,0.168),s="Running",v=Vector3.new(0.000,0.025,0.000)},
        {t=0.089,cf=CFrame.new(3177.588,1048.308,-77.999,0.168,0.000,0.986,0.000,1.000,0.000,-0.986,0.000,0.168),s="Running",v=Vector3.new(0.000,0.021,0.000)},
        {t=0.094,cf=CFrame.new(3177.588,1048.308,-77.999,0.168,0.000,0.986,0.000,1.000,0.000,-0.986,0.000,0.168),s="Running",v=Vector3.new(0.000,0.014,0.000)},
        {t=0.097,cf=CFrame.new(3177.588,1048.308,-77.999,0.168,0.000,0.986,0.000,1.000,0.000,-0.986,0.000,0.168),s="Running",v=Vector3.new(0.000,0.014,0.000)},
        {t=0.102,cf=CFrame.new(3177.588,1048.308,-77.999,0.168,0.000,0.986,0.000,1.000,0.000,-0.986,0.000,0.168),s="Running",v=Vector3.new(0.000,0.012,0.000)},
        {t=0.108,cf=CFrame.new(3177.588,1048.308,-77.999,0.168,0.000,0.986,0.000,1.000,0.000,-0.986,0.000,0.168),s="Running",v=Vector3.new(0.000,0.011,0.000)},
        {t=0.113,cf=CFrame.new(3177.588,1048.308,-77.999,0.168,0.000,0.986,0.000,1.000,0.000,-0.986,0.000,0.168),s="Running",v=Vector3.new(0.000,0.010,0.000)},
        {t=0.117,cf=CFrame.new(3177.588,1048.308,-77.999,0.168,0.000,0.986,0.000,1.000,0.000,-0.986,0.000,0.168),s="Running",v=Vector3.new(0.000,0.010,0.000)},
        {t=0.122,cf=CFrame.new(3177.588,1048.308,-77.999,0.168,0.000,0.986,0.000,1.000,0.000,-0.986,0.000,0.168),s="Running",v=Vector3.new(0.000,0.010,0.000)},
        {t=0.126,cf=CFrame.new(3177.588,1048.308,-77.999,0.168,0.000,0.986,0.000,1.000,0.000,-0.986,0.000,0.168),s="Running",v=Vector3.new(0.000,0.010,0.000)},
        {t=0.131,cf=CFrame.new(3177.588,1048.308,-77.999,0.168,0.000,0.986,0.000,1.000,0.000,-0.986,0.000,0.168),s="Running",v=Vector3.new(0.000,0.010,0.000)},
        {t=0.135,cf=CFrame.new(3177.588,1048.308,-77.999,0.168,0.000,0.986,0.000,1.000,0.000,-0.986,0.000,0.168),s="Running",v=Vector3.new(0.000,0.010,0.000)},
        {t=0.140,cf=CFrame.new(3177.588,1048.308,-77.999,0.168,0.000,0.986,0.000,1.000,0.000,-0.986,0.000,0.168),s="Running",v=Vector3.new(0.000,0.010,0.000)},
        {t=0.144,cf=CFrame.new(3177.588,1048.308,-77.999,0.168,0.000,0.986,0.000,1.000,0.000,-0.986,0.000,0.168),s="Running",v=Vector3.new(0.000,0.010,0.000)},
        {t=0.149,cf=CFrame.new(3177.588,1048.308,-77.999,0.168,0.000,0.986,0.000,1.000,0.000,-0.986,0.000,0.168),s="Running",v=Vector3.new(0.000,0.010,0.000)},
        {t=0.154,cf=CFrame.new(3177.588,1048.308,-77.999,0.168,0.000,0.986,0.000,1.000,0.000,-0.986,0.000,0.168),s="Running",v=Vector3.new(0.000,0.010,0.000)},
        {t=0.158,cf=CFrame.new(3177.588,1048.308,-77.999,0.168,0.000,0.986,0.000,1.000,0.000,-0.986,0.000,0.168),s="Running",v=Vector3.new(0.000,0.010,0.000)},
        {t=0.162,cf=CFrame.new(3177.588,1048.308,-77.999,0.168,0.000,0.986,0.000,1.000,0.000,-0.986,0.000,0.168),s="Running",v=Vector3.new(0.000,0.010,0.000)},
        {t=0.166,cf=CFrame.new(3177.588,1048.308,-77.999,0.168,0.000,0.986,0.000,1.000,0.000,-0.986,0.000,0.168),s="Running",v=Vector3.new(0.000,0.010,0.000)},
        {t=0.171,cf=CFrame.new(3177.588,1048.308,-77.999,0.168,0.000,0.986,0.000,1.000,0.000,-0.986,0.000,0.168),s="Running",v=Vector3.new(0.000,0.010,0.000)},
        {t=0.177,cf=CFrame.new(3177.588,1048.308,-77.999,0.168,0.000,0.986,0.000,1.000,0.000,-0.986,0.000,0.168),s="Running",v=Vector3.new(0.000,0.010,0.000)},
        {t=0.182,cf=CFrame.new(3177.588,1048.308,-77.999,0.168,0.000,0.986,0.000,1.000,0.000,-0.986,0.000,0.168),s="Running",v=Vector3.new(0.000,0.010,0.000)},
        {t=0.187,cf=CFrame.new(3177.588,1048.308,-77.999,0.168,0.000,0.986,0.000,1.000,0.000,-0.986,0.000,0.168),s="Running",v=Vector3.new(0.000,0.010,0.000)},
        {t=0.192,cf=CFrame.new(3177.588,1048.308,-77.999,0.168,0.000,0.986,0.000,1.000,0.000,-0.986,0.000,0.168),s="Running",v=Vector3.new(0.000,0.010,0.000)},
        {t=0.196,cf=CFrame.new(3177.588,1048.308,-77.999,0.168,0.000,0.986,0.000,1.000,0.000,-0.986,0.000,0.168),s="Running",v=Vector3.new(0.000,0.010,0.000)},
        {t=0.201,cf=CFrame.new(3177.588,1048.309,-77.999,0.168,0.000,0.986,0.000,1.000,0.000,-0.986,0.000,0.168),s="Running",v=Vector3.new(-44.394,-2.670,-7.359)},
        {t=0.208,cf=CFrame.new(3177.419,1048.311,-78.027,0.168,0.000,0.986,0.000,1.000,0.000,-0.986,0.000,0.168),s="Running",v=Vector3.new(-54.365,-4.525,-9.116)},
        {t=0.213,cf=CFrame.new(3177.024,1048.276,-78.093,0.168,0.000,0.986,0.000,1.000,0.000,-0.986,0.000,0.168),s="Running",v=Vector3.new(-55.736,-6.818,-9.439)},
        {t=0.218,cf=CFrame.new(3176.807,1048.257,-78.130,0.168,0.000,0.986,0.000,1.000,0.000,-0.986,0.000,0.168),s="Running",v=Vector3.new(-57.175,0.000,-9.787)},
        {t=0.223,cf=CFrame.new(3176.583,1048.257,-78.168,0.168,0.000,0.986,0.000,1.000,0.000,-0.986,0.000,0.168),s="Running",v=Vector3.new(-57.524,-7.434,-9.934)},
        {t=0.227,cf=CFrame.new(3176.352,1048.230,-78.208,0.169,0.000,0.986,0.000,1.000,0.000,-0.986,0.000,0.169),s="Running",v=Vector3.new(-57.602,-9.781,-10.026)},
        {t=0.233,cf=CFrame.new(3175.924,1048.147,-78.283,0.169,0.000,0.986,0.000,1.000,0.000,-0.986,0.000,0.169),s="Running",v=Vector3.new(-56.506,-11.389,-9.892)},
        {t=0.238,cf=CFrame.new(3175.700,1048.104,-78.322,0.169,0.000,0.986,0.000,1.000,0.000,-0.986,0.000,0.169),s="Running",v=Vector3.new(-57.340,-12.271,-10.059)},
        {t=0.243,cf=CFrame.new(3175.469,1048.082,-78.363,0.169,0.000,0.986,0.000,1.000,0.000,-0.986,0.000,0.169),s="Running",v=Vector3.new(-57.548,-11.584,-10.103)},
        {t=0.248,cf=CFrame.new(3175.039,1048.049,-78.438,0.169,0.000,0.986,0.000,1.000,0.000,-0.986,0.000,0.169),s="Running",v=Vector3.new(-56.491,-11.453,-9.920)},
        {t=0.253,cf=CFrame.new(3174.817,1048.028,-78.478,0.170,0.000,0.986,0.000,1.000,0.000,-0.986,0.000,0.170),s="Running",v=Vector3.new(-57.335,-8.328,-10.070)},
        {t=0.258,cf=CFrame.new(3174.581,1048.017,-78.519,0.170,0.000,0.985,0.000,1.000,0.000,-0.985,0.000,0.170),s="Running",v=Vector3.new(-57.547,-2.938,-10.107)},
        {t=0.262,cf=CFrame.new(3174.350,1048.016,-78.560,0.170,0.000,0.985,0.000,1.000,0.000,-0.985,0.000,0.170),s="Running",v=Vector3.new(-57.599,-0.854,-10.116)},
        {t=0.267,cf=CFrame.new(3174.119,1048.020,-78.600,0.170,0.000,0.985,0.000,1.000,0.000,-0.985,0.000,0.170),s="Running",v=Vector3.new(-57.612,0.368,-10.119)},
        {t=0.271,cf=CFrame.new(3173.884,1048.026,-78.642,0.170,0.000,0.985,0.000,1.000,0.000,-0.985,0.000,0.170),s="Running",v=Vector3.new(-57.616,1.133,-10.119)},
        {t=0.277,cf=CFrame.new(3173.643,1048.034,-78.684,0.170,0.000,0.985,0.000,1.000,0.000,-0.985,0.000,0.170),s="Running",v=Vector3.new(-57.617,1.461,-10.119)},
        {t=0.283,cf=CFrame.new(3173.194,1048.049,-78.763,0.170,0.000,0.985,0.000,1.000,0.000,-0.985,0.000,0.170),s="Running",v=Vector3.new(-56.508,1.517,-9.925)},
        {t=0.288,cf=CFrame.new(3172.960,1048.057,-78.804,0.171,0.000,0.985,0.000,1.000,0.000,-0.985,0.000,0.171),s="Running",v=Vector3.new(-57.340,1.394,-10.071)},
        {t=0.293,cf=CFrame.new(3172.718,1048.063,-78.847,0.171,0.000,0.985,0.000,1.000,0.000,-0.985,0.000,0.171),s="Running",v=Vector3.new(-57.548,1.243,-10.107)},
        {t=0.298,cf=CFrame.new(3172.278,1048.073,-78.924,0.171,0.000,0.985,0.000,1.000,0.000,-0.985,0.000,0.171),s="Running",v=Vector3.new(-56.491,1.071,-9.922)},
        {t=0.304,cf=CFrame.new(3172.039,1048.078,-78.966,0.171,0.000,0.985,0.000,1.000,0.000,-0.985,0.000,0.171),s="Running",v=Vector3.new(-57.335,0.896,-10.070)},
        {t=0.309,cf=CFrame.new(3171.796,1048.082,-79.009,0.171,0.000,0.985,0.000,1.000,0.000,-0.985,0.000,0.171),s="Running",v=Vector3.new(-57.546,0.768,-10.107)},
        {t=0.313,cf=CFrame.new(3171.556,1048.085,-79.051,0.171,0.000,0.985,0.000,1.000,0.000,-0.985,0.000,0.171),s="Running",v=Vector3.new(-57.599,0.662,-10.116)},
        {t=0.318,cf=CFrame.new(3171.315,1048.088,-79.093,0.171,0.000,0.985,0.000,1.000,0.000,-0.985,0.000,0.171),s="Running",v=Vector3.new(-57.612,0.580,-10.119)},
        {t=0.322,cf=CFrame.new(3171.069,1048.091,-79.137,0.171,0.000,0.985,0.000,1.000,0.000,-0.985,0.000,0.171),s="Running",v=Vector3.new(-57.620,0.487,-10.097)},
        {t=0.327,cf=CFrame.new(3170.823,1048.093,-79.180,0.171,0.000,0.985,0.000,1.000,0.000,-0.985,0.000,0.171),s="Running",v=Vector3.new(-57.628,0.412,-10.055)},
        {t=0.331,cf=CFrame.new(3170.575,1048.095,-79.223,0.171,0.000,0.985,0.000,1.000,0.000,-0.985,0.000,0.171),s="Running",v=Vector3.new(-57.632,0.348,-10.033)},
        {t=0.336,cf=CFrame.new(3170.134,1048.098,-79.300,0.171,0.000,0.985,0.000,1.000,0.000,-0.985,0.000,0.171),s="Running",v=Vector3.new(-56.536,0.298,-9.763)},
        {t=0.340,cf=CFrame.new(3169.898,1048.100,-79.341,0.171,0.000,0.985,0.000,1.000,0.000,-0.985,0.000,0.171),s="Running",v=Vector3.new(-57.381,0.253,-9.830)},
        {t=0.343,cf=CFrame.new(3169.881,1048.100,-79.344,0.171,0.000,0.985,0.000,1.000,0.000,-0.985,0.000,0.171),s="Running",v=Vector3.new(-58.710,0.224,-9.994)},
        {t=0.348,cf=CFrame.new(3169.630,1048.101,-79.386,0.170,0.000,0.985,0.000,1.000,0.000,-0.985,0.000,0.170),s="Running",v=Vector3.new(-57.939,0.195,-9.806)},
        {t=0.352,cf=CFrame.new(3169.380,1048.102,-79.429,0.170,0.000,0.985,0.000,1.000,0.000,-0.985,0.000,0.170),s="Running",v=Vector3.new(-57.748,0.166,-9.745)},
        {t=0.356,cf=CFrame.new(3169.133,1048.103,-79.470,0.170,0.000,0.985,0.000,1.000,0.000,-0.985,0.000,0.170),s="Running",v=Vector3.new(-57.707,0.145,-9.695)},
        {t=0.360,cf=CFrame.new(3168.886,1048.103,-79.512,0.170,0.000,0.986,0.000,1.000,0.000,-0.986,0.000,0.170),s="Running",v=Vector3.new(-57.701,0.125,-9.653)},
        {t=0.364,cf=CFrame.new(3168.642,1048.104,-79.553,0.169,0.000,0.986,0.000,1.000,0.000,-0.986,0.000,0.169),s="Running",v=Vector3.new(-57.707,0.108,-9.600)},
        {t=0.369,cf=CFrame.new(3168.394,1048.105,-79.594,0.169,0.000,0.986,0.000,1.000,0.000,-0.986,0.000,0.169),s="Running",v=Vector3.new(-57.713,0.094,-9.556)},
        {t=0.373,cf=CFrame.new(3168.148,1048.105,-79.635,0.169,0.000,0.986,0.000,1.000,0.000,-0.986,0.000,0.169),s="Running",v=Vector3.new(-57.721,0.081,-9.508)},
        {t=0.377,cf=CFrame.new(3167.899,1048.105,-79.676,0.168,0.000,0.986,0.000,1.000,0.000,-0.986,0.000,0.168),s="Running",v=Vector3.new(-57.742,0.069,-9.381)},
        {t=0.382,cf=CFrame.new(3167.453,1048.106,-79.749,0.168,0.000,0.986,0.000,1.000,0.000,-0.986,0.000,0.168),s="Running",v=Vector3.new(-56.645,0.060,-9.107)},
        {t=0.386,cf=CFrame.new(3167.220,1048.106,-79.786,0.167,0.000,0.986,0.000,1.000,0.000,-0.986,0.000,0.167),s="Running",v=Vector3.new(-57.491,0.051,-9.166)},
        {t=0.389,cf=CFrame.new(3167.200,1048.106,-79.789,0.167,0.000,0.986,0.000,1.000,0.000,-0.986,0.000,0.167),s="Running",v=Vector3.new(-58.827,0.044,-9.279)},
        {t=0.394,cf=CFrame.new(3166.947,1048.107,-79.829,0.166,0.000,0.986,0.000,1.000,0.000,-0.986,0.000,0.166),s="Running",v=Vector3.new(-58.064,0.039,-9.035)},
        {t=0.398,cf=CFrame.new(3166.699,1048.107,-79.868,0.165,0.000,0.986,0.000,1.000,0.000,-0.986,0.000,0.165),s="Running",v=Vector3.new(-57.882,0.034,-8.915)},
        {t=0.403,cf=CFrame.new(3166.449,1048.107,-79.907,0.164,0.000,0.986,0.000,1.000,0.000,-0.986,0.000,0.164),s="Running",v=Vector3.new(-57.850,0.030,-8.799)},
        {t=0.407,cf=CFrame.new(3166.005,1048.107,-79.974,0.163,0.000,0.987,0.000,1.000,0.000,-0.987,0.000,0.163),s="Running",v=Vector3.new(-56.743,0.026,-8.508)},
        {t=0.412,cf=CFrame.new(3165.760,1048.107,-80.011,0.162,0.000,0.987,0.000,1.000,0.000,-0.987,0.000,0.162),s="Running",v=Vector3.new(-57.591,0.020,-8.523)},
        {t=0.417,cf=CFrame.new(3165.521,1048.108,-80.047,0.161,0.000,0.987,0.000,1.000,0.000,-0.987,0.000,0.161),s="Running",v=Vector3.new(-57.819,0.018,-8.419)},
        {t=0.421,cf=CFrame.new(3165.274,1048.108,-80.083,0.160,0.000,0.987,0.000,1.000,0.000,-0.987,0.000,0.160),s="Running",v=Vector3.new(-57.901,0.015,-8.212)},
        {t=0.426,cf=CFrame.new(3165.022,1048.108,-80.119,0.159,0.000,0.987,0.000,1.000,0.000,-0.987,0.000,0.159),s="Running",v=Vector3.new(-57.935,0.013,-8.069)},
        {t=0.430,cf=CFrame.new(3164.777,1048.108,-80.153,0.158,0.000,0.987,0.000,1.000,0.000,-0.987,0.000,0.158),s="Running",v=Vector3.new(-57.945,0.012,-8.025)},
        {t=0.434,cf=CFrame.new(3164.530,1048.108,-80.187,0.157,0.000,0.988,0.000,1.000,0.000,-0.988,0.000,0.157),s="Running",v=Vector3.new(-57.948,0.011,-8.009)},
        {t=0.439,cf=CFrame.new(3164.278,1048.108,-80.222,0.156,0.000,0.988,0.000,1.000,0.000,-0.988,0.000,0.156),s="Running",v=Vector3.new(-57.949,0.011,-8.003)},
        {t=0.445,cf=CFrame.new(3163.817,1048.108,-80.286,0.155,0.000,0.988,0.000,1.000,0.000,-0.988,0.000,0.155),s="Running",v=Vector3.new(-56.840,0.011,-7.799)},
        {t=0.450,cf=CFrame.new(3163.567,1048.108,-80.321,0.154,0.000,0.988,0.000,1.000,0.000,-0.988,0.000,0.154),s="Running",v=Vector3.new(-57.681,0.011,-7.882)},
        {t=0.456,cf=CFrame.new(3163.306,1048.108,-80.357,0.153,0.000,0.988,0.000,1.000,0.000,-0.988,0.000,0.153),s="Running",v=Vector3.new(-57.892,0.010,-7.896)},
        {t=0.461,cf=CFrame.new(3163.045,1048.108,-80.393,0.152,0.000,0.988,0.000,1.000,0.000,-0.988,0.000,0.152),s="Running",v=Vector3.new(-57.945,0.010,-7.899)},
        {t=0.466,cf=CFrame.new(3162.593,1048.108,-80.454,0.151,0.000,0.988,0.000,1.000,0.000,-0.988,0.000,0.151),s="Running",v=Vector3.new(-56.843,0.011,-7.747)},
        {t=0.470,cf=CFrame.new(3162.349,1048.108,-80.488,0.150,0.000,0.989,0.000,1.000,0.000,-0.989,0.000,0.150),s="Running",v=Vector3.new(-57.683,0.010,-7.859)},
        {t=0.475,cf=CFrame.new(3162.097,1048.108,-80.522,0.150,0.000,0.989,0.000,1.000,0.000,-0.989,0.000,0.150),s="Running",v=Vector3.new(-57.900,0.010,-7.836)},
        {t=0.480,cf=CFrame.new(3161.845,1048.108,-80.556,0.149,0.000,0.989,0.000,1.000,0.000,-0.989,0.000,0.149),s="Running",v=Vector3.new(-57.956,0.010,-7.816)},
        {t=0.486,cf=CFrame.new(3161.389,1048.108,-80.618,0.148,0.000,0.989,0.000,1.000,0.000,-0.989,0.000,0.148),s="Running",v=Vector3.new(-56.859,0.011,-7.627)},
        {t=0.492,cf=CFrame.new(3161.135,1048.108,-80.652,0.147,0.000,0.989,0.000,1.000,0.000,-0.989,0.000,0.147),s="Running",v=Vector3.new(-57.706,0.010,-7.689)},
        {t=0.497,cf=CFrame.new(3160.875,1048.108,-80.687,0.146,0.000,0.989,0.000,1.000,0.000,-0.989,0.000,0.146),s="Running",v=Vector3.new(-57.921,0.010,-7.679)},
        {t=0.502,cf=CFrame.new(3160.422,1048.108,-80.747,0.145,0.000,0.989,0.000,1.000,0.000,-0.989,0.000,0.145),s="Running",v=Vector3.new(-56.865,0.011,-7.484)},
        {t=0.508,cf=CFrame.new(3160.165,1048.108,-80.781,0.144,0.000,0.990,0.000,1.000,0.000,-0.990,0.000,0.144),s="Running",v=Vector3.new(-57.725,0.010,-7.519)},
        {t=0.514,cf=CFrame.new(3159.905,1048.108,-80.815,0.143,0.000,0.990,0.000,1.000,0.000,-0.990,0.000,0.143),s="Running",v=Vector3.new(-57.943,0.010,-7.508)},
        {t=0.519,cf=CFrame.new(3159.644,1048.108,-80.849,0.142,0.000,0.990,0.000,1.000,0.000,-0.990,0.000,0.142),s="Running",v=Vector3.new(-58.002,0.010,-7.470)},
        {t=0.523,cf=CFrame.new(3159.383,1048.108,-80.883,0.142,0.000,0.990,0.000,1.000,0.000,-0.990,0.000,0.142),s="Running",v=Vector3.new(-58.021,0.010,-7.426)},
        {t=0.528,cf=CFrame.new(3158.930,1048.108,-80.941,0.141,0.000,0.990,0.000,1.000,0.000,-0.990,0.000,0.141),s="Running",v=Vector3.new(-56.915,0.011,-7.225)},
        {t=0.533,cf=CFrame.new(3158.678,1048.108,-80.973,0.140,0.000,0.990,0.000,1.000,0.000,-0.990,0.000,0.140),s="Running",v=Vector3.new(-57.766,0.010,-7.235)},
        {t=0.538,cf=CFrame.new(3158.427,1048.108,-81.005,0.139,0.000,0.990,0.000,1.000,0.000,-0.990,0.000,0.139),s="Running",v=Vector3.new(-57.983,0.010,-7.203)},
        {t=0.543,cf=CFrame.new(3158.169,1048.108,-81.037,0.138,0.000,0.990,0.000,1.000,0.000,-0.990,0.000,0.138),s="Running",v=Vector3.new(-58.046,0.010,-7.124)},
        {t=0.548,cf=CFrame.new(3157.910,1048.108,-81.069,0.137,0.000,0.991,0.000,1.000,0.000,-0.991,0.000,0.137),s="Running",v=Vector3.new(-58.071,0.010,-7.024)},
        {t=0.553,cf=CFrame.new(3157.452,1048.108,-81.125,0.136,0.000,0.991,0.000,1.000,0.000,-0.991,0.000,0.136),s="Running",v=Vector3.new(-56.975,0.011,-6.737)},
        {t=0.558,cf=CFrame.new(3157.200,1048.108,-81.155,0.134,0.000,0.991,0.000,1.000,0.000,-0.991,0.000,0.134),s="Running",v=Vector3.new(-57.833,0.010,-6.671)},
        {t=0.563,cf=CFrame.new(3156.943,1048.108,-81.185,0.133,0.000,0.991,0.000,1.000,0.000,-0.991,0.000,0.133),s="Running",v=Vector3.new(-58.060,0.010,-6.550)},
        {t=0.567,cf=CFrame.new(3156.695,1048.108,-81.213,0.132,0.000,0.991,0.000,1.000,0.000,-0.991,0.000,0.132),s="Running",v=Vector3.new(-58.128,0.010,-6.412)},
        {t=0.572,cf=CFrame.new(3156.442,1048.108,-81.241,0.131,0.000,0.991,0.000,1.000,0.000,-0.991,0.000,0.131),s="Running",v=Vector3.new(-58.151,0.010,-6.325)},
        {t=0.576,cf=CFrame.new(3156.190,1048.108,-81.269,0.130,0.000,0.992,0.000,1.000,0.000,-0.992,0.000,0.130),s="Running",v=Vector3.new(-58.165,0.010,-6.230)},
        {t=0.580,cf=CFrame.new(3155.943,1048.108,-81.296,0.129,0.000,0.992,0.000,1.000,0.000,-0.992,0.000,0.129),s="Running",v=Vector3.new(-58.173,0.010,-6.160)},
        {t=0.584,cf=CFrame.new(3155.699,1048.108,-81.322,0.128,0.000,0.992,0.000,1.000,0.000,-0.992,0.000,0.128),s="Running",v=Vector3.new(-58.182,0.010,-6.080)},
        {t=0.588,cf=CFrame.new(3155.453,1048.108,-81.348,0.127,0.000,0.992,0.000,1.000,0.000,-0.992,0.000,0.127),s="Running",v=Vector3.new(-58.192,0.010,-5.980)},
        {t=0.592,cf=CFrame.new(3155.205,1048.108,-81.373,0.125,0.000,0.992,0.000,1.000,0.000,-0.992,0.000,0.125),s="Running",v=Vector3.new(-58.202,0.010,-5.879)},
        {t=0.596,cf=CFrame.new(3154.954,1048.108,-81.399,0.124,0.000,0.992,0.000,1.000,0.000,-0.992,0.000,0.124),s="Running",v=Vector3.new(-58.214,0.010,-5.767)},
        {t=0.599,cf=CFrame.new(3154.702,1048.108,-81.424,0.123,0.000,0.992,0.000,1.000,0.000,-0.992,0.000,0.123),s="Running",v=Vector3.new(-58.220,0.010,-5.701)},
        {t=0.603,cf=CFrame.new(3154.456,1048.108,-81.449,0.122,0.000,0.992,0.000,1.000,0.000,-0.992,0.000,0.122),s="Running",v=Vector3.new(-58.222,0.010,-5.680)},
        {t=0.608,cf=CFrame.new(3154.204,1048.108,-81.474,0.121,0.000,0.993,0.000,1.000,0.000,-0.993,0.000,0.121),s="Running",v=Vector3.new(-58.228,0.010,-5.624)},
        {t=0.612,cf=CFrame.new(3153.956,1048.108,-81.498,0.120,0.000,0.993,0.000,1.000,0.000,-0.993,0.000,0.120),s="Running",v=Vector3.new(-58.235,0.010,-5.544)},
        {t=0.615,cf=CFrame.new(3153.708,1048.108,-81.522,0.119,0.000,0.993,0.000,1.000,0.000,-0.993,0.000,0.119),s="Running",v=Vector3.new(-58.240,0.010,-5.495)},
        {t=0.619,cf=CFrame.new(3153.456,1048.108,-81.546,0.118,0.000,0.993,0.000,1.000,0.000,-0.993,0.000,0.118),s="Running",v=Vector3.new(-58.246,0.010,-5.434)},
        {t=0.624,cf=CFrame.new(3153.207,1048.108,-81.569,0.117,0.000,0.993,0.000,1.000,0.000,-0.993,0.000,0.117),s="Running",v=Vector3.new(-58.250,0.010,-5.391)},
        {t=0.627,cf=CFrame.new(3152.959,1048.108,-81.593,0.116,0.000,0.993,0.000,1.000,0.000,-0.993,0.000,0.116),s="Running",v=Vector3.new(-58.257,0.010,-5.308)},
        {t=0.631,cf=CFrame.new(3152.711,1048.108,-81.615,0.115,0.000,0.993,0.000,1.000,0.000,-0.993,0.000,0.115),s="Running",v=Vector3.new(-58.266,0.010,-5.214)},
        {t=0.634,cf=CFrame.new(3152.691,1048.108,-81.617,0.114,0.000,0.994,0.000,1.000,0.000,-0.994,0.000,0.114),s="Running",v=Vector3.new(-59.390,0.010,-5.285)},
        {t=0.640,cf=CFrame.new(3152.224,1048.108,-81.659,0.112,0.000,0.994,0.000,1.000,0.000,-0.994,0.000,0.112),s="Running",v=Vector3.new(-57.433,0.011,-5.047)},
        {t=0.644,cf=CFrame.new(3151.986,1048.108,-81.681,0.111,0.000,0.994,0.000,1.000,0.000,-0.994,0.000,0.111),s="Running",v=Vector3.new(-58.070,0.010,-5.030)},
        {t=0.647,cf=CFrame.new(3151.968,1048.108,-81.682,0.110,0.000,0.994,0.000,1.000,0.000,-0.994,0.000,0.110),s="Running",v=Vector3.new(-59.356,0.010,-5.069)},
        {t=0.652,cf=CFrame.new(3151.502,1048.108,-81.723,0.108,0.000,0.994,0.000,1.000,0.000,-0.994,0.000,0.108),s="Running",v=Vector3.new(-57.443,0.011,-4.778)},
        {t=0.656,cf=CFrame.new(3151.261,1048.108,-81.743,0.107,0.000,0.994,0.000,1.000,0.000,-0.994,0.000,0.107),s="Running",v=Vector3.new(-58.092,0.010,-4.731)},
        {t=0.660,cf=CFrame.new(3151.023,1048.108,-81.763,0.106,0.000,0.994,0.000,1.000,0.000,-0.994,0.000,0.106),s="Running",v=Vector3.new(-58.256,0.010,-4.696)},
        {t=0.664,cf=CFrame.new(3150.784,1048.108,-81.782,0.105,0.000,0.994,0.000,1.000,0.000,-0.994,0.000,0.105),s="Running",v=Vector3.new(-58.305,0.010,-4.584)},
        {t=0.669,cf=CFrame.new(3150.534,1048.108,-81.802,0.103,0.000,0.995,0.000,1.000,0.000,-0.995,0.000,0.103),s="Running",v=Vector3.new(-58.327,0.010,-4.436)},
        {t=0.673,cf=CFrame.new(3150.284,1048.108,-81.821,0.102,0.000,0.995,0.000,1.000,0.000,-0.995,0.000,0.102),s="Running",v=Vector3.new(-58.338,0.010,-4.316)},
        {t=0.678,cf=CFrame.new(3150.035,1048.108,-81.840,0.101,0.000,0.995,0.000,1.000,0.000,-0.995,0.000,0.101),s="Running",v=Vector3.new(-58.343,0.010,-4.269)},
        {t=0.682,cf=CFrame.new(3149.787,1048.108,-81.858,0.100,0.000,0.995,0.000,1.000,0.000,-0.995,0.000,0.100),s="Running",v=Vector3.new(-58.344,0.010,-4.251)},
        {t=0.685,cf=CFrame.new(3149.542,1048.108,-81.877,0.099,0.000,0.995,0.000,1.000,0.000,-0.995,0.000,0.099),s="Running",v=Vector3.new(-58.347,0.010,-4.214)},
        {t=0.689,cf=CFrame.new(3149.294,1048.108,-81.895,0.097,0.000,0.995,0.000,1.000,0.000,-0.995,0.000,0.097),s="Running",v=Vector3.new(-58.350,0.010,-4.172)},
        {t=0.696,cf=CFrame.new(3149.015,1048.108,-81.915,0.096,0.000,0.995,0.000,1.000,0.000,-0.995,0.000,0.096),s="Running",v=Vector3.new(-58.355,0.010,-4.094)},
        {t=0.703,cf=CFrame.new(3148.541,1048.108,-81.949,0.094,0.000,0.996,0.000,1.000,0.000,-0.996,0.000,0.094),s="Running",v=Vector3.new(-57.235,0.011,-3.976)},
        {t=0.709,cf=CFrame.new(3148.281,1048.108,-81.967,0.092,0.000,0.996,0.000,1.000,0.000,-0.996,0.000,0.092),s="Running",v=Vector3.new(-58.078,0.010,-4.023)},
        {t=0.714,cf=CFrame.new(3148.019,1048.108,-81.986,0.091,0.000,0.996,0.000,1.000,0.000,-0.996,0.000,0.091),s="Running",v=Vector3.new(-58.289,0.010,-4.034)},
        {t=0.720,cf=CFrame.new(3147.548,1048.108,-82.019,0.090,0.000,0.996,0.000,1.000,0.000,-0.996,0.000,0.090),s="Running",v=Vector3.new(-57.219,0.011,-3.958)},
        {t=0.724,cf=CFrame.new(3147.294,1048.108,-82.036,0.089,0.000,0.996,0.000,1.000,0.000,-0.996,0.000,0.089),s="Running",v=Vector3.new(-58.074,0.010,-4.017)},
        {t=0.728,cf=CFrame.new(3147.047,1048.108,-82.054,0.088,0.000,0.996,0.000,1.000,0.000,-0.996,0.000,0.088),s="Running",v=Vector3.new(-58.288,0.010,-4.032)},
        {t=0.732,cf=CFrame.new(3146.799,1048.108,-82.071,0.088,0.000,0.996,0.000,1.000,0.000,-0.996,0.000,0.088),s="Running",v=Vector3.new(-58.342,0.010,-4.035)},
        {t=0.735,cf=CFrame.new(3146.555,1048.108,-82.088,0.087,0.000,0.996,0.000,1.000,0.000,-0.996,0.000,0.087),s="Running",v=Vector3.new(-58.357,0.010,-4.007)},
        {t=0.741,cf=CFrame.new(3146.294,1048.108,-82.106,0.086,0.000,0.996,0.000,1.000,0.000,-0.996,0.000,0.086),s="Running",v=Vector3.new(-58.363,0.010,-3.967)},
        {t=0.745,cf=CFrame.new(3146.047,1048.108,-82.123,0.085,0.000,0.996,0.000,1.000,0.000,-0.996,0.000,0.085),s="Running",v=Vector3.new(-58.365,0.010,-3.948)},
        {t=0.749,cf=CFrame.new(3145.790,1048.108,-82.141,0.084,0.000,0.996,0.000,1.000,0.000,-0.996,0.000,0.084),s="Running",v=Vector3.new(-58.366,0.010,-3.939)},
        {t=0.753,cf=CFrame.new(3145.541,1048.108,-82.158,0.084,0.000,0.996,0.000,1.000,0.000,-0.996,0.000,0.084),s="Running",v=Vector3.new(-58.366,0.010,-3.936)},
        {t=0.758,cf=CFrame.new(3145.282,1048.108,-82.175,0.083,0.000,0.997,0.000,1.000,0.000,-0.997,0.000,0.083),s="Running",v=Vector3.new(-58.366,0.010,-3.935)},
        {t=0.763,cf=CFrame.new(3144.824,1048.108,-82.207,0.082,0.000,0.997,0.000,1.000,0.000,-0.997,0.000,0.082),s="Running",v=Vector3.new(-57.243,0.011,-3.859)},
        {t=0.769,cf=CFrame.new(3144.569,1048.108,-82.224,0.081,0.000,0.997,0.000,1.000,0.000,-0.997,0.000,0.081),s="Running",v=Vector3.new(-58.085,0.010,-3.916)},
        {t=0.774,cf=CFrame.new(3144.304,1048.108,-82.242,0.080,0.000,0.997,0.000,1.000,0.000,-0.997,0.000,0.080),s="Running",v=Vector3.new(-58.296,0.010,-3.930)},
        {t=0.778,cf=CFrame.new(3144.058,1048.108,-82.259,0.080,0.000,0.997,0.000,1.000,0.000,-0.997,0.000,0.080),s="Running",v=Vector3.new(-58.349,0.010,-3.933)},
        {t=0.782,cf=CFrame.new(3143.803,1048.108,-82.276,0.080,0.000,0.997,0.000,1.000,0.000,-0.997,0.000,0.080),s="Running",v=Vector3.new(-58.362,0.010,-3.934)},
        {t=0.786,cf=CFrame.new(3143.557,1048.108,-82.293,0.079,0.000,0.997,0.000,1.000,0.000,-0.997,0.000,0.079),s="Running",v=Vector3.new(-58.365,0.010,-3.934)},
        {t=0.790,cf=CFrame.new(3143.309,1048.108,-82.310,0.079,0.000,0.997,0.000,1.000,0.000,-0.997,0.000,0.079),s="Running",v=Vector3.new(-58.366,0.010,-3.935)},
        {t=0.793,cf=CFrame.new(3143.069,1048.108,-82.326,0.078,0.000,0.997,0.000,1.000,0.000,-0.997,0.000,0.078),s="Running",v=Vector3.new(-58.366,0.010,-3.935)},
        {t=0.797,cf=CFrame.new(3142.821,1048.108,-82.343,0.078,0.000,0.997,0.000,1.000,0.000,-0.997,0.000,0.078),s="Running",v=Vector3.new(-58.366,0.010,-3.935)},
        {t=0.802,cf=CFrame.new(3142.566,1048.108,-82.360,0.077,0.000,0.997,0.000,1.000,0.000,-0.997,0.000,0.077),s="Running",v=Vector3.new(-58.366,0.010,-3.935)},
        {t=0.808,cf=CFrame.new(3142.300,1048.108,-82.378,0.077,0.000,0.997,0.000,1.000,0.000,-0.997,0.000,0.077),s="Running",v=Vector3.new(-58.366,0.010,-3.935)},
        {t=0.811,cf=CFrame.new(3142.056,1048.108,-82.395,0.076,0.000,0.997,0.000,1.000,0.000,-0.997,0.000,0.076),s="Running",v=Vector3.new(-58.366,0.010,-3.935)},
        {t=0.814,cf=CFrame.new(3141.813,1048.108,-82.411,0.076,0.000,0.997,0.000,1.000,0.000,-0.997,0.000,0.076),s="Running",v=Vector3.new(-58.366,0.010,-3.935)},
        {t=0.819,cf=CFrame.new(3141.556,1048.108,-82.429,0.076,0.000,0.997,0.000,1.000,0.000,-0.997,0.000,0.076),s="Running",v=Vector3.new(-58.366,0.010,-3.935)},
        {t=0.821,cf=CFrame.new(3141.539,1048.108,-82.430,0.075,0.000,0.997,0.000,1.000,0.000,-0.997,0.000,0.075),s="Running",v=Vector3.new(-59.491,0.010,-3.989)},
        {t=0.827,cf=CFrame.new(3141.063,1048.108,-82.462,0.075,0.000,0.997,0.000,1.000,0.000,-0.997,0.000,0.075),s="Running",v=Vector3.new(-57.528,0.011,-3.811)},
        {t=0.829,cf=CFrame.new(3141.044,1048.108,-82.463,0.075,0.000,0.997,0.000,1.000,0.000,-0.997,0.000,0.075),s="Running",v=Vector3.new(-59.286,0.010,-3.891)},
        {t=0.835,cf=CFrame.new(3140.574,1048.108,-82.494,0.074,0.000,0.997,0.000,1.000,0.000,-0.997,0.000,0.074),s="Running",v=Vector3.new(-57.483,0.011,-3.686)},
        {t=0.840,cf=CFrame.new(3140.317,1048.108,-82.511,0.073,0.000,0.997,0.000,1.000,0.000,-0.997,0.000,0.073),s="Running",v=Vector3.new(-58.159,0.010,-3.659)},
        {t=0.843,cf=CFrame.new(3140.072,1048.108,-82.526,0.073,0.000,0.997,0.000,1.000,0.000,-0.997,0.000,0.073),s="Running",v=Vector3.new(-58.334,0.010,-3.561)},
        {t=0.846,cf=CFrame.new(3140.051,1048.108,-82.528,0.072,0.000,0.997,0.000,1.000,0.000,-0.997,0.000,0.072),s="Running",v=Vector3.new(-59.504,0.010,-3.570)},
        {t=0.852,cf=CFrame.new(3139.575,1048.108,-82.556,0.071,0.000,0.997,0.000,1.000,0.000,-0.997,0.000,0.071),s="Running",v=Vector3.new(-57.550,0.011,-3.406)},
        {t=0.857,cf=CFrame.new(3139.316,1048.108,-82.572,0.071,0.000,0.998,0.000,1.000,0.000,-0.998,0.000,0.071),s="Running",v=Vector3.new(-58.190,0.010,-3.365)},
        {t=0.861,cf=CFrame.new(3139.067,1048.108,-82.586,0.070,0.000,0.998,0.000,1.000,0.000,-0.998,0.000,0.070),s="Running",v=Vector3.new(-58.352,0.010,-3.310)},
        {t=0.863,cf=CFrame.new(3139.049,1048.108,-82.587,0.070,0.000,0.998,0.000,1.000,0.000,-0.998,0.000,0.070),s="Running",v=Vector3.new(-59.518,0.010,-3.337)},
        {t=0.868,cf=CFrame.new(3138.785,1048.108,-82.602,0.069,0.000,0.998,0.000,1.000,0.000,-0.998,0.000,0.069),s="Running",v=Vector3.new(-58.688,0.010,-3.237)},
        {t=0.873,cf=CFrame.new(3138.316,1048.108,-82.629,0.068,0.000,0.998,0.000,1.000,0.000,-0.998,0.000,0.068),s="Running",v=Vector3.new(-57.359,0.011,-3.099)},
        {t=0.875,cf=CFrame.new(3138.298,1048.108,-82.630,0.068,0.000,0.998,0.000,1.000,0.000,-0.998,0.000,0.068),s="Running",v=Vector3.new(-59.275,0.010,-3.183)},
        {t=0.882,cf=CFrame.new(3137.820,1048.108,-82.656,0.067,0.000,0.998,0.000,1.000,0.000,-0.998,0.000,0.067),s="Running",v=Vector3.new(-57.506,0.011,-3.077)},
        {t=0.885,cf=CFrame.new(3137.578,1048.108,-82.669,0.066,0.000,0.998,0.000,1.000,0.000,-0.998,0.000,0.066),s="Running",v=Vector3.new(-58.188,0.010,-3.109)},
        {t=0.888,cf=CFrame.new(3137.559,1048.108,-82.670,0.066,0.000,0.998,0.000,1.000,0.000,-0.998,0.000,0.066),s="Running",v=Vector3.new(-59.483,0.010,-3.177)},
        {t=0.893,cf=CFrame.new(3137.082,1048.108,-82.696,0.065,0.000,0.998,0.000,1.000,0.000,-0.998,0.000,0.065),s="Running",v=Vector3.new(-57.558,0.011,-3.073)},
        {t=0.899,cf=CFrame.new(3136.826,1048.108,-82.709,0.065,0.000,0.998,0.000,1.000,0.000,-0.998,0.000,0.065),s="Running",v=Vector3.new(-58.201,0.010,-3.107)},
        {t=0.902,cf=CFrame.new(3136.579,1048.108,-82.723,0.064,0.000,0.998,0.000,1.000,0.000,-0.998,0.000,0.064),s="Running",v=Vector3.new(-58.362,0.010,-3.116)},
        {t=0.907,cf=CFrame.new(3136.324,1048.108,-82.737,0.064,0.000,0.998,0.000,1.000,0.000,-0.998,0.000,0.064),s="Running",v=Vector3.new(-58.402,0.010,-3.118)},
        {t=0.911,cf=CFrame.new(3136.075,1048.108,-82.750,0.063,0.000,0.998,0.000,1.000,0.000,-0.998,0.000,0.063),s="Running",v=Vector3.new(-58.412,0.010,-3.118)},
        {t=0.915,cf=CFrame.new(3135.824,1048.108,-82.764,0.063,0.000,0.998,0.000,1.000,0.000,-0.998,0.000,0.063),s="Running",v=Vector3.new(-58.415,0.010,-3.119)},
        {t=0.921,cf=CFrame.new(3135.546,1048.108,-82.779,0.062,0.000,0.998,0.000,1.000,0.000,-0.998,0.000,0.062),s="Running",v=Vector3.new(-58.415,0.010,-3.119)},
        {t=0.929,cf=CFrame.new(3135.059,1048.108,-82.805,0.062,0.000,0.998,0.000,1.000,0.000,-0.998,0.000,0.062),s="Running",v=Vector3.new(-57.291,0.011,-3.059)},
        {t=0.934,cf=CFrame.new(3134.798,1048.108,-82.819,0.061,0.000,0.998,0.000,1.000,0.000,-0.998,0.000,0.061),s="Running",v=Vector3.new(-58.134,0.010,-3.104)},
        {t=0.940,cf=CFrame.new(3134.330,1048.108,-82.844,0.061,0.000,0.998,0.000,1.000,0.000,-0.998,0.000,0.061),s="Running",v=Vector3.new(-57.221,0.011,-3.055)},
        {t=0.944,cf=CFrame.new(3134.082,1048.108,-82.857,0.061,0.000,0.998,0.000,1.000,0.000,-0.998,0.000,0.061),s="Running",v=Vector3.new(-58.117,0.010,-3.103)},
        {t=0.949,cf=CFrame.new(3133.827,1048.108,-82.871,0.060,0.000,0.998,0.000,1.000,0.000,-0.998,0.000,0.060),s="Running",v=Vector3.new(-58.341,0.010,-3.115)},
        {t=0.956,cf=CFrame.new(3133.552,1048.108,-82.886,0.060,0.000,0.998,0.000,1.000,0.000,-0.998,0.000,0.060),s="Running",v=Vector3.new(-58.397,0.010,-3.118)},
        {t=0.961,cf=CFrame.new(3133.295,1048.108,-82.900,0.059,0.000,0.998,0.000,1.000,0.000,-0.998,0.000,0.059),s="Running",v=Vector3.new(-58.411,0.010,-3.118)},
        {t=0.965,cf=CFrame.new(3132.839,1048.108,-82.924,0.059,0.000,0.998,0.000,1.000,0.000,-0.998,0.000,0.059),s="Running",v=Vector3.new(-57.290,0.011,-3.059)},
        {t=0.969,cf=CFrame.new(3132.591,1048.108,-82.938,0.059,0.000,0.998,0.000,1.000,0.000,-0.998,0.000,0.059),s="Running",v=Vector3.new(-58.134,0.010,-3.104)},
        {t=0.972,cf=CFrame.new(3132.562,1048.108,-82.939,0.059,0.000,0.998,0.000,1.000,0.000,-0.998,0.000,0.059),s="Running",v=Vector3.new(-59.470,0.010,-3.175)},
        {t=0.977,cf=CFrame.new(3132.294,1048.108,-82.954,0.059,0.000,0.998,0.000,1.000,0.000,-0.998,0.000,0.059),s="Running",v=Vector3.new(-58.679,0.010,-3.133)},
        {t=0.981,cf=CFrame.new(3132.032,1048.108,-82.968,0.058,0.000,0.998,0.000,1.000,0.000,-0.998,0.000,0.058),s="Running",v=Vector3.new(-58.481,0.010,-3.122)},
        {t=0.985,cf=CFrame.new(3131.778,1048.108,-82.981,0.058,0.000,0.998,0.000,1.000,0.000,-0.998,0.000,0.058),s="Running",v=Vector3.new(-58.432,0.010,-3.119)},
        {t=0.989,cf=CFrame.new(3131.517,1048.108,-82.995,0.058,0.000,0.998,0.000,1.000,0.000,-0.998,0.000,0.058),s="Running",v=Vector3.new(-58.420,0.010,-3.119)},
        {t=0.997,cf=CFrame.new(3131.030,1048.108,-83.021,0.058,0.000,0.998,0.000,1.000,0.000,-0.998,0.000,0.058),s="Running",v=Vector3.new(-57.292,0.011,-3.059)},
        {t=1.001,cf=CFrame.new(3130.781,1048.108,-83.035,0.057,0.000,0.998,0.000,1.000,0.000,-0.998,0.000,0.057),s="Running",v=Vector3.new(-58.135,0.010,-3.104)},
        {t=1.006,cf=CFrame.new(3130.524,1048.108,-83.049,0.057,0.000,0.998,0.000,1.000,0.000,-0.998,0.000,0.057),s="Running",v=Vector3.new(-58.345,0.010,-3.115)},
        {t=1.010,cf=CFrame.new(3130.274,1048.108,-83.062,0.057,0.000,0.998,0.000,1.000,0.000,-0.998,0.000,0.057),s="Running",v=Vector3.new(-58.398,0.010,-3.118)},
        {t=1.015,cf=CFrame.new(3129.808,1048.108,-83.087,0.057,0.000,0.998,0.000,1.000,0.000,-0.998,0.000,0.057),s="Running",v=Vector3.new(-57.287,0.011,-3.058)},
        {t=1.019,cf=CFrame.new(3129.569,1048.108,-83.100,0.057,0.000,0.998,0.000,1.000,0.000,-0.998,0.000,0.057),s="Running",v=Vector3.new(-58.133,0.010,-3.104)},
        {t=1.023,cf=CFrame.new(3129.326,1048.108,-83.113,0.057,0.000,0.998,0.000,1.000,0.000,-0.998,0.000,0.057),s="Running",v=Vector3.new(-58.345,0.010,-3.115)},
        {t=1.027,cf=CFrame.new(3129.085,1048.108,-83.126,0.056,0.000,0.998,0.000,1.000,0.000,-0.998,0.000,0.056),s="Running",v=Vector3.new(-58.398,0.010,-3.118)},
        {t=1.030,cf=CFrame.new(3128.838,1048.108,-83.139,0.056,0.000,0.998,0.000,1.000,0.000,-0.998,0.000,0.056),s="Running",v=Vector3.new(-58.411,0.010,-3.118)},
        {t=1.037,cf=CFrame.new(3128.564,1048.108,-83.154,0.056,0.000,0.998,0.000,1.000,0.000,-0.998,0.000,0.056),s="Running",v=Vector3.new(-58.414,0.010,-3.119)},
        {t=1.041,cf=CFrame.new(3128.314,1048.108,-83.167,0.056,0.000,0.998,0.000,1.000,0.000,-0.998,0.000,0.056),s="Running",v=Vector3.new(-58.415,0.010,-3.119)},
        {t=1.044,cf=CFrame.new(3128.066,1048.108,-83.180,0.056,0.000,0.998,0.000,1.000,0.000,-0.998,0.000,0.056),s="Running",v=Vector3.new(-58.416,0.010,-3.119)},
        {t=1.048,cf=CFrame.new(3127.814,1048.108,-83.194,0.056,0.000,0.998,0.000,1.000,0.000,-0.998,0.000,0.056),s="Running",v=Vector3.new(-58.416,0.010,-3.119)},
        {t=1.053,cf=CFrame.new(3127.554,1048.108,-83.208,0.056,0.000,0.998,0.000,1.000,0.000,-0.998,0.000,0.056),s="Running",v=Vector3.new(-58.416,0.010,-3.119)},
        {t=1.058,cf=CFrame.new(3127.294,1048.108,-83.221,0.056,0.000,0.998,0.000,1.000,0.000,-0.998,0.000,0.056),s="Running",v=Vector3.new(-58.416,0.010,-3.119)},
        {t=1.062,cf=CFrame.new(3127.042,1048.108,-83.235,0.056,0.000,0.998,0.000,1.000,0.000,-0.998,0.000,0.056),s="Running",v=Vector3.new(-58.416,0.010,-3.119)},
        {t=1.066,cf=CFrame.new(3126.793,1048.108,-83.248,0.056,0.000,0.998,0.000,1.000,0.000,-0.998,0.000,0.056),s="Running",v=Vector3.new(-58.416,0.010,-3.119)},
        {t=1.070,cf=CFrame.new(3126.545,1048.108,-83.262,0.056,0.000,0.998,0.000,1.000,0.000,-0.998,0.000,0.056),s="Running",v=Vector3.new(-58.413,0.010,-3.159)},
        {t=1.076,cf=CFrame.new(3126.079,1048.108,-83.287,0.056,0.000,0.998,0.000,1.000,0.000,-0.998,0.000,0.056),s="Running",v=Vector3.new(-57.281,0.011,-3.239)},
        {t=1.080,cf=CFrame.new(3125.836,1048.108,-83.301,0.056,0.000,0.998,0.000,1.000,0.000,-0.998,0.000,0.056),s="Running",v=Vector3.new(-58.116,0.010,-3.423)},
        {t=1.085,cf=CFrame.new(3125.590,1048.108,-83.315,0.057,0.000,0.998,0.000,1.000,0.000,-0.998,0.000,0.057),s="Running",v=Vector3.new(-58.320,0.010,-3.555)},
        {t=1.090,cf=CFrame.new(3125.338,1048.108,-83.331,0.057,0.000,0.998,0.000,1.000,0.000,-0.998,0.000,0.057),s="Running",v=Vector3.new(-58.363,0.010,-3.708)},
        {t=1.098,cf=CFrame.new(3125.047,1048.108,-83.349,0.058,0.000,0.998,0.000,1.000,0.000,-0.998,0.000,0.058),s="Running",v=Vector3.new(-58.360,0.010,-3.958)},
        {t=1.103,cf=CFrame.new(3124.593,1048.108,-83.380,0.059,0.000,0.998,0.000,1.000,0.000,-0.998,0.000,0.059),s="Running",v=Vector3.new(-57.227,0.011,-4.070)},
        {t=1.108,cf=CFrame.new(3124.339,1048.108,-83.398,0.060,0.000,0.998,0.000,1.000,0.000,-0.998,0.000,0.060),s="Running",v=Vector3.new(-58.055,0.010,-4.334)},
        {t=1.118,cf=CFrame.new(3123.816,1048.108,-83.437,0.062,0.000,0.998,0.000,1.000,0.000,-0.998,0.000,0.062),s="Running",v=Vector3.new(-57.123,0.011,-4.532)},
        {t=1.123,cf=CFrame.new(3123.557,1048.108,-83.457,0.063,0.000,0.998,0.000,1.000,0.000,-0.998,0.000,0.063),s="Running",v=Vector3.new(-58.012,0.010,-4.670)},
        {t=1.129,cf=CFrame.new(3123.077,1048.108,-83.495,0.064,0.000,0.998,0.000,1.000,0.000,-0.998,0.000,0.064),s="Running",v=Vector3.new(-57.110,0.011,-4.637)},
        {t=1.133,cf=CFrame.new(3122.823,1048.108,-83.516,0.065,0.000,0.998,0.000,1.000,0.000,-0.998,0.000,0.065),s="Running",v=Vector3.new(-58.007,0.010,-4.721)},
        {t=1.138,cf=CFrame.new(3122.567,1048.108,-83.537,0.066,0.000,0.998,0.000,1.000,0.000,-0.998,0.000,0.066),s="Running",v=Vector3.new(-58.231,0.010,-4.742)},
        {t=1.142,cf=CFrame.new(3122.310,1048.108,-83.557,0.066,0.000,0.998,0.000,1.000,0.000,-0.998,0.000,0.066),s="Running",v=Vector3.new(-58.287,0.010,-4.748)},
