-- CFrame Auto Walk Recording
-- Total Frames: 6871
-- Recorded HipHeight: 5.058475494384766

return {
    hipHeight = 5.058475494384766,
    frames = {
        {t=0.005,cf=CFrame.new(2210.649,1248.608,3639.752,-0.008,0.000,1.000,0.000,1.000,0.000,-1.000,0.000,-0.008),s="Running",v=Vector3.new(0.000,0.010,0.000)},
        {t=0.008,cf=CFrame.new(2210.649,1248.608,3639.752,-0.008,0.000,1.000,0.000,1.000,0.000,-1.000,0.000,-0.008),s="Running",v=Vector3.new(0.000,0.010,0.000)},
        {t=0.013,cf=CFrame.new(2210.649,1248.608,3639.752,-0.008,0.000,1.000,0.000,1.000,0.000,-1.000,0.000,-0.008),s="Running",v=Vector3.new(0.000,0.010,0.000)},
        {t=0.017,cf=CFrame.new(2210.649,1248.608,3639.752,-0.008,0.000,1.000,0.000,1.000,0.000,-1.000,0.000,-0.008),s="Running",v=Vector3.new(0.000,0.010,0.000)},
        {t=0.021,cf=CFrame.new(2210.649,1248.608,3639.752,-0.008,0.000,1.000,0.000,1.000,0.000,-1.000,0.000,-0.008),s="Running",v=Vector3.new(0.000,0.010,0.000)},
        {t=0.025,cf=CFrame.new(2210.649,1248.608,3639.752,-0.008,0.000,1.000,0.000,1.000,0.000,-1.000,0.000,-0.008),s="Running",v=Vector3.new(0.000,0.010,0.000)},
        {t=0.030,cf=CFrame.new(2210.649,1248.608,3639.752,-0.008,0.000,1.000,0.000,1.000,0.000,-1.000,0.000,-0.008),s="Running",v=Vector3.new(0.000,0.010,0.000)},
        {t=0.033,cf=CFrame.new(2210.649,1248.608,3639.752,-0.008,0.000,1.000,0.000,1.000,0.000,-1.000,0.000,-0.008),s="Running",v=Vector3.new(0.000,0.010,0.000)},
        {t=0.037,cf=CFrame.new(2210.649,1248.608,3639.752,-0.008,0.000,1.000,0.000,1.000,0.000,-1.000,0.000,-0.008),s="Running",v=Vector3.new(0.000,0.010,0.000)},
        {t=0.041,cf=CFrame.new(2210.649,1248.608,3639.752,-0.008,0.000,1.000,0.000,1.000,0.000,-1.000,0.000,-0.008),s="Running",v=Vector3.new(0.000,0.010,0.000)},
        {t=0.046,cf=CFrame.new(2210.649,1248.608,3639.752,-0.008,0.000,1.000,0.000,1.000,0.000,-1.000,0.000,-0.008),s="Running",v=Vector3.new(0.000,0.010,0.000)},
        {t=0.052,cf=CFrame.new(2210.649,1248.608,3639.752,-0.008,0.000,1.000,0.000,1.000,0.000,-1.000,0.000,-0.008),s="Running",v=Vector3.new(0.000,0.010,0.000)},
        {t=0.058,cf=CFrame.new(2210.649,1248.608,3639.752,-0.008,0.000,1.000,0.000,1.000,0.000,-1.000,0.000,-0.008),s="Running",v=Vector3.new(0.000,0.010,0.000)},
        {t=0.062,cf=CFrame.new(2210.649,1248.608,3639.752,-0.008,0.000,1.000,0.000,1.000,0.000,-1.000,0.000,-0.008),s="Running",v=Vector3.new(0.000,0.010,0.000)},
        {t=0.065,cf=CFrame.new(2210.649,1248.608,3639.752,-0.008,0.000,1.000,0.000,1.000,0.000,-1.000,0.000,-0.008),s="Running",v=Vector3.new(0.000,0.010,0.000)},
        {t=0.069,cf=CFrame.new(2210.649,1248.608,3639.752,-0.008,0.000,1.000,0.000,1.000,0.000,-1.000,0.000,-0.008),s="Running",v=Vector3.new(0.000,0.010,0.000)},
        {t=0.072,cf=CFrame.new(2210.649,1248.608,3639.752,-0.008,0.000,1.000,0.000,1.000,0.000,-1.000,0.000,-0.008),s="Running",v=Vector3.new(0.000,0.010,0.000)},
        {t=0.076,cf=CFrame.new(2210.649,1248.608,3639.752,-0.008,0.000,1.000,0.000,1.000,0.000,-1.000,0.000,-0.008),s="Running",v=Vector3.new(0.000,0.010,0.000)},
        {t=0.079,cf=CFrame.new(2210.649,1248.608,3639.752,-0.008,0.000,1.000,0.000,1.000,0.000,-1.000,0.000,-0.008),s="Running",v=Vector3.new(0.000,0.010,0.000)},
        {t=0.084,cf=CFrame.new(2210.649,1248.608,3639.752,-0.008,0.000,1.000,0.000,1.000,0.000,-1.000,0.000,-0.008),s="Running",v=Vector3.new(0.000,0.010,0.000)},
        {t=0.087,cf=CFrame.new(2210.649,1248.608,3639.752,-0.008,0.000,1.000,0.000,1.000,0.000,-1.000,0.000,-0.008),s="Running",v=Vector3.new(0.000,0.010,0.000)},
        {t=0.091,cf=CFrame.new(2210.649,1248.608,3639.752,-0.008,0.000,1.000,0.000,1.000,0.000,-1.000,0.000,-0.008),s="Running",v=Vector3.new(0.000,0.010,0.000)},
        {t=0.096,cf=CFrame.new(2210.649,1248.608,3639.752,-0.008,0.000,1.000,0.000,1.000,0.000,-1.000,0.000,-0.008),s="Running",v=Vector3.new(0.000,0.010,0.000)},
        {t=0.101,cf=CFrame.new(2210.649,1248.608,3639.752,-0.008,0.000,1.000,0.000,1.000,0.000,-1.000,0.000,-0.008),s="Running",v=Vector3.new(0.000,0.010,0.000)},
        {t=0.104,cf=CFrame.new(2210.649,1248.608,3639.752,-0.008,0.000,1.000,0.000,1.000,0.000,-1.000,0.000,-0.008),s="Running",v=Vector3.new(0.000,0.010,0.000)},
        {t=0.109,cf=CFrame.new(2210.649,1248.608,3639.752,-0.008,0.000,1.000,0.000,1.000,0.000,-1.000,0.000,-0.008),s="Running",v=Vector3.new(0.000,0.010,0.000)},
        {t=0.113,cf=CFrame.new(2210.649,1248.608,3639.752,-0.008,0.000,1.000,0.000,1.000,0.000,-1.000,0.000,-0.008),s="Running",v=Vector3.new(0.000,0.010,0.000)},
        {t=0.117,cf=CFrame.new(2210.649,1248.608,3639.752,-0.008,0.000,1.000,0.000,1.000,0.000,-1.000,0.000,-0.008),s="Running",v=Vector3.new(0.000,0.010,0.000)},
        {t=0.121,cf=CFrame.new(2210.649,1248.608,3639.752,-0.008,0.000,1.000,0.000,1.000,0.000,-1.000,0.000,-0.008),s="Running",v=Vector3.new(0.000,0.010,0.000)},
        {t=0.125,cf=CFrame.new(2210.649,1248.608,3639.752,-0.008,0.000,1.000,0.000,1.000,0.000,-1.000,0.000,-0.008),s="Running",v=Vector3.new(0.000,0.010,0.000)},
        {t=0.130,cf=CFrame.new(2210.649,1248.608,3639.752,-0.008,0.000,1.000,0.000,1.000,0.000,-1.000,0.000,-0.008),s="Running",v=Vector3.new(0.000,0.010,0.000)},
        {t=0.133,cf=CFrame.new(2210.649,1248.608,3639.752,-0.008,0.000,1.000,0.000,1.000,0.000,-1.000,0.000,-0.008),s="Running",v=Vector3.new(0.000,0.010,0.000)},
        {t=0.138,cf=CFrame.new(2210.649,1248.608,3639.752,-0.008,0.000,1.000,0.000,1.000,0.000,-1.000,0.000,-0.008),s="Running",v=Vector3.new(0.000,0.010,0.000)},
        {t=0.141,cf=CFrame.new(2210.649,1248.608,3639.752,-0.008,0.000,1.000,0.000,1.000,0.000,-1.000,0.000,-0.008),s="Running",v=Vector3.new(0.000,0.010,0.000)},
        {t=0.147,cf=CFrame.new(2210.649,1248.608,3639.752,-0.008,0.000,1.000,0.000,1.000,0.000,-1.000,0.000,-0.008),s="Running",v=Vector3.new(0.000,0.010,0.000)},
        {t=0.150,cf=CFrame.new(2210.649,1248.608,3639.752,-0.008,0.000,1.000,0.000,1.000,0.000,-1.000,0.000,-0.008),s="Running",v=Vector3.new(0.000,0.010,0.000)},
        {t=0.155,cf=CFrame.new(2210.649,1248.608,3639.752,-0.008,0.000,1.000,0.000,1.000,0.000,-1.000,0.000,-0.008),s="Running",v=Vector3.new(0.000,0.010,0.000)},
        {t=0.157,cf=CFrame.new(2210.649,1248.608,3639.752,-0.008,0.000,1.000,0.000,1.000,0.000,-1.000,0.000,-0.008),s="Running",v=Vector3.new(0.000,0.010,0.000)},
        {t=0.162,cf=CFrame.new(2210.649,1248.608,3639.752,-0.008,0.000,1.000,0.000,1.000,0.000,-1.000,0.000,-0.008),s="Running",v=Vector3.new(0.000,0.010,0.000)},
        {t=0.167,cf=CFrame.new(2210.649,1248.608,3639.752,-0.008,0.000,1.000,0.000,1.000,0.000,-1.000,0.000,-0.008),s="Running",v=Vector3.new(0.000,0.010,0.000)},
        {t=0.171,cf=CFrame.new(2210.649,1248.608,3639.752,-0.008,0.000,1.000,0.000,1.000,0.000,-1.000,0.000,-0.008),s="Running",v=Vector3.new(0.000,0.010,0.000)},
        {t=0.176,cf=CFrame.new(2210.649,1248.608,3639.752,-0.008,0.000,1.000,0.000,1.000,0.000,-1.000,0.000,-0.008),s="Running",v=Vector3.new(0.000,0.010,0.000)},
        {t=0.178,cf=CFrame.new(2210.649,1248.608,3639.752,-0.008,0.000,1.000,0.000,1.000,0.000,-1.000,0.000,-0.008),s="Running",v=Vector3.new(0.000,0.010,0.000)},
        {t=0.184,cf=CFrame.new(2210.649,1248.608,3639.752,-0.008,0.000,1.000,0.000,1.000,0.000,-1.000,0.000,-0.008),s="Running",v=Vector3.new(0.000,0.010,0.000)},
        {t=0.188,cf=CFrame.new(2210.649,1248.608,3639.752,-0.008,0.000,1.000,0.000,1.000,0.000,-1.000,0.000,-0.008),s="Running",v=Vector3.new(0.000,0.010,0.000)},
        {t=0.193,cf=CFrame.new(2210.649,1248.608,3639.752,-0.008,0.000,1.000,0.000,1.000,0.000,-1.000,0.000,-0.008),s="Running",v=Vector3.new(0.000,0.010,-0.000)},
        {t=0.197,cf=CFrame.new(2210.649,1248.608,3639.752,-0.008,0.000,1.000,0.000,1.000,0.000,-1.000,0.000,-0.008),s="Running",v=Vector3.new(0.000,0.010,-0.000)},
        {t=0.201,cf=CFrame.new(2210.649,1248.608,3639.752,-0.008,0.000,1.000,0.000,1.000,0.000,-1.000,0.000,-0.008),s="Running",v=Vector3.new(0.000,0.010,-0.000)},
        {t=0.205,cf=CFrame.new(2210.649,1248.608,3639.752,-0.008,0.000,1.000,0.000,1.000,0.000,-1.000,0.000,-0.008),s="Running",v=Vector3.new(0.000,0.010,-0.000)},
        {t=0.209,cf=CFrame.new(2210.649,1248.608,3639.752,-0.008,0.000,1.000,0.000,1.000,0.000,-1.000,0.000,-0.008),s="Running",v=Vector3.new(0.000,0.010,-0.000)},
        {t=0.212,cf=CFrame.new(2210.649,1248.608,3639.752,-0.008,0.000,1.000,0.000,1.000,0.000,-1.000,0.000,-0.008),s="Running",v=Vector3.new(0.000,0.010,-0.000)},
        {t=0.217,cf=CFrame.new(2210.649,1248.608,3639.752,-0.007,0.000,1.000,0.000,1.000,0.000,-1.000,0.000,-0.007),s="Running",v=Vector3.new(0.000,0.010,-0.000)},
        {t=0.221,cf=CFrame.new(2210.649,1248.608,3639.752,-0.007,0.000,1.000,0.000,1.000,0.000,-1.000,0.000,-0.007),s="Running",v=Vector3.new(0.000,0.010,-0.000)},
        {t=0.226,cf=CFrame.new(2210.648,1248.608,3639.752,-0.005,0.000,1.000,0.000,1.000,0.000,-1.000,0.000,-0.005),s="Running",v=Vector3.new(-2.351,0.010,-0.039)},
        {t=0.229,cf=CFrame.new(2210.647,1248.608,3639.752,-0.003,0.000,1.000,0.000,1.000,0.000,-1.000,0.000,-0.003),s="Running",v=Vector3.new(-5.191,0.010,-0.112)},
        {t=0.234,cf=CFrame.new(2210.636,1248.608,3639.751,-0.001,0.000,1.000,0.000,1.000,0.000,-1.000,0.000,-0.001),s="Running",v=Vector3.new(-8.892,0.010,-0.265)},
        {t=0.238,cf=CFrame.new(2210.613,1248.608,3639.751,0.002,0.000,1.000,0.000,1.000,0.000,-1.000,0.000,0.002),s="Running",v=Vector3.new(-13.046,0.010,-0.479)},
        {t=0.242,cf=CFrame.new(2210.571,1248.608,3639.749,0.005,0.000,1.000,0.000,1.000,0.000,-1.000,0.000,0.005),s="Running",v=Vector3.new(-17.314,0.010,-0.773)},
        {t=0.246,cf=CFrame.new(2210.510,1248.608,3639.747,0.008,0.000,1.000,0.000,1.000,0.000,-1.000,0.000,0.008),s="Running",v=Vector3.new(-21.567,0.010,-1.169)},
        {t=0.250,cf=CFrame.new(2210.427,1248.608,3639.742,0.014,0.000,1.000,0.000,1.000,0.000,-1.000,0.000,0.014),s="Running",v=Vector3.new(-26.256,0.010,-1.749)},
        {t=0.254,cf=CFrame.new(2210.327,1248.608,3639.735,0.018,0.000,1.000,0.000,1.000,0.000,-1.000,0.000,0.018),s="Running",v=Vector3.new(-30.526,0.010,-2.416)},
        {t=0.259,cf=CFrame.new(2210.201,1248.608,3639.725,0.025,0.000,1.000,0.000,1.000,0.000,-1.000,0.000,0.025),s="Running",v=Vector3.new(-35.625,0.010,-3.483)},
        {t=0.263,cf=CFrame.new(2210.058,1248.608,3639.711,0.031,0.000,1.000,0.000,1.000,0.000,-1.000,0.000,0.031),s="Running",v=Vector3.new(-39.580,0.010,-4.491)},
        {t=0.268,cf=CFrame.new(2209.767,1248.608,3639.678,0.042,0.000,0.999,0.000,1.000,0.000,-0.999,0.000,0.042),s="Running",v=Vector3.new(-43.507,-0.727,-6.056)},
        {t=0.271,cf=CFrame.new(2209.755,1248.608,3639.677,0.047,0.000,0.999,0.000,1.000,0.000,-0.999,0.000,0.047),s="Running",v=Vector3.new(-48.585,-1.381,-7.849)},
        {t=0.275,cf=CFrame.new(2209.552,1248.604,3639.644,0.056,0.000,0.998,0.000,1.000,0.000,-0.998,0.000,0.056),s="Running",v=Vector3.new(-51.551,-2.250,-10.367)},
        {t=0.280,cf=CFrame.new(2209.330,1248.590,3639.600,0.067,0.000,0.998,0.000,1.000,0.000,-0.998,0.000,0.067),s="Running",v=Vector3.new(-54.135,-3.713,-13.005)},
        {t=0.284,cf=CFrame.new(2209.104,1248.570,3639.546,0.076,0.000,0.997,0.000,1.000,0.000,-0.997,0.000,0.076),s="Running",v=Vector3.new(-55.233,-4.734,-14.864)},
        {t=0.287,cf=CFrame.new(2208.875,1248.547,3639.485,0.086,0.000,0.996,0.000,1.000,0.000,-0.996,0.000,0.086),s="Running",v=Vector3.new(-55.535,-5.838,-16.396)},
        {t=0.293,cf=CFrame.new(2208.634,1248.518,3639.415,0.102,0.000,0.995,0.000,1.000,0.000,-0.995,0.000,0.102),s="Running",v=Vector3.new(-55.258,-7.323,-18.402)},
        {t=0.296,cf=CFrame.new(2208.405,1248.483,3639.340,0.112,0.000,0.994,0.000,1.000,0.000,-0.994,0.000,0.112),s="Running",v=Vector3.new(-54.777,-8.274,-20.149)},
        {t=0.300,cf=CFrame.new(2208.174,1248.444,3639.256,0.126,0.000,0.992,0.000,1.000,0.000,-0.992,0.000,0.126),s="Running",v=Vector3.new(-54.076,-9.218,-22.085)},
        {t=0.304,cf=CFrame.new(2207.943,1248.401,3639.164,0.142,0.000,0.990,0.000,1.000,0.000,-0.990,0.000,0.142),s="Running",v=Vector3.new(-53.376,-2.509,-23.782)},
        {t=0.308,cf=CFrame.new(2207.715,1248.378,3639.064,0.160,0.000,0.987,0.000,1.000,0.000,-0.987,0.000,0.160),s="Running",v=Vector3.new(-52.569,-1.255,-25.533)},
        {t=0.313,cf=CFrame.new(2207.482,1248.357,3638.954,0.183,0.000,0.983,0.000,1.000,0.000,-0.983,0.000,0.183),s="Running",v=Vector3.new(-51.504,-1.013,-27.613)},
        {t=0.317,cf=CFrame.new(2207.260,1248.336,3638.837,0.201,0.000,0.980,0.000,1.000,0.000,-0.980,0.000,0.201),s="Running",v=Vector3.new(-50.461,-0.913,-29.477)},
        {t=0.323,cf=CFrame.new(2207.035,1248.313,3638.709,0.224,0.000,0.975,0.000,1.000,0.000,-0.975,0.000,0.224),s="Running",v=Vector3.new(-49.025,-11.197,-31.802)},
        {t=0.327,cf=CFrame.new(2206.657,1248.204,3638.467,0.243,0.000,0.970,0.000,1.000,0.000,-0.970,0.000,0.243),s="Running",v=Vector3.new(-46.782,-14.165,-33.110)},
        {t=0.330,cf=CFrame.new(2206.642,1248.200,3638.458,0.256,0.000,0.967,0.000,1.000,0.000,-0.967,0.000,0.256),s="Running",v=Vector3.new(-47.340,-10.582,-35.686)},
        {t=0.334,cf=CFrame.new(2206.438,1248.148,3638.309,0.276,0.000,0.961,0.000,1.000,0.000,-0.961,0.000,0.276),s="Running",v=Vector3.new(-45.463,-6.211,-37.042)},
        {t=0.337,cf=CFrame.new(2206.247,1248.116,3638.156,0.292,0.000,0.956,0.000,1.000,0.000,-0.956,0.000,0.292),s="Running",v=Vector3.new(-44.132,-3.389,-38.376)},
        {t=0.342,cf=CFrame.new(2206.055,1248.095,3637.994,0.317,0.000,0.949,0.000,1.000,0.000,-0.949,0.000,0.317),s="Running",v=Vector3.new(-42.486,-1.169,-40.123)},
        {t=0.346,cf=CFrame.new(2205.877,1248.092,3637.830,0.335,0.000,0.942,0.000,1.000,0.000,-0.942,0.000,0.335),s="Running",v=Vector3.new(-40.696,0.425,-41.887)},
        {t=0.350,cf=CFrame.new(2205.699,1248.091,3637.653,0.360,0.000,0.933,0.000,1.000,0.000,-0.933,0.000,0.360),s="Running",v=Vector3.new(-38.517,1.102,-43.897)},
        {t=0.354,cf=CFrame.new(2205.536,1248.093,3637.472,0.379,0.000,0.925,0.000,1.000,0.000,-0.925,0.000,0.379),s="Running",v=Vector3.new(-36.922,1.330,-45.274)},
        {t=0.359,cf=CFrame.new(2205.371,1248.095,3637.278,0.407,0.000,0.913,0.000,1.000,0.000,-0.913,0.000,0.407),s="Running",v=Vector3.new(-34.819,1.378,-46.915)},
        {t=0.362,cf=CFrame.new(2205.224,1248.098,3637.085,0.425,0.000,0.905,0.000,1.000,0.000,-0.905,0.000,0.425),s="Running",v=Vector3.new(-33.186,1.330,-48.093)},
        {t=0.367,cf=CFrame.new(2205.074,1248.100,3636.877,0.453,0.000,0.891,0.000,1.000,0.000,-0.891,0.000,0.453),s="Running",v=Vector3.new(-31.030,1.205,-49.513)},
        {t=0.371,cf=CFrame.new(2204.942,1248.102,3636.673,0.472,0.000,0.882,0.000,1.000,0.000,-0.882,0.000,0.472),s="Running",v=Vector3.new(-29.475,1.102,-50.463)},
        {t=0.376,cf=CFrame.new(2204.706,1248.105,3636.282,0.503,0.000,0.864,0.000,1.000,0.000,-0.864,0.000,0.503),s="Running",v=Vector3.new(-26.524,0.870,-50.802)},
        {t=0.379,cf=CFrame.new(2204.697,1248.104,3636.271,0.518,0.000,0.856,0.000,1.000,0.000,-0.856,0.000,0.518),s="Running",v=Vector3.new(-26.232,0.936,-53.171)},
        {t=0.384,cf=CFrame.new(2204.574,1248.106,3636.037,0.549,0.000,0.836,0.000,1.000,0.000,-0.836,0.000,0.549),s="Running",v=Vector3.new(-23.864,0.740,-53.583)},
        {t=0.388,cf=CFrame.new(2204.470,1248.107,3635.814,0.568,0.000,0.823,0.000,1.000,0.000,-0.823,0.000,0.568),s="Running",v=Vector3.new(-21.563,0.638,-54.361)},
        {t=0.391,cf=CFrame.new(2204.375,1248.108,3635.588,0.587,0.000,0.809,0.000,1.000,0.000,-0.809,0.000,0.587),s="Running",v=Vector3.new(-19.890,0.556,-54.968)},
        {t=0.397,cf=CFrame.new(2204.213,1248.107,3635.160,0.617,0.000,0.787,0.000,1.000,0.000,-0.787,0.000,0.617),s="Running",v=Vector3.new(-17.498,0.251,-54.595)},
        {t=0.400,cf=CFrame.new(2204.203,1248.106,3635.143,0.633,0.000,0.774,0.000,1.000,0.000,-0.774,0.000,0.633),s="Running",v=Vector3.new(-16.778,0.401,-56.887)},
        {t=0.405,cf=CFrame.new(2204.067,1248.107,3634.707,0.657,0.000,0.754,0.000,1.000,0.000,-0.754,0.000,0.657),s="Running",v=Vector3.new(-15.070,0.333,-55.549)},
        {t=0.408,cf=CFrame.new(2204.059,1248.107,3634.692,0.672,0.000,0.741,0.000,1.000,0.000,-0.741,0.000,0.672),s="Running",v=Vector3.new(-14.528,0.351,-57.564)},
        {t=0.413,cf=CFrame.new(2203.990,1248.108,3634.443,0.696,0.000,0.718,0.000,1.000,0.000,-0.718,0.000,0.696),s="Running",v=Vector3.new(-12.702,0.278,-57.297)},
        {t=0.416,cf=CFrame.new(2203.933,1248.108,3634.208,0.710,0.000,0.704,0.000,1.000,0.000,-0.704,0.000,0.710),s="Running",v=Vector3.new(-11.515,0.243,-57.382)},
        {t=0.422,cf=CFrame.new(2203.837,1248.106,3633.764,0.734,0.000,0.679,0.000,1.000,0.000,-0.679,0.000,0.734),s="Running",v=Vector3.new(-10.001,-0.006,-56.488)},
        {t=0.425,cf=CFrame.new(2203.831,1248.106,3633.749,0.746,0.000,0.666,0.000,1.000,0.000,-0.666,0.000,0.746),s="Running",v=Vector3.new(-9.588,0.149,-58.551)},
        {t=0.430,cf=CFrame.new(2203.750,1248.106,3633.299,0.766,0.000,0.643,0.000,1.000,0.000,-0.643,0.000,0.766),s="Running",v=Vector3.new(-8.276,0.149,-56.973)},
        {t=0.433,cf=CFrame.new(2203.744,1248.106,3633.280,0.778,0.000,0.628,0.000,1.000,0.000,-0.628,0.000,0.778),s="Running",v=Vector3.new(-7.796,0.148,-58.872)},
        {t=0.438,cf=CFrame.new(2203.704,1248.107,3633.022,0.795,0.000,0.606,0.000,1.000,0.000,-0.606,0.000,0.795),s="Running",v=Vector3.new(-6.903,0.118,-58.308)},
        {t=0.442,cf=CFrame.new(2203.669,1248.107,3632.773,0.808,0.000,0.589,0.000,1.000,0.000,-0.589,0.000,0.808),s="Running",v=Vector3.new(-6.295,0.099,-58.211)},
        {t=0.446,cf=CFrame.new(2203.638,1248.107,3632.527,0.819,0.000,0.574,0.000,1.000,0.000,-0.574,0.000,0.819),s="Running",v=Vector3.new(-5.921,0.085,-58.210)},
        {t=0.450,cf=CFrame.new(2203.606,1248.108,3632.271,0.833,0.000,0.553,0.000,1.000,0.000,-0.553,0.000,0.833),s="Running",v=Vector3.new(-5.669,0.071,-58.226)},
        {t=0.454,cf=CFrame.new(2203.579,1248.108,3632.027,0.842,0.000,0.540,0.000,1.000,0.000,-0.540,0.000,0.842),s="Running",v=Vector3.new(-5.542,0.063,-58.236)},
        {t=0.459,cf=CFrame.new(2203.549,1248.108,3631.768,0.855,0.000,0.519,0.000,1.000,0.000,-0.519,0.000,0.855),s="Running",v=Vector3.new(-5.440,0.051,-58.245)},
        {t=0.462,cf=CFrame.new(2203.522,1248.108,3631.524,0.862,0.000,0.507,0.000,1.000,0.000,-0.507,0.000,0.862),s="Running",v=Vector3.new(-5.407,0.044,-58.248)},
        {t=0.467,cf=CFrame.new(2203.494,1248.108,3631.267,0.873,0.000,0.488,0.000,1.000,0.000,-0.488,0.000,0.873),s="Running",v=Vector3.new(-5.391,0.036,-58.250)},
        {t=0.470,cf=CFrame.new(2203.468,1248.108,3631.023,0.879,0.000,0.477,0.000,1.000,0.000,-0.477,0.000,0.879),s="Running",v=Vector3.new(-5.386,0.031,-58.250)},
        {t=0.475,cf=CFrame.new(2203.440,1248.109,3630.769,0.888,0.000,0.461,0.000,1.000,0.000,-0.461,0.000,0.888),s="Running",v=Vector3.new(-5.383,0.026,-58.251)},
        {t=0.480,cf=CFrame.new(2203.394,1248.109,3630.317,0.896,0.000,0.444,0.000,1.000,0.000,-0.444,0.000,0.896),s="Running",v=Vector3.new(-5.279,0.020,-57.129)},
        {t=0.483,cf=CFrame.new(2203.390,1248.109,3630.304,0.901,0.000,0.435,0.000,1.000,0.000,-0.435,0.000,0.901),s="Running",v=Vector3.new(-5.464,0.023,-59.091)},
        {t=0.488,cf=CFrame.new(2203.362,1248.109,3630.045,0.908,0.000,0.419,0.000,1.000,0.000,-0.419,0.000,0.908),s="Running",v=Vector3.new(-5.464,0.017,-58.455)},
        {t=0.491,cf=CFrame.new(2203.336,1248.109,3629.798,0.913,0.000,0.408,0.000,1.000,0.000,-0.408,0.000,0.913),s="Running",v=Vector3.new(-5.474,0.014,-58.295)},
        {t=0.496,cf=CFrame.new(2203.309,1248.109,3629.544,0.919,0.000,0.395,0.000,1.000,0.000,-0.395,0.000,0.919),s="Running",v=Vector3.new(-5.530,0.011,-58.250)},
        {t=0.501,cf=CFrame.new(2203.262,1248.109,3629.090,0.925,0.000,0.381,0.000,1.000,0.000,-0.381,0.000,0.925),s="Running",v=Vector3.new(-5.455,0.009,-57.116)},
        {t=0.504,cf=CFrame.new(2203.259,1248.109,3629.077,0.927,0.000,0.374,0.000,1.000,0.000,-0.374,0.000,0.927),s="Running",v=Vector3.new(-5.658,0.011,-59.074)},
        {t=0.509,cf=CFrame.new(2203.210,1248.109,3628.613,0.933,0.000,0.360,0.000,1.000,0.000,-0.360,0.000,0.933),s="Running",v=Vector3.new(-5.631,0.009,-57.308)},
        {t=0.512,cf=CFrame.new(2203.207,1248.109,3628.596,0.935,0.000,0.354,0.000,1.000,0.000,-0.354,0.000,0.935),s="Running",v=Vector3.new(-5.847,0.010,-59.108)},
        {t=0.517,cf=CFrame.new(2203.177,1248.109,3628.330,0.940,0.000,0.341,0.000,1.000,0.000,-0.341,0.000,0.940),s="Running",v=Vector3.new(-5.801,0.009,-58.436)},
        {t=0.520,cf=CFrame.new(2203.151,1248.109,3628.084,0.943,0.000,0.333,0.000,1.000,0.000,-0.333,0.000,0.943),s="Running",v=Vector3.new(-5.790,0.009,-58.268)},
        {t=0.526,cf=CFrame.new(2203.103,1248.109,3627.626,0.947,0.000,0.321,0.000,1.000,0.000,-0.321,0.000,0.947),s="Running",v=Vector3.new(-5.678,0.008,-57.105)},
        {t=0.528,cf=CFrame.new(2203.100,1248.109,3627.610,0.949,0.000,0.316,0.000,1.000,0.000,-0.316,0.000,0.949),s="Running",v=Vector3.new(-5.872,0.010,-59.055)},
        {t=0.533,cf=CFrame.new(2203.072,1248.109,3627.354,0.952,0.000,0.306,0.000,1.000,0.000,-0.306,0.000,0.952),s="Running",v=Vector3.new(-5.810,0.009,-58.423)},
        {t=0.537,cf=CFrame.new(2203.044,1248.109,3627.097,0.955,0.000,0.298,0.000,1.000,0.000,-0.298,0.000,0.955),s="Running",v=Vector3.new(-5.794,0.009,-58.264)},
        {t=0.542,cf=CFrame.new(2203.016,1248.109,3626.836,0.958,0.000,0.288,0.000,1.000,0.000,-0.288,0.000,0.958),s="Running",v=Vector3.new(-5.790,0.009,-58.225)},
        {t=0.545,cf=CFrame.new(2202.990,1248.109,3626.593,0.959,0.000,0.282,0.000,1.000,0.000,-0.282,0.000,0.959),s="Running",v=Vector3.new(-5.744,0.009,-58.219)},
        {t=0.550,cf=CFrame.new(2202.963,1248.109,3626.340,0.962,0.000,0.274,0.000,1.000,0.000,-0.274,0.000,0.962),s="Running",v=Vector3.new(-5.681,0.009,-58.223)},
        {t=0.555,cf=CFrame.new(2202.917,1248.109,3625.887,0.964,0.000,0.266,0.000,1.000,0.000,-0.266,0.000,0.964),s="Running",v=Vector3.new(-5.515,0.008,-57.107)},
        {t=0.557,cf=CFrame.new(2202.915,1248.109,3625.874,0.965,0.000,0.262,0.000,1.000,0.000,-0.262,0.000,0.965),s="Running",v=Vector3.new(-5.656,0.010,-59.073)},
        {t=0.562,cf=CFrame.new(2202.888,1248.109,3625.615,0.967,0.000,0.254,0.000,1.000,0.000,-0.254,0.000,0.967),s="Running",v=Vector3.new(-5.545,0.009,-58.447)},
        {t=0.567,cf=CFrame.new(2202.861,1248.109,3625.351,0.969,0.000,0.246,0.000,1.000,0.000,-0.246,0.000,0.969),s="Running",v=Vector3.new(-5.449,0.009,-58.297)},
        {t=0.570,cf=CFrame.new(2202.837,1248.109,3625.107,0.970,0.000,0.241,0.000,1.000,0.000,-0.241,0.000,0.970),s="Running",v=Vector3.new(-5.381,0.009,-58.264)},
        {t=0.576,cf=CFrame.new(2202.793,1248.109,3624.649,0.972,0.000,0.233,0.000,1.000,0.000,-0.233,0.000,0.972),s="Running",v=Vector3.new(-5.217,0.008,-57.138)},
        {t=0.578,cf=CFrame.new(2202.791,1248.109,3624.634,0.973,0.000,0.230,0.000,1.000,0.000,-0.230,0.000,0.973),s="Running",v=Vector3.new(-5.344,0.010,-59.103)},
        {t=0.584,cf=CFrame.new(2202.765,1248.109,3624.367,0.975,0.000,0.222,0.000,1.000,0.000,-0.222,0.000,0.975),s="Running",v=Vector3.new(-5.235,0.009,-58.476)},
        {t=0.589,cf=CFrame.new(2202.722,1248.109,3623.909,0.976,0.000,0.216,0.000,1.000,0.000,-0.216,0.000,0.976),s="Running",v=Vector3.new(-5.044,0.008,-57.204)},
        {t=0.591,cf=CFrame.new(2202.720,1248.109,3623.894,0.977,0.000,0.213,0.000,1.000,0.000,-0.213,0.000,0.977),s="Running",v=Vector3.new(-5.185,0.010,-59.129)},
        {t=0.597,cf=CFrame.new(2202.677,1248.109,3623.427,0.979,0.000,0.206,0.000,1.000,0.000,-0.206,0.000,0.979),s="Running",v=Vector3.new(-5.010,0.008,-57.369)},
        {t=0.599,cf=CFrame.new(2202.676,1248.109,3623.414,0.979,0.000,0.203,0.000,1.000,0.000,-0.203,0.000,0.979),s="Running",v=Vector3.new(-5.161,0.010,-59.172)},
        {t=0.604,cf=CFrame.new(2202.651,1248.109,3623.151,0.980,0.000,0.197,0.000,1.000,0.000,-0.197,0.000,0.980),s="Running",v=Vector3.new(-5.084,0.009,-58.503)},
        {t=0.608,cf=CFrame.new(2202.628,1248.109,3622.899,0.981,0.000,0.193,0.000,1.000,0.000,-0.193,0.000,0.981),s="Running",v=Vector3.new(-5.021,0.009,-58.339)},
        {t=0.613,cf=CFrame.new(2202.605,1248.109,3622.644,0.982,0.000,0.188,0.000,1.000,0.000,-0.188,0.000,0.982),s="Running",v=Vector3.new(-4.990,0.009,-58.300)},
        {t=0.616,cf=CFrame.new(2202.583,1248.109,3622.399,0.983,0.000,0.185,0.000,1.000,0.000,-0.185,0.000,0.983),s="Running",v=Vector3.new(-5.009,0.009,-58.287)},
        {t=0.621,cf=CFrame.new(2202.542,1248.109,3621.940,0.984,0.000,0.180,0.000,1.000,0.000,-0.180,0.000,0.984),s="Running",v=Vector3.new(-4.953,0.008,-57.160)},
        {t=0.623,cf=CFrame.new(2202.541,1248.109,3621.927,0.984,0.000,0.178,0.000,1.000,0.000,-0.178,0.000,0.984),s="Running",v=Vector3.new(-5.191,0.010,-59.116)},
        {t=0.630,cf=CFrame.new(2202.515,1248.109,3621.653,0.985,0.000,0.173,0.000,1.000,0.000,-0.173,0.000,0.985),s="Running",v=Vector3.new(-5.236,0.009,-58.476)},
        {t=0.633,cf=CFrame.new(2202.492,1248.109,3621.399,0.985,0.000,0.170,0.000,1.000,0.000,-0.170,0.000,0.985),s="Running",v=Vector3.new(-5.364,0.009,-58.305)},
        {t=0.638,cf=CFrame.new(2202.449,1248.109,3620.943,0.986,0.000,0.167,0.000,1.000,0.000,-0.167,0.000,0.986),s="Running",v=Vector3.new(-5.420,0.008,-57.129)},
        {t=0.642,cf=CFrame.new(2202.447,1248.109,3620.925,0.986,0.000,0.165,0.000,1.000,0.000,-0.165,0.000,0.986),s="Running",v=Vector3.new(-5.712,0.010,-59.071)},
        {t=0.645,cf=CFrame.new(2202.421,1248.109,3620.667,0.987,0.000,0.163,0.000,1.000,0.000,-0.163,0.000,0.987),s="Running",v=Vector3.new(-5.889,0.009,-58.414)},
        {t=0.650,cf=CFrame.new(2202.394,1248.109,3620.405,0.987,0.000,0.160,0.000,1.000,0.000,-0.160,0.000,0.987),s="Running",v=Vector3.new(-6.072,0.009,-58.236)},
        {t=0.654,cf=CFrame.new(2202.367,1248.109,3620.159,0.987,0.000,0.159,0.000,1.000,0.000,-0.159,0.000,0.987),s="Running",v=Vector3.new(-6.233,0.009,-58.179)},
        {t=0.659,cf=CFrame.new(2202.339,1248.109,3619.895,0.988,0.000,0.156,0.000,1.000,0.000,-0.156,0.000,0.988),s="Running",v=Vector3.new(-6.421,0.009,-58.148)},
        {t=0.662,cf=CFrame.new(2202.312,1248.109,3619.652,0.988,0.000,0.155,0.000,1.000,0.000,-0.155,0.000,0.988),s="Running",v=Vector3.new(-6.591,0.009,-58.127)},
        {t=0.666,cf=CFrame.new(2202.283,1248.109,3619.402,0.988,0.000,0.154,0.000,1.000,0.000,-0.154,0.000,0.988),s="Running",v=Vector3.new(-6.820,0.009,-58.099)},
        {t=0.671,cf=CFrame.new(2202.252,1248.109,3619.141,0.988,0.000,0.153,0.000,1.000,0.000,-0.153,0.000,0.988),s="Running",v=Vector3.new(-7.062,0.009,-58.070)},
        {t=0.675,cf=CFrame.new(2202.221,1248.109,3618.887,0.988,0.000,0.152,0.000,1.000,0.000,-0.152,0.000,0.988),s="Running",v=Vector3.new(-7.333,0.009,-58.037)},
        {t=0.679,cf=CFrame.new(2202.189,1248.109,3618.638,0.988,0.000,0.151,0.000,1.000,0.000,-0.151,0.000,0.988),s="Running",v=Vector3.new(-7.499,0.009,-58.016)},
        {t=0.684,cf=CFrame.new(2202.130,1248.109,3618.182,0.989,0.000,0.151,0.000,1.000,0.000,-0.151,0.000,0.989),s="Running",v=Vector3.new(-7.540,0.008,-56.875)},
        {t=0.686,cf=CFrame.new(2202.128,1248.109,3618.168,0.989,0.000,0.150,0.000,1.000,0.000,-0.150,0.000,0.989),s="Running",v=Vector3.new(-7.900,0.010,-58.815)},
        {t=0.692,cf=CFrame.new(2202.066,1248.109,3617.704,0.989,0.000,0.150,0.000,1.000,0.000,-0.150,0.000,0.989),s="Running",v=Vector3.new(-7.860,0.008,-57.045)},
        {t=0.695,cf=CFrame.new(2202.063,1248.109,3617.682,0.989,0.000,0.150,0.000,1.000,0.000,-0.150,0.000,0.989),s="Running",v=Vector3.new(-8.313,0.010,-58.811)},
        {t=0.700,cf=CFrame.new(2202.026,1248.109,3617.419,0.989,0.000,0.150,0.000,1.000,0.000,-0.150,0.000,0.989),s="Running",v=Vector3.new(-8.423,0.009,-58.115)},
        {t=0.704,cf=CFrame.new(2201.990,1248.109,3617.168,0.989,0.000,0.150,0.000,1.000,0.000,-0.150,0.000,0.989),s="Running",v=Vector3.new(-8.586,0.009,-57.922)},
        {t=0.708,cf=CFrame.new(2201.952,1248.109,3616.916,0.989,0.000,0.150,0.000,1.000,0.000,-0.150,0.000,0.989),s="Running",v=Vector3.new(-8.711,0.009,-57.860)},
        {t=0.712,cf=CFrame.new(2201.915,1248.109,3616.666,0.989,0.000,0.150,0.000,1.000,0.000,-0.150,0.000,0.989),s="Running",v=Vector3.new(-8.865,0.009,-57.826)},
        {t=0.717,cf=CFrame.new(2201.846,1248.109,3616.214,0.989,0.000,0.151,0.000,1.000,0.000,-0.151,0.000,0.989),s="Running",v=Vector3.new(-8.880,0.008,-56.682)},
        {t=0.720,cf=CFrame.new(2201.844,1248.109,3616.199,0.988,0.000,0.151,0.000,1.000,0.000,-0.151,0.000,0.988),s="Running",v=Vector3.new(-9.327,0.010,-58.606)},
        {t=0.725,cf=CFrame.new(2201.802,1248.109,3615.934,0.988,0.000,0.152,0.000,1.000,0.000,-0.152,0.000,0.988),s="Running",v=Vector3.new(-9.504,0.009,-57.935)},
        {t=0.729,cf=CFrame.new(2201.762,1248.109,3615.690,0.988,0.000,0.153,0.000,1.000,0.000,-0.153,0.000,0.988),s="Running",v=Vector3.new(-9.596,0.009,-57.759)},
        {t=0.733,cf=CFrame.new(2201.721,1248.109,3615.437,0.988,0.000,0.154,0.000,1.000,0.000,-0.154,0.000,0.988),s="Running",v=Vector3.new(-9.792,0.009,-57.686)},
        {t=0.738,cf=CFrame.new(2201.645,1248.109,3614.988,0.988,0.000,0.155,0.000,1.000,0.000,-0.155,0.000,0.988),s="Running",v=Vector3.new(-9.860,0.008,-56.522)},
        {t=0.742,cf=CFrame.new(2201.604,1248.109,3614.750,0.988,0.000,0.156,0.000,1.000,0.000,-0.156,0.000,0.988),s="Running",v=Vector3.new(-10.189,0.009,-57.319)},
        {t=0.747,cf=CFrame.new(2201.562,1248.109,3614.511,0.988,0.000,0.158,0.000,1.000,0.000,-0.158,0.000,0.988),s="Running",v=Vector3.new(-10.423,0.009,-57.490)},
        {t=0.749,cf=CFrame.new(2201.560,1248.109,3614.499,0.987,0.000,0.158,0.000,1.000,0.000,-0.158,0.000,0.987),s="Running",v=Vector3.new(-10.863,0.010,-58.607)},
        {t=0.754,cf=CFrame.new(2201.474,1248.109,3614.034,0.987,0.000,0.161,0.000,1.000,0.000,-0.161,0.000,0.987),s="Running",v=Vector3.new(-10.893,0.008,-56.610)},
        {t=0.758,cf=CFrame.new(2201.429,1248.109,3613.795,0.987,0.000,0.162,0.000,1.000,0.000,-0.162,0.000,0.987),s="Running",v=Vector3.new(-11.284,0.009,-57.183)},
        {t=0.762,cf=CFrame.new(2201.424,1248.109,3613.772,0.987,0.000,0.164,0.000,1.000,0.000,-0.164,0.000,0.987),s="Running",v=Vector3.new(-11.706,0.010,-58.410)},
        {t=0.767,cf=CFrame.new(2201.331,1248.109,3613.306,0.986,0.000,0.166,0.000,1.000,0.000,-0.166,0.000,0.986),s="Running",v=Vector3.new(-11.838,0.008,-56.410)},
        {t=0.769,cf=CFrame.new(2201.329,1248.109,3613.292,0.986,0.000,0.167,0.000,1.000,0.000,-0.167,0.000,0.986),s="Running",v=Vector3.new(-12.376,0.010,-58.105)},
        {t=0.774,cf=CFrame.new(2201.274,1248.109,3613.034,0.986,0.000,0.170,0.000,1.000,0.000,-0.170,0.000,0.986),s="Running",v=Vector3.new(-12.378,0.009,-57.407)},
        {t=0.779,cf=CFrame.new(2201.222,1248.109,3612.788,0.985,0.000,0.171,0.000,1.000,0.000,-0.171,0.000,0.985),s="Running",v=Vector3.new(-12.399,0.009,-57.227)},
        {t=0.783,cf=CFrame.new(2201.168,1248.109,3612.534,0.985,0.000,0.173,0.000,1.000,0.000,-0.173,0.000,0.985),s="Running",v=Vector3.new(-12.427,0.009,-57.178)},
        {t=0.788,cf=CFrame.new(2201.113,1248.109,3612.278,0.985,0.000,0.175,0.000,1.000,0.000,-0.175,0.000,0.985),s="Running",v=Vector3.new(-12.440,0.009,-57.164)},
        {t=0.791,cf=CFrame.new(2201.061,1248.109,3612.040,0.984,0.000,0.176,0.000,1.000,0.000,-0.176,0.000,0.984),s="Running",v=Vector3.new(-12.443,0.009,-57.161)},
        {t=0.796,cf=CFrame.new(2201.007,1248.109,3611.786,0.984,0.000,0.178,0.000,1.000,0.000,-0.178,0.000,0.984),s="Running",v=Vector3.new(-12.445,0.009,-57.160)},
        {t=0.801,cf=CFrame.new(2200.951,1248.109,3611.530,0.984,0.000,0.180,0.000,1.000,0.000,-0.180,0.000,0.984),s="Running",v=Vector3.new(-12.446,0.009,-57.159)},
        {t=0.805,cf=CFrame.new(2200.897,1248.109,3611.281,0.983,0.000,0.181,0.000,1.000,0.000,-0.181,0.000,0.983),s="Running",v=Vector3.new(-12.446,0.009,-57.159)},
        {t=0.809,cf=CFrame.new(2200.844,1248.109,3611.035,0.983,0.000,0.182,0.000,1.000,0.000,-0.182,0.000,0.983),s="Running",v=Vector3.new(-12.446,0.009,-57.159)},
        {t=0.812,cf=CFrame.new(2200.793,1248.109,3610.797,0.983,0.000,0.183,0.000,1.000,0.000,-0.183,0.000,0.983),s="Running",v=Vector3.new(-12.447,0.009,-57.159)},
        {t=0.817,cf=CFrame.new(2200.737,1248.109,3610.539,0.983,0.000,0.185,0.000,1.000,0.000,-0.185,0.000,0.983),s="Running",v=Vector3.new(-12.447,0.009,-57.159)},
        {t=0.820,cf=CFrame.new(2200.685,1248.109,3610.298,0.983,0.000,0.186,0.000,1.000,0.000,-0.186,0.000,0.983),s="Running",v=Vector3.new(-12.447,0.009,-57.159)},
        {t=0.825,cf=CFrame.new(2200.630,1248.109,3610.041,0.982,0.000,0.187,0.000,1.000,0.000,-0.187,0.000,0.982),s="Running",v=Vector3.new(-12.447,0.009,-57.159)},
        {t=0.830,cf=CFrame.new(2200.575,1248.109,3609.789,0.982,0.000,0.188,0.000,1.000,0.000,-0.188,0.000,0.982),s="Running",v=Vector3.new(-12.447,0.009,-57.159)},
        {t=0.834,cf=CFrame.new(2200.521,1248.109,3609.540,0.982,0.000,0.189,0.000,1.000,0.000,-0.189,0.000,0.982),s="Running",v=Vector3.new(-12.447,0.009,-57.159)},
        {t=0.837,cf=CFrame.new(2200.470,1248.109,3609.302,0.982,0.000,0.190,0.000,1.000,0.000,-0.190,0.000,0.982),s="Running",v=Vector3.new(-12.447,0.009,-57.159)},
        {t=0.842,cf=CFrame.new(2200.414,1248.109,3609.046,0.982,0.000,0.191,0.000,1.000,0.000,-0.191,0.000,0.982),s="Running",v=Vector3.new(-12.447,0.009,-57.159)},
        {t=0.845,cf=CFrame.new(2200.364,1248.109,3608.813,0.982,0.000,0.191,0.000,1.000,0.000,-0.191,0.000,0.982),s="Running",v=Vector3.new(-12.447,0.009,-57.159)},
        {t=0.850,cf=CFrame.new(2200.309,1248.109,3608.560,0.981,0.000,0.193,0.000,1.000,0.000,-0.193,0.000,0.981),s="Running",v=Vector3.new(-12.447,0.009,-57.159)},
        {t=0.855,cf=CFrame.new(2200.254,1248.109,3608.309,0.981,0.000,0.193,0.000,1.000,0.000,-0.193,0.000,0.981),s="Running",v=Vector3.new(-12.447,0.009,-57.159)},
        {t=0.858,cf=CFrame.new(2200.202,1248.109,3608.065,0.981,0.000,0.194,0.000,1.000,0.000,-0.194,0.000,0.981),s="Running",v=Vector3.new(-12.447,0.009,-57.159)},
        {t=0.863,cf=CFrame.new(2200.146,1248.109,3607.808,0.981,0.000,0.195,0.000,1.000,0.000,-0.195,0.000,0.981),s="Running",v=Vector3.new(-12.447,0.009,-57.159)},
        {t=0.867,cf=CFrame.new(2200.094,1248.109,3607.567,0.981,0.000,0.196,0.000,1.000,0.000,-0.196,0.000,0.981),s="Running",v=Vector3.new(-12.447,0.009,-57.159)},
        {t=0.870,cf=CFrame.new(2200.043,1248.109,3607.332,0.981,0.000,0.196,0.000,1.000,0.000,-0.196,0.000,0.981),s="Running",v=Vector3.new(-12.447,0.009,-57.159)},
        {t=0.875,cf=CFrame.new(2199.988,1248.109,3607.079,0.980,0.000,0.197,0.000,1.000,0.000,-0.197,0.000,0.980),s="Running",v=Vector3.new(-12.447,0.009,-57.159)},
        {t=0.880,cf=CFrame.new(2199.891,1248.109,3606.633,0.980,0.000,0.198,0.000,1.000,0.000,-0.198,0.000,0.980),s="Running",v=Vector3.new(-12.207,0.008,-56.059)},
        {t=0.883,cf=CFrame.new(2199.887,1248.109,3606.614,0.980,0.000,0.198,0.000,1.000,0.000,-0.198,0.000,0.980),s="Running",v=Vector3.new(-12.626,0.010,-57.984)},
        {t=0.888,cf=CFrame.new(2199.830,1248.109,3606.352,0.980,0.000,0.199,0.000,1.000,0.000,-0.199,0.000,0.980),s="Running",v=Vector3.new(-12.491,0.009,-57.366)},
        {t=0.892,cf=CFrame.new(2199.777,1248.109,3606.107,0.980,0.000,0.199,0.000,1.000,0.000,-0.199,0.000,0.980),s="Running",v=Vector3.new(-12.458,0.009,-57.211)},
        {t=0.895,cf=CFrame.new(2199.724,1248.109,3605.865,0.980,0.000,0.200,0.000,1.000,0.000,-0.200,0.000,0.980),s="Running",v=Vector3.new(-12.449,0.009,-57.172)},
        {t=0.900,cf=CFrame.new(2199.670,1248.109,3605.615,0.980,0.000,0.200,0.000,1.000,0.000,-0.200,0.000,0.980),s="Running",v=Vector3.new(-12.447,0.009,-57.163)},
        {t=0.903,cf=CFrame.new(2199.619,1248.109,3605.378,0.980,0.000,0.201,0.000,1.000,0.000,-0.201,0.000,0.980),s="Running",v=Vector3.new(-12.447,0.009,-57.160)},
        {t=0.909,cf=CFrame.new(2199.522,1248.109,3604.933,0.979,0.000,0.202,0.000,1.000,0.000,-0.202,0.000,0.979),s="Running",v=Vector3.new(-12.207,0.008,-56.059)},
        {t=0.912,cf=CFrame.new(2199.518,1248.109,3604.915,0.979,0.000,0.202,0.000,1.000,0.000,-0.202,0.000,0.979),s="Running",v=Vector3.new(-12.626,0.010,-57.985)},
        {t=0.917,cf=CFrame.new(2199.461,1248.109,3604.652,0.979,0.000,0.202,0.000,1.000,0.000,-0.202,0.000,0.979),s="Running",v=Vector3.new(-12.491,0.009,-57.366)},
        {t=0.920,cf=CFrame.new(2199.409,1248.109,3604.415,0.979,0.000,0.203,0.000,1.000,0.000,-0.203,0.000,0.979),s="Running",v=Vector3.new(-12.458,0.009,-57.211)},
        {t=0.924,cf=CFrame.new(2199.356,1248.109,3604.171,0.979,0.000,0.203,0.000,1.000,0.000,-0.203,0.000,0.979),s="Running",v=Vector3.new(-12.449,0.009,-57.172)},
        {t=0.929,cf=CFrame.new(2199.303,1248.109,3603.924,0.979,0.000,0.204,0.000,1.000,0.000,-0.204,0.000,0.979),s="Running",v=Vector3.new(-12.447,0.009,-57.163)},
        {t=0.934,cf=CFrame.new(2199.248,1248.109,3603.671,0.979,0.000,0.204,0.000,1.000,0.000,-0.204,0.000,0.979),s="Running",v=Vector3.new(-12.447,0.009,-57.160)},
        {t=0.937,cf=CFrame.new(2199.196,1248.109,3603.430,0.979,0.000,0.204,0.000,1.000,0.000,-0.204,0.000,0.979),s="Running",v=Vector3.new(-12.447,0.009,-57.160)},
        {t=0.943,cf=CFrame.new(2199.138,1248.109,3603.164,0.979,0.000,0.205,0.000,1.000,0.000,-0.205,0.000,0.979),s="Running",v=Vector3.new(-12.510,0.009,-57.145)},
        {t=0.946,cf=CFrame.new(2199.085,1248.109,3602.922,0.979,0.000,0.206,0.000,1.000,0.000,-0.206,0.000,0.979),s="Running",v=Vector3.new(-12.590,0.009,-57.128)},
        {t=0.950,cf=CFrame.new(2199.032,1248.109,3602.681,0.978,0.000,0.206,0.000,1.000,0.000,-0.206,0.000,0.978),s="Running",v=Vector3.new(-12.787,0.009,-57.083)},
        {t=0.954,cf=CFrame.new(2198.977,1248.109,3602.433,0.978,0.000,0.207,0.000,1.000,0.000,-0.207,0.000,0.978),s="Running",v=Vector3.new(-13.048,0.009,-57.024)},
        {t=0.959,cf=CFrame.new(2198.875,1248.109,3601.987,0.978,0.000,0.208,0.000,1.000,0.000,-0.208,0.000,0.978),s="Running",v=Vector3.new(-12.918,0.008,-55.899)},
        {t=0.961,cf=CFrame.new(2198.871,1248.109,3601.971,0.978,0.000,0.209,0.000,1.000,0.000,-0.209,0.000,0.978),s="Running",v=Vector3.new(-13.398,0.010,-57.811)},
        {t=0.967,cf=CFrame.new(2198.811,1248.109,3601.709,0.978,0.000,0.209,0.000,1.000,0.000,-0.209,0.000,0.978),s="Running",v=Vector3.new(-13.160,0.009,-57.216)},
        {t=0.970,cf=CFrame.new(2198.756,1248.109,3601.471,0.978,0.000,0.209,0.000,1.000,0.000,-0.209,0.000,0.978),s="Running",v=Vector3.new(-12.950,0.009,-57.101)},
        {t=0.975,cf=CFrame.new(2198.700,1248.109,3601.220,0.978,0.000,0.209,0.000,1.000,0.000,-0.209,0.000,0.978),s="Running",v=Vector3.new(-12.682,0.009,-57.120)},
        {t=0.980,cf=CFrame.new(2198.601,1248.109,3600.775,0.978,0.000,0.208,0.000,1.000,0.000,-0.208,0.000,0.978),s="Running",v=Vector3.new(-11.876,0.008,-56.130)},
        {t=0.983,cf=CFrame.new(2198.596,1248.109,3600.752,0.978,0.000,0.207,0.000,1.000,0.000,-0.207,0.000,0.978),s="Running",v=Vector3.new(-11.876,0.010,-58.141)},
        {t=0.987,cf=CFrame.new(2198.547,1248.109,3600.507,0.979,0.000,0.206,0.000,1.000,0.000,-0.206,0.000,0.979),s="Running",v=Vector3.new(-11.271,0.009,-57.614)},
        {t=0.992,cf=CFrame.new(2198.457,1248.109,3600.051,0.979,0.000,0.203,0.000,1.000,0.000,-0.203,0.000,0.979),s="Running",v=Vector3.new(-10.180,0.008,-56.510)},
        {t=0.995,cf=CFrame.new(2198.454,1248.109,3600.033,0.980,0.000,0.201,0.000,1.000,0.000,-0.201,0.000,0.980),s="Running",v=Vector3.new(-9.982,0.010,-58.505)},
        {t=1.000,cf=CFrame.new(2198.410,1248.109,3599.778,0.980,0.000,0.199,0.000,1.000,0.000,-0.199,0.000,0.980),s="Running",v=Vector3.new(-9.310,0.009,-57.966)},
        {t=1.004,cf=CFrame.new(2198.337,1248.109,3599.325,0.981,0.000,0.196,0.000,1.000,0.000,-0.196,0.000,0.981),s="Running",v=Vector3.new(-8.446,0.008,-56.797)},
        {t=1.007,cf=CFrame.new(2198.334,1248.109,3599.308,0.981,0.000,0.194,0.000,1.000,0.000,-0.194,0.000,0.981),s="Running",v=Vector3.new(-8.408,0.010,-58.755)},
