-- CFrame Auto Walk Recording
-- Total Frames: 6298
-- Recorded HipHeight: 5.058475494384766

return {
    hipHeight = 5.058475494384766,
    frames = {
        {t=0.010,cf=CFrame.new(3703.727,1200.608,3671.166,0.069,0.000,0.998,0.000,1.000,0.000,-0.998,0.000,0.069),s="Running",v=Vector3.new(0.000,0.000,0.000)},
        {t=0.018,cf=CFrame.new(3703.727,1200.608,3671.166,0.069,0.000,0.998,0.000,1.000,0.000,-0.998,0.000,0.069),s="Running",v=Vector3.new(0.000,0.000,0.000)},
        {t=0.025,cf=CFrame.new(3703.727,1200.608,3671.166,0.069,0.000,0.998,0.000,1.000,0.000,-0.998,0.000,0.069),s="Freefall",v=Vector3.new(0.000,0.000,0.000)},
        {t=0.033,cf=CFrame.new(3703.727,1200.608,3671.166,0.069,0.000,0.998,0.000,1.000,0.000,-0.998,0.000,0.069),s="Freefall",v=Vector3.new(0.000,0.000,0.000)},
        {t=0.041,cf=CFrame.new(3703.727,1200.608,3671.166,0.069,0.000,0.998,0.000,1.000,0.000,-0.998,0.000,0.069),s="Freefall",v=Vector3.new(0.000,0.000,0.000)},
        {t=0.046,cf=CFrame.new(3703.727,1200.608,3671.166,0.069,0.000,0.998,0.000,1.000,0.000,-0.998,0.000,0.069),s="Freefall",v=Vector3.new(0.000,0.000,0.000)},
        {t=0.052,cf=CFrame.new(3703.727,1200.608,3671.166,0.069,0.000,0.998,0.000,1.000,0.000,-0.998,0.000,0.069),s="Freefall",v=Vector3.new(0.000,0.000,0.000)},
        {t=0.056,cf=CFrame.new(3703.727,1200.608,3671.166,0.069,0.000,0.998,0.000,1.000,0.000,-0.998,0.000,0.069),s="Freefall",v=Vector3.new(0.000,0.000,0.000)},
        {t=0.062,cf=CFrame.new(3703.727,1200.608,3671.166,0.069,0.000,0.998,0.000,1.000,0.000,-0.998,0.000,0.069),s="Freefall",v=Vector3.new(0.000,0.000,0.000)},
        {t=0.067,cf=CFrame.new(3703.727,1200.608,3671.166,0.069,0.000,0.998,0.000,1.000,0.000,-0.998,0.000,0.069),s="Freefall",v=Vector3.new(0.000,0.000,0.000)},
        {t=0.071,cf=CFrame.new(3703.727,1200.608,3671.166,0.069,0.000,0.998,0.000,1.000,0.000,-0.998,0.000,0.069),s="Freefall",v=Vector3.new(0.000,0.000,0.000)},
        {t=0.078,cf=CFrame.new(3703.727,1200.608,3671.166,0.069,0.000,0.998,0.000,1.000,0.000,-0.998,0.000,0.069),s="Landed",v=Vector3.new(0.000,0.000,0.000)},
        {t=0.088,cf=CFrame.new(3703.727,1200.608,3671.166,0.069,0.000,0.998,0.000,1.000,0.000,-0.998,0.000,0.069),s="Landed",v=Vector3.new(0.000,0.007,0.000)},
        {t=0.092,cf=CFrame.new(3703.727,1200.608,3671.166,0.069,0.000,0.998,0.000,1.000,0.000,-0.998,0.000,0.069),s="Landed",v=Vector3.new(0.000,0.009,0.000)},
        {t=0.099,cf=CFrame.new(3703.727,1200.608,3671.166,0.069,0.000,0.998,0.000,1.000,0.000,-0.998,0.000,0.069),s="Landed",v=Vector3.new(0.000,0.010,0.000)},
        {t=0.103,cf=CFrame.new(3703.727,1200.608,3671.166,0.069,0.000,0.998,0.000,1.000,0.000,-0.998,0.000,0.069),s="Landed",v=Vector3.new(0.000,0.010,0.000)},
        {t=0.109,cf=CFrame.new(3703.727,1200.608,3671.166,0.069,0.000,0.998,0.000,1.000,0.000,-0.998,0.000,0.069),s="Landed",v=Vector3.new(0.000,0.010,0.000)},
        {t=0.113,cf=CFrame.new(3703.727,1200.608,3671.166,0.069,0.000,0.998,0.000,1.000,0.000,-0.998,0.000,0.069),s="Landed",v=Vector3.new(0.000,0.010,0.000)},
        {t=0.116,cf=CFrame.new(3703.727,1200.608,3671.166,0.069,0.000,0.998,0.000,1.000,0.000,-0.998,0.000,0.069),s="Landed",v=Vector3.new(0.000,0.010,0.000)},
        {t=0.120,cf=CFrame.new(3703.727,1200.608,3671.166,0.069,0.000,0.998,0.000,1.000,0.000,-0.998,0.000,0.069),s="Landed",v=Vector3.new(0.000,0.010,0.000)},
        {t=0.124,cf=CFrame.new(3703.727,1200.608,3671.166,0.069,0.000,0.998,0.000,1.000,0.000,-0.998,0.000,0.069),s="Running",v=Vector3.new(0.000,0.010,0.000)},
        {t=0.128,cf=CFrame.new(3703.727,1200.608,3671.166,0.069,0.000,0.998,0.000,1.000,0.000,-0.998,0.000,0.069),s="Running",v=Vector3.new(0.000,0.010,0.000)},
        {t=0.131,cf=CFrame.new(3703.727,1200.608,3671.166,0.069,0.000,0.998,0.000,1.000,0.000,-0.998,0.000,0.069),s="Running",v=Vector3.new(0.000,0.010,0.000)},
        {t=0.135,cf=CFrame.new(3703.727,1200.608,3671.166,0.069,0.000,0.998,0.000,1.000,0.000,-0.998,0.000,0.069),s="Running",v=Vector3.new(0.000,0.010,0.000)},
        {t=0.141,cf=CFrame.new(3703.727,1200.608,3671.166,0.069,0.000,0.998,0.000,1.000,0.000,-0.998,0.000,0.069),s="Running",v=Vector3.new(0.000,0.010,0.000)},
        {t=0.149,cf=CFrame.new(3703.727,1200.608,3671.166,0.069,0.000,0.998,0.000,1.000,0.000,-0.998,0.000,0.069),s="Running",v=Vector3.new(0.000,0.010,0.000)},
        {t=0.153,cf=CFrame.new(3703.727,1200.608,3671.166,0.069,0.000,0.998,0.000,1.000,0.000,-0.998,0.000,0.069),s="Running",v=Vector3.new(0.000,0.010,0.000)},
        {t=0.156,cf=CFrame.new(3703.727,1200.608,3671.166,0.069,0.000,0.998,0.000,1.000,0.000,-0.998,0.000,0.069),s="Running",v=Vector3.new(0.000,0.010,0.000)},
        {t=0.160,cf=CFrame.new(3703.727,1200.608,3671.166,0.069,0.000,0.998,0.000,1.000,0.000,-0.998,0.000,0.069),s="Running",v=Vector3.new(0.000,0.010,0.000)},
        {t=0.165,cf=CFrame.new(3703.727,1200.608,3671.166,0.069,0.000,0.998,0.000,1.000,0.000,-0.998,0.000,0.069),s="Running",v=Vector3.new(0.000,0.010,0.000)},
        {t=0.170,cf=CFrame.new(3703.727,1200.608,3671.166,0.069,0.000,0.998,0.000,1.000,0.000,-0.998,0.000,0.069),s="Running",v=Vector3.new(0.000,0.010,0.000)},
        {t=0.174,cf=CFrame.new(3703.727,1200.608,3671.166,0.069,0.000,0.998,0.000,1.000,0.000,-0.998,0.000,0.069),s="Running",v=Vector3.new(0.000,0.010,0.000)},
        {t=0.179,cf=CFrame.new(3703.727,1200.608,3671.166,0.069,0.000,0.998,0.000,1.000,0.000,-0.998,0.000,0.069),s="Running",v=Vector3.new(0.000,0.010,0.000)},
        {t=0.186,cf=CFrame.new(3703.727,1200.608,3671.166,0.069,0.000,0.998,0.000,1.000,0.000,-0.998,0.000,0.069),s="Running",v=Vector3.new(0.000,0.010,0.000)},
        {t=0.190,cf=CFrame.new(3703.727,1200.608,3671.166,0.069,0.000,0.998,0.000,1.000,0.000,-0.998,0.000,0.069),s="Running",v=Vector3.new(0.000,0.010,0.000)},
        {t=0.194,cf=CFrame.new(3703.727,1200.608,3671.166,0.069,0.000,0.998,0.000,1.000,0.000,-0.998,0.000,0.069),s="Running",v=Vector3.new(0.000,0.010,0.000)},
        {t=0.202,cf=CFrame.new(3703.727,1200.608,3671.166,0.069,0.000,0.998,0.000,1.000,0.000,-0.998,0.000,0.069),s="Running",v=Vector3.new(-3.370,0.010,-0.233)},
        {t=0.207,cf=CFrame.new(3703.721,1200.608,3671.166,0.069,0.000,0.998,0.000,1.000,0.000,-0.998,0.000,0.069),s="Running",v=Vector3.new(-5.004,0.010,-0.346)},
        {t=0.211,cf=CFrame.new(3703.711,1200.608,3671.165,0.069,0.000,0.998,0.000,1.000,0.000,-0.998,0.000,0.069),s="Running",v=Vector3.new(-8.789,0.010,-0.608)},
        {t=0.217,cf=CFrame.new(3703.684,1200.608,3671.163,0.069,0.000,0.998,0.000,1.000,0.000,-0.998,0.000,0.069),s="Running",v=Vector3.new(-15.203,0.010,-1.052)},
        {t=0.223,cf=CFrame.new(3703.626,1200.608,3671.159,0.069,0.000,0.998,0.000,1.000,0.000,-0.998,0.000,0.069),s="Running",v=Vector3.new(-21.006,0.010,-1.453)},
        {t=0.230,cf=CFrame.new(3703.481,1200.608,3671.149,0.069,0.000,0.998,0.000,1.000,0.000,-0.998,0.000,0.069),s="Running",v=Vector3.new(-28.864,0.010,-1.996)},
        {t=0.235,cf=CFrame.new(3703.363,1200.608,3671.141,0.069,0.000,0.998,0.000,1.000,0.000,-0.998,0.000,0.069),s="Running",v=Vector3.new(-34.013,0.010,-2.352)},
        {t=0.242,cf=CFrame.new(3703.111,1200.608,3671.123,0.069,0.000,0.998,0.000,1.000,0.000,-0.998,0.000,0.069),s="Running",v=Vector3.new(-39.806,0.010,-2.753)},
        {t=0.247,cf=CFrame.new(3702.937,1200.608,3671.111,0.069,0.000,0.998,0.000,1.000,0.000,-0.998,0.000,0.069),s="Running",v=Vector3.new(-46.468,0.010,-3.214)},
        {t=0.257,cf=CFrame.new(3702.413,1200.608,3671.075,0.069,0.000,0.998,0.000,1.000,0.000,-0.998,0.000,0.069),s="Running",v=Vector3.new(-52.158,0.010,-3.607)},
        {t=0.263,cf=CFrame.new(3702.173,1200.608,3671.058,0.069,0.000,0.998,0.000,1.000,0.000,-0.998,0.000,0.069),s="Running",v=Vector3.new(-56.606,0.010,-3.915)},
        {t=0.279,cf=CFrame.new(3701.288,1200.608,3670.997,0.069,0.000,0.998,0.000,1.000,0.000,-0.998,0.000,0.069),s="Running",v=Vector3.new(-54.546,0.010,-3.773)},
        {t=0.286,cf=CFrame.new(3701.019,1200.608,3670.978,0.069,0.000,0.998,0.000,1.000,0.000,-0.998,0.000,0.069),s="Running",v=Vector3.new(-57.405,0.010,-3.970)},
        {t=0.296,cf=CFrame.new(3700.506,1200.607,3670.943,0.069,0.000,0.998,0.000,1.000,0.000,-0.998,0.000,0.069),s="Running",v=Vector3.new(-56.997,-2.157,-3.942)},
        {t=0.305,cf=CFrame.new(3699.816,1200.594,3670.895,0.069,0.000,0.998,0.000,1.000,0.000,-0.998,0.000,0.069),s="Running",v=Vector3.new(-55.772,-4.564,-3.857)},
        {t=0.313,cf=CFrame.new(3699.344,1200.541,3670.862,0.069,0.000,0.998,0.000,1.000,0.000,-0.998,0.000,0.069),s="Running",v=Vector3.new(-56.589,-7.738,-3.914)},
        {t=0.322,cf=CFrame.new(3698.850,1200.460,3670.828,0.069,0.000,0.998,0.000,1.000,0.000,-0.998,0.000,0.069),s="Running",v=Vector3.new(-56.794,-9.825,-3.928)},
        {t=0.327,cf=CFrame.new(3698.388,1200.366,3670.796,0.069,0.000,0.998,0.000,1.000,0.000,-0.998,0.000,0.069),s="Running",v=Vector3.new(-56.845,-2.865,-3.932)},
        {t=0.337,cf=CFrame.new(3698.051,1200.332,3670.773,0.069,0.000,0.998,0.000,1.000,0.000,-0.998,0.000,0.069),s="Running",v=Vector3.new(-57.981,-1.194,-4.010)},
        {t=0.342,cf=CFrame.new(3697.574,1200.290,3670.740,0.069,0.000,0.998,0.000,1.000,0.000,-0.998,0.000,0.069),s="Running",v=Vector3.new(-57.141,-1.119,-3.952)},
        {t=0.351,cf=CFrame.new(3697.079,1200.245,3670.705,0.069,0.000,0.998,0.000,1.000,0.000,-0.998,0.000,0.069),s="Running",v=Vector3.new(-56.931,-6.353,-3.944)},
        {t=0.357,cf=CFrame.new(3696.620,1200.174,3670.673,0.069,0.000,0.998,0.000,1.000,0.000,-0.998,0.000,0.069),s="Running",v=Vector3.new(-56.875,-3.508,-3.996)},
        {t=0.366,cf=CFrame.new(3696.303,1200.145,3670.651,0.070,0.000,0.998,0.000,1.000,0.000,-0.998,0.000,0.070),s="Running",v=Vector3.new(-57.975,-0.349,-4.212)},
        {t=0.372,cf=CFrame.new(3695.831,1200.127,3670.617,0.070,0.000,0.998,0.000,1.000,0.000,-0.998,0.000,0.070),s="Running",v=Vector3.new(-57.120,0.559,-4.273)},
        {t=0.380,cf=CFrame.new(3695.333,1200.117,3670.580,0.071,0.000,0.997,0.000,1.000,0.000,-0.997,0.000,0.071),s="Running",v=Vector3.new(-56.898,0.823,-4.404)},
        {t=0.386,cf=CFrame.new(3694.873,1200.111,3670.544,0.072,0.000,0.997,0.000,1.000,0.000,-0.997,0.000,0.072),s="Running",v=Vector3.new(-56.836,0.791,-4.513)},
        {t=0.392,cf=CFrame.new(3694.608,1200.109,3670.523,0.072,0.000,0.997,0.000,1.000,0.000,-0.997,0.000,0.072),s="Running",v=Vector3.new(-57.939,0.847,-4.678)},
        {t=0.404,cf=CFrame.new(3693.892,1200.103,3670.466,0.073,0.000,0.997,0.000,1.000,0.000,-0.997,0.000,0.073),s="Running",v=Vector3.new(-55.966,0.492,-4.597)},
        {t=0.411,cf=CFrame.new(3693.424,1200.104,3670.427,0.074,0.000,0.997,0.000,1.000,0.000,-0.997,0.000,0.074),s="Running",v=Vector3.new(-56.590,0.523,-4.723)},
        {t=0.420,cf=CFrame.new(3693.117,1200.105,3670.402,0.075,0.000,0.997,0.000,1.000,0.000,-0.997,0.000,0.075),s="Running",v=Vector3.new(-57.862,0.429,-4.924)},
        {t=0.431,cf=CFrame.new(3692.573,1200.106,3670.356,0.077,0.000,0.997,0.000,1.000,0.000,-0.997,0.000,0.077),s="Running",v=Vector3.new(-57.043,0.281,-5.045)},
        {t=0.440,cf=CFrame.new(3691.875,1200.107,3670.294,0.079,0.000,0.997,0.000,1.000,0.000,-0.997,0.000,0.079),s="Running",v=Vector3.new(-55.699,0.181,-5.175)},
        {t=0.446,cf=CFrame.new(3691.413,1200.108,3670.252,0.080,0.000,0.997,0.000,1.000,0.000,-0.997,0.000,0.080),s="Running",v=Vector3.new(-56.474,0.147,-5.412)},
        {t=0.463,cf=CFrame.new(3690.489,1200.108,3670.164,0.084,0.000,0.996,0.000,1.000,0.000,-0.996,0.000,0.084),s="Running",v=Vector3.new(-54.395,0.077,-5.571)},
        {t=0.468,cf=CFrame.new(3690.048,1200.109,3670.119,0.085,0.000,0.996,0.000,1.000,0.000,-0.996,0.000,0.085),s="Running",v=Vector3.new(-56.111,0.068,-5.879)},
        {t=0.480,cf=CFrame.new(3689.520,1200.106,3670.065,0.088,0.000,0.996,0.000,1.000,0.000,-0.996,0.000,0.088),s="Running",v=Vector3.new(-56.530,-0.155,-6.050)},
        {t=0.489,cf=CFrame.new(3689.014,1200.105,3670.011,0.089,0.000,0.996,0.000,1.000,0.000,-0.996,0.000,0.089),s="Running",v=Vector3.new(-56.628,0.031,-6.155)},
        {t=0.496,cf=CFrame.new(3688.530,1200.106,3669.959,0.091,0.000,0.996,0.000,1.000,0.000,-0.996,0.000,0.091),s="Running",v=Vector3.new(-56.651,0.038,-6.196)},
        {t=0.507,cf=CFrame.new(3687.991,1200.107,3669.901,0.093,0.000,0.996,0.000,1.000,0.000,-0.996,0.000,0.093),s="Running",v=Vector3.new(-56.641,0.028,-6.341)},
        {t=0.516,cf=CFrame.new(3687.482,1200.107,3669.844,0.095,0.000,0.995,0.000,1.000,0.000,-0.995,0.000,0.095),s="Running",v=Vector3.new(-56.626,0.020,-6.491)},
        {t=0.522,cf=CFrame.new(3686.994,1200.107,3669.789,0.097,0.000,0.995,0.000,1.000,0.000,-0.995,0.000,0.097),s="Running",v=Vector3.new(-56.616,0.016,-6.586)},
        {t=0.531,cf=CFrame.new(3686.326,1200.108,3669.712,0.099,0.000,0.995,0.000,1.000,0.000,-0.995,0.000,0.099),s="Running",v=Vector3.new(-55.480,0.014,-6.599)},
        {t=0.539,cf=CFrame.new(3686.035,1200.108,3669.678,0.100,0.000,0.995,0.000,1.000,0.000,-0.995,0.000,0.100),s="Running",v=Vector3.new(-57.424,0.012,-6.940)},
        {t=0.552,cf=CFrame.new(3685.285,1200.108,3669.589,0.103,0.000,0.995,0.000,1.000,0.000,-0.995,0.000,0.103),s="Running",v=Vector3.new(-55.671,0.011,-6.780)},
        {t=0.560,cf=CFrame.new(3684.801,1200.108,3669.531,0.104,0.000,0.995,0.000,1.000,0.000,-0.995,0.000,0.104),s="Running",v=Vector3.new(-56.351,0.010,-6.875)},
        {t=0.570,cf=CFrame.new(3684.112,1200.108,3669.447,0.106,0.000,0.994,0.000,1.000,0.000,-0.994,0.000,0.106),s="Running",v=Vector3.new(-55.403,0.010,-6.762)},
        {t=0.582,cf=CFrame.new(3683.407,1200.108,3669.362,0.108,0.000,0.994,0.000,1.000,0.000,-0.994,0.000,0.108),s="Running",v=Vector3.new(-55.166,0.010,-6.733)},
        {t=0.590,cf=CFrame.new(3682.928,1200.108,3669.304,0.109,0.000,0.994,0.000,1.000,0.000,-0.994,0.000,0.109),s="Running",v=Vector3.new(-56.225,0.010,-6.863)},
        {t=0.597,cf=CFrame.new(3682.632,1200.108,3669.269,0.109,0.000,0.994,0.000,1.000,0.000,-0.994,0.000,0.109),s="Running",v=Vector3.new(-57.607,0.010,-7.031)},
        {t=0.605,cf=CFrame.new(3682.130,1200.108,3669.208,0.110,0.000,0.994,0.000,1.000,0.000,-0.994,0.000,0.110),s="Running",v=Vector3.new(-56.835,0.010,-6.937)},
        {t=0.615,cf=CFrame.new(3681.438,1200.108,3669.124,0.111,0.000,0.994,0.000,1.000,0.000,-0.994,0.000,0.111),s="Running",v=Vector3.new(-55.524,0.010,-6.777)},
        {t=0.627,cf=CFrame.new(3680.895,1200.108,3669.058,0.112,0.000,0.994,0.000,1.000,0.000,-0.994,0.000,0.112),s="Running",v=Vector3.new(-56.314,0.010,-6.874)},
        {t=0.635,cf=CFrame.new(3680.218,1200.108,3668.976,0.113,0.000,0.994,0.000,1.000,0.000,-0.994,0.000,0.113),s="Running",v=Vector3.new(-55.394,0.010,-6.761)},
        {t=0.643,cf=CFrame.new(3679.921,1200.108,3668.940,0.114,0.000,0.994,0.000,1.000,0.000,-0.994,0.000,0.114),s="Running",v=Vector3.new(-57.399,0.010,-7.006)},
        {t=0.650,cf=CFrame.new(3679.416,1200.108,3668.878,0.114,0.000,0.993,0.000,1.000,0.000,-0.993,0.000,0.114),s="Running",v=Vector3.new(-56.783,0.010,-6.931)},
        {t=0.659,cf=CFrame.new(3678.911,1200.108,3668.817,0.115,0.000,0.993,0.000,1.000,0.000,-0.993,0.000,0.115),s="Running",v=Vector3.new(-56.629,0.010,-6.912)},
        {t=0.668,cf=CFrame.new(3678.390,1200.108,3668.754,0.115,0.000,0.993,0.000,1.000,0.000,-0.993,0.000,0.115),s="Running",v=Vector3.new(-56.591,0.010,-6.907)},
        {t=0.675,cf=CFrame.new(3677.910,1200.108,3668.695,0.116,0.000,0.993,0.000,1.000,0.000,-0.993,0.000,0.116),s="Running",v=Vector3.new(-56.581,0.010,-6.906)},
        {t=0.679,cf=CFrame.new(3677.651,1200.108,3668.664,0.116,0.000,0.993,0.000,1.000,0.000,-0.993,0.000,0.116),s="Running",v=Vector3.new(-57.696,0.010,-7.042)},
        {t=0.686,cf=CFrame.new(3677.347,1200.108,3668.627,0.116,0.000,0.993,0.000,1.000,0.000,-0.993,0.000,0.116),s="Running",v=Vector3.new(-57.975,0.010,-7.076)},
        {t=0.693,cf=CFrame.new(3676.854,1200.108,3668.567,0.117,0.000,0.993,0.000,1.000,0.000,-0.993,0.000,0.117),s="Running",v=Vector3.new(-56.927,0.010,-6.948)},
        {t=0.701,cf=CFrame.new(3676.350,1200.108,3668.506,0.117,0.000,0.993,0.000,1.000,0.000,-0.993,0.000,0.117),s="Running",v=Vector3.new(-56.665,0.010,-6.916)},
        {t=0.708,cf=CFrame.new(3675.864,1200.108,3668.446,0.117,0.000,0.993,0.000,1.000,0.000,-0.993,0.000,0.117),s="Running",v=Vector3.new(-56.600,0.010,-6.908)},
        {t=0.716,cf=CFrame.new(3675.376,1200.108,3668.387,0.118,0.000,0.993,0.000,1.000,0.000,-0.993,0.000,0.118),s="Running",v=Vector3.new(-56.583,0.010,-6.906)},
        {t=0.722,cf=CFrame.new(3675.101,1200.108,3668.353,0.118,0.000,0.993,0.000,1.000,0.000,-0.993,0.000,0.118),s="Running",v=Vector3.new(-57.697,0.010,-7.042)},
        {t=0.729,cf=CFrame.new(3674.615,1200.108,3668.294,0.118,0.000,0.993,0.000,1.000,0.000,-0.993,0.000,0.118),s="Running",v=Vector3.new(-56.857,0.010,-6.940)},
        {t=0.736,cf=CFrame.new(3674.138,1200.108,3668.236,0.118,0.000,0.993,0.000,1.000,0.000,-0.993,0.000,0.118),s="Running",v=Vector3.new(-56.648,0.010,-6.914)},
        {t=0.742,cf=CFrame.new(3673.868,1200.108,3668.203,0.118,0.000,0.993,0.000,1.000,0.000,-0.993,0.000,0.118),s="Running",v=Vector3.new(-57.713,0.010,-7.044)},
        {t=0.748,cf=CFrame.new(3673.389,1200.108,3668.144,0.119,0.000,0.993,0.000,1.000,0.000,-0.993,0.000,0.119),s="Running",v=Vector3.new(-56.861,0.010,-6.940)},
        {t=0.754,cf=CFrame.new(3673.110,1200.108,3668.111,0.119,0.000,0.993,0.000,1.000,0.000,-0.993,0.000,0.119),s="Running",v=Vector3.new(-57.766,0.010,-7.051)},
        {t=0.759,cf=CFrame.new(3672.843,1200.108,3668.078,0.119,0.000,0.993,0.000,1.000,0.000,-0.993,0.000,0.119),s="Running",v=Vector3.new(-57.992,0.010,-7.078)},
        {t=0.767,cf=CFrame.new(3672.330,1200.108,3668.016,0.119,0.000,0.993,0.000,1.000,0.000,-0.993,0.000,0.119),s="Running",v=Vector3.new(-56.939,0.010,-6.888)},
        {t=0.772,cf=CFrame.new(3671.872,1200.108,3667.960,0.119,0.000,0.993,0.000,1.000,0.000,-0.993,0.000,0.119),s="Running",v=Vector3.new(-56.676,0.010,-6.834)},
        {t=0.779,cf=CFrame.new(3671.594,1200.108,3667.927,0.119,0.000,0.993,0.000,1.000,0.000,-0.993,0.000,0.119),s="Running",v=Vector3.new(-57.734,0.010,-6.905)},
        {t=0.787,cf=CFrame.new(3671.105,1200.108,3667.868,0.119,0.000,0.993,0.000,1.000,0.000,-0.993,0.000,0.119),s="Running",v=Vector3.new(-56.884,0.010,-6.761)},
        {t=0.792,cf=CFrame.new(3670.833,1200.108,3667.836,0.118,0.000,0.993,0.000,1.000,0.000,-0.993,0.000,0.118),s="Running",v=Vector3.new(-57.796,0.010,-6.801)},
        {t=0.808,cf=CFrame.new(3670.057,1200.108,3667.745,0.118,0.000,0.993,0.000,1.000,0.000,-0.993,0.000,0.118),s="Running",v=Vector3.new(-55.798,0.010,-6.462)},
        {t=0.819,cf=CFrame.new(3669.354,1200.108,3667.663,0.117,0.000,0.993,0.000,1.000,0.000,-0.993,0.000,0.117),s="Running",v=Vector3.new(-55.300,0.010,-6.368)},
        {t=0.830,cf=CFrame.new(3668.666,1200.108,3667.584,0.117,0.000,0.993,0.000,1.000,0.000,-0.993,0.000,0.117),s="Running",v=Vector3.new(-55.175,0.010,-6.346)},
        {t=0.837,cf=CFrame.new(3668.188,1200.108,3667.529,0.117,0.000,0.993,0.000,1.000,0.000,-0.993,0.000,0.117),s="Running",v=Vector3.new(-56.262,0.010,-6.469)},
        {t=0.843,cf=CFrame.new(3667.910,1200.108,3667.497,0.117,0.000,0.993,0.000,1.000,0.000,-0.993,0.000,0.117),s="Running",v=Vector3.new(-57.652,0.010,-6.628)},
        {t=0.849,cf=CFrame.new(3667.430,1200.108,3667.441,0.117,0.000,0.993,0.000,1.000,0.000,-0.993,0.000,0.117),s="Running",v=Vector3.new(-56.882,0.010,-6.540)},
        {t=0.854,cf=CFrame.new(3667.167,1200.108,3667.411,0.117,0.000,0.993,0.000,1.000,0.000,-0.993,0.000,0.117),s="Running",v=Vector3.new(-57.807,0.010,-6.646)},
        {t=0.862,cf=CFrame.new(3666.672,1200.108,3667.354,0.116,0.000,0.993,0.000,1.000,0.000,-0.993,0.000,0.116),s="Running",v=Vector3.new(-56.920,0.010,-6.544)},
        {t=0.867,cf=CFrame.new(3666.406,1200.108,3667.323,0.116,0.000,0.993,0.000,1.000,0.000,-0.993,0.000,0.116),s="Running",v=Vector3.new(-57.817,0.010,-6.647)},
        {t=0.876,cf=CFrame.new(3665.895,1200.108,3667.264,0.116,0.000,0.993,0.000,1.000,0.000,-0.993,0.000,0.116),s="Running",v=Vector3.new(-56.923,0.010,-6.544)},
        {t=0.884,cf=CFrame.new(3665.400,1200.108,3667.208,0.116,0.000,0.993,0.000,1.000,0.000,-0.993,0.000,0.116),s="Running",v=Vector3.new(-56.699,0.010,-6.519)},
        {t=0.893,cf=CFrame.new(3664.889,1200.108,3667.149,0.116,0.000,0.993,0.000,1.000,0.000,-0.993,0.000,0.116),s="Running",v=Vector3.new(-56.643,0.010,-6.512)},
        {t=0.901,cf=CFrame.new(3664.405,1200.108,3667.093,0.116,0.000,0.993,0.000,1.000,0.000,-0.993,0.000,0.116),s="Running",v=Vector3.new(-56.629,0.010,-6.511)},
        {t=0.905,cf=CFrame.new(3664.145,1200.108,3667.063,0.116,0.000,0.993,0.000,1.000,0.000,-0.993,0.000,0.116),s="Running",v=Vector3.new(-57.744,0.010,-6.639)},
        {t=0.910,cf=CFrame.new(3663.869,1200.108,3667.031,0.116,0.000,0.993,0.000,1.000,0.000,-0.993,0.000,0.116),s="Running",v=Vector3.new(-58.023,0.010,-6.671)},
        {t=0.917,cf=CFrame.new(3663.375,1200.108,3666.974,0.115,0.000,0.993,0.000,1.000,0.000,-0.993,0.000,0.115),s="Running",v=Vector3.new(-56.974,0.010,-6.550)},
        {t=0.923,cf=CFrame.new(3662.917,1200.108,3666.922,0.115,0.000,0.993,0.000,1.000,0.000,-0.993,0.000,0.115),s="Running",v=Vector3.new(-56.712,0.010,-6.520)},
        {t=0.927,cf=CFrame.new(3662.668,1200.108,3666.893,0.115,0.000,0.993,0.000,1.000,0.000,-0.993,0.000,0.115),s="Running",v=Vector3.new(-57.765,0.010,-6.641)},
        {t=0.930,cf=CFrame.new(3662.637,1200.108,3666.889,0.115,0.000,0.993,0.000,1.000,0.000,-0.993,0.000,0.115),s="Running",v=Vector3.new(-59.147,0.010,-6.800)},
        {t=0.935,cf=CFrame.new(3662.369,1200.108,3666.859,0.115,0.000,0.993,0.000,1.000,0.000,-0.993,0.000,0.115),s="Running",v=Vector3.new(-58.374,0.010,-6.711)},
        {t=0.939,cf=CFrame.new(3662.098,1200.108,3666.827,0.115,0.000,0.993,0.000,1.000,0.000,-0.993,0.000,0.115),s="Running",v=Vector3.new(-58.180,0.010,-6.689)},
        {t=0.943,cf=CFrame.new(3661.843,1200.108,3666.798,0.115,0.000,0.993,0.000,1.000,0.000,-0.993,0.000,0.115),s="Running",v=Vector3.new(-58.132,0.010,-6.684)},
        {t=0.948,cf=CFrame.new(3661.562,1200.108,3666.766,0.115,0.000,0.993,0.000,1.000,0.000,-0.993,0.000,0.115),s="Running",v=Vector3.new(-58.120,0.010,-6.682)},
        {t=0.954,cf=CFrame.new(3661.083,1200.108,3666.711,0.115,0.000,0.993,0.000,1.000,0.000,-0.993,0.000,0.115),s="Running",v=Vector3.new(-56.998,0.010,-6.553)},
        {t=0.960,cf=CFrame.new(3660.809,1200.108,3666.679,0.115,0.000,0.993,0.000,1.000,0.000,-0.993,0.000,0.115),s="Running",v=Vector3.new(-57.837,0.010,-6.650)},
        {t=0.965,cf=CFrame.new(3660.352,1200.108,3666.626,0.115,0.000,0.993,0.000,1.000,0.000,-0.993,0.000,0.115),s="Running",v=Vector3.new(-56.928,0.010,-6.545)},
        {t=0.969,cf=CFrame.new(3660.105,1200.108,3666.598,0.115,0.000,0.993,0.000,1.000,0.000,-0.993,0.000,0.115),s="Running",v=Vector3.new(-57.819,0.010,-6.648)},
        {t=0.974,cf=CFrame.new(3659.847,1200.108,3666.568,0.115,0.000,0.993,0.000,1.000,0.000,-0.993,0.000,0.115),s="Running",v=Vector3.new(-58.042,0.010,-6.673)},
        {t=0.979,cf=CFrame.new(3659.584,1200.108,3666.538,0.115,0.000,0.993,0.000,1.000,0.000,-0.993,0.000,0.115),s="Running",v=Vector3.new(-58.097,0.010,-6.680)},
        {t=0.984,cf=CFrame.new(3659.315,1200.108,3666.507,0.115,0.000,0.993,0.000,1.000,0.000,-0.993,0.000,0.115),s="Running",v=Vector3.new(-58.111,0.010,-6.681)},
        {t=0.989,cf=CFrame.new(3659.046,1200.108,3666.476,0.115,0.000,0.993,0.000,1.000,0.000,-0.993,0.000,0.115),s="Running",v=Vector3.new(-58.115,0.010,-6.682)},
        {t=0.993,cf=CFrame.new(3658.794,1200.108,3666.447,0.115,0.000,0.993,0.000,1.000,0.000,-0.993,0.000,0.115),s="Running",v=Vector3.new(-58.116,0.010,-6.682)},
        {t=0.997,cf=CFrame.new(3658.539,1200.108,3666.418,0.115,0.000,0.993,0.000,1.000,0.000,-0.993,0.000,0.115),s="Running",v=Vector3.new(-58.116,0.010,-6.682)},
        {t=1.002,cf=CFrame.new(3658.081,1200.108,3666.365,0.115,0.000,0.993,0.000,1.000,0.000,-0.993,0.000,0.115),s="Running",v=Vector3.new(-56.997,0.010,-6.553)},
        {t=1.005,cf=CFrame.new(3658.059,1200.108,3666.363,0.115,0.000,0.993,0.000,1.000,0.000,-0.993,0.000,0.115),s="Running",v=Vector3.new(-58.955,0.010,-6.778)},
        {t=1.010,cf=CFrame.new(3657.584,1200.108,3666.308,0.115,0.000,0.993,0.000,1.000,0.000,-0.993,0.000,0.115),s="Running",v=Vector3.new(-57.207,0.010,-6.577)},
        {t=1.014,cf=CFrame.new(3657.337,1200.108,3666.280,0.115,0.000,0.993,0.000,1.000,0.000,-0.993,0.000,0.115),s="Running",v=Vector3.new(-57.889,0.010,-6.656)},
        {t=1.019,cf=CFrame.new(3657.079,1200.108,3666.250,0.115,0.000,0.993,0.000,1.000,0.000,-0.993,0.000,0.115),s="Running",v=Vector3.new(-58.059,0.010,-6.675)},
        {t=1.023,cf=CFrame.new(3656.827,1200.108,3666.221,0.115,0.000,0.993,0.000,1.000,0.000,-0.993,0.000,0.115),s="Running",v=Vector3.new(-58.102,0.010,-6.680)},
        {t=1.027,cf=CFrame.new(3656.577,1200.108,3666.192,0.115,0.000,0.993,0.000,1.000,0.000,-0.993,0.000,0.115),s="Running",v=Vector3.new(-58.112,0.010,-6.681)},
        {t=1.032,cf=CFrame.new(3656.323,1200.108,3666.163,0.115,0.000,0.993,0.000,1.000,0.000,-0.993,0.000,0.115),s="Running",v=Vector3.new(-58.115,0.010,-6.682)},
        {t=1.036,cf=CFrame.new(3656.068,1200.108,3666.134,0.115,0.000,0.993,0.000,1.000,0.000,-0.993,0.000,0.115),s="Running",v=Vector3.new(-58.116,0.010,-6.682)},
        {t=1.040,cf=CFrame.new(3655.817,1200.108,3666.105,0.115,0.000,0.993,0.000,1.000,0.000,-0.993,0.000,0.115),s="Running",v=Vector3.new(-58.116,0.010,-6.682)},
        {t=1.046,cf=CFrame.new(3655.547,1200.108,3666.074,0.115,0.000,0.993,0.000,1.000,0.000,-0.993,0.000,0.115),s="Running",v=Vector3.new(-58.116,0.010,-6.682)},
        {t=1.052,cf=CFrame.new(3655.077,1200.108,3666.020,0.115,0.000,0.993,0.000,1.000,0.000,-0.993,0.000,0.115),s="Running",v=Vector3.new(-56.997,0.010,-6.553)},
        {t=1.059,cf=CFrame.new(3654.812,1200.108,3665.990,0.115,0.000,0.993,0.000,1.000,0.000,-0.993,0.000,0.115),s="Running",v=Vector3.new(-57.836,0.010,-6.650)},
        {t=1.062,cf=CFrame.new(3654.560,1200.108,3665.960,0.114,0.000,0.993,0.000,1.000,0.000,-0.993,0.000,0.114),s="Running",v=Vector3.new(-58.046,0.010,-6.674)},
        {t=1.067,cf=CFrame.new(3654.298,1200.108,3665.930,0.114,0.000,0.993,0.000,1.000,0.000,-0.993,0.000,0.114),s="Running",v=Vector3.new(-58.098,0.010,-6.680)},
        {t=1.071,cf=CFrame.new(3653.848,1200.108,3665.879,0.114,0.000,0.993,0.000,1.000,0.000,-0.993,0.000,0.114),s="Running",v=Vector3.new(-56.993,0.010,-6.553)},
        {t=1.077,cf=CFrame.new(3653.595,1200.108,3665.850,0.114,0.000,0.993,0.000,1.000,0.000,-0.993,0.000,0.114),s="Running",v=Vector3.new(-57.835,0.010,-6.649)},
        {t=1.081,cf=CFrame.new(3653.348,1200.108,3665.821,0.114,0.000,0.993,0.000,1.000,0.000,-0.993,0.000,0.114),s="Running",v=Vector3.new(-58.048,0.010,-6.651)},
        {t=1.085,cf=CFrame.new(3653.100,1200.108,3665.792,0.114,0.000,0.993,0.000,1.000,0.000,-0.993,0.000,0.114),s="Running",v=Vector3.new(-58.105,0.010,-6.619)},
        {t=1.090,cf=CFrame.new(3652.844,1200.108,3665.763,0.114,0.000,0.993,0.000,1.000,0.000,-0.993,0.000,0.114),s="Running",v=Vector3.new(-58.124,0.010,-6.569)},
        {t=1.094,cf=CFrame.new(3652.594,1200.108,3665.735,0.114,0.000,0.993,0.000,1.000,0.000,-0.993,0.000,0.114),s="Running",v=Vector3.new(-58.133,0.010,-6.519)},
        {t=1.098,cf=CFrame.new(3652.345,1200.108,3665.707,0.114,0.000,0.994,0.000,1.000,0.000,-0.994,0.000,0.114),s="Running",v=Vector3.new(-58.143,0.010,-6.440)},
        {t=1.104,cf=CFrame.new(3652.077,1200.108,3665.678,0.113,0.000,0.994,0.000,1.000,0.000,-0.994,0.000,0.113),s="Running",v=Vector3.new(-58.154,0.010,-6.341)},
        {t=1.109,cf=CFrame.new(3651.813,1200.108,3665.649,0.113,0.000,0.994,0.000,1.000,0.000,-0.994,0.000,0.113),s="Running",v=Vector3.new(-58.166,0.010,-6.228)},
        {t=1.113,cf=CFrame.new(3651.555,1200.108,3665.621,0.112,0.000,0.994,0.000,1.000,0.000,-0.994,0.000,0.112),s="Running",v=Vector3.new(-58.175,0.010,-6.145)},
        {t=1.117,cf=CFrame.new(3651.301,1200.108,3665.594,0.112,0.000,0.994,0.000,1.000,0.000,-0.994,0.000,0.112),s="Running",v=Vector3.new(-58.180,0.010,-6.103)},
        {t=1.123,cf=CFrame.new(3650.839,1200.108,3665.546,0.111,0.000,0.994,0.000,1.000,0.000,-0.994,0.000,0.111),s="Running",v=Vector3.new(-57.065,0.010,-5.940)},
        {t=1.127,cf=CFrame.new(3650.592,1200.108,3665.520,0.111,0.000,0.994,0.000,1.000,0.000,-0.994,0.000,0.111),s="Running",v=Vector3.new(-57.909,0.010,-5.979)},
        {t=1.131,cf=CFrame.new(3650.344,1200.108,3665.494,0.111,0.000,0.994,0.000,1.000,0.000,-0.994,0.000,0.111),s="Running",v=Vector3.new(-58.124,0.010,-5.954)},
        {t=1.136,cf=CFrame.new(3650.088,1200.108,3665.468,0.110,0.000,0.994,0.000,1.000,0.000,-0.994,0.000,0.110),s="Running",v=Vector3.new(-58.182,0.010,-5.906)},
        {t=1.140,cf=CFrame.new(3649.838,1200.108,3665.442,0.110,0.000,0.994,0.000,1.000,0.000,-0.994,0.000,0.110),s="Running",v=Vector3.new(-58.201,0.010,-5.852)},
        {t=1.144,cf=CFrame.new(3649.589,1200.108,3665.417,0.109,0.000,0.994,0.000,1.000,0.000,-0.994,0.000,0.109),s="Running",v=Vector3.new(-58.209,0.010,-5.807)},
        {t=1.150,cf=CFrame.new(3649.316,1200.108,3665.390,0.108,0.000,0.994,0.000,1.000,0.000,-0.994,0.000,0.108),s="Running",v=Vector3.new(-58.212,0.010,-5.781)},
        {t=1.156,cf=CFrame.new(3649.043,1200.108,3665.362,0.108,0.000,0.994,0.000,1.000,0.000,-0.994,0.000,0.108),s="Running",v=Vector3.new(-58.213,0.010,-5.772)},
        {t=1.162,cf=CFrame.new(3648.582,1200.108,3665.316,0.107,0.000,0.994,0.000,1.000,0.000,-0.994,0.000,0.107),s="Running",v=Vector3.new(-57.093,0.010,-5.658)},
        {t=1.166,cf=CFrame.new(3648.341,1200.108,3665.292,0.107,0.000,0.994,0.000,1.000,0.000,-0.994,0.000,0.107),s="Running",v=Vector3.new(-57.935,0.010,-5.726)},
        {t=1.170,cf=CFrame.new(3648.094,1200.108,3665.268,0.107,0.000,0.994,0.000,1.000,0.000,-0.994,0.000,0.107),s="Running",v=Vector3.new(-58.150,0.010,-5.698)},
        {t=1.173,cf=CFrame.new(3647.847,1200.108,3665.244,0.106,0.000,0.994,0.000,1.000,0.000,-0.994,0.000,0.106),s="Running",v=Vector3.new(-58.205,0.010,-5.679)},
        {t=1.177,cf=CFrame.new(3647.601,1200.108,3665.219,0.106,0.000,0.994,0.000,1.000,0.000,-0.994,0.000,0.106),s="Running",v=Vector3.new(-58.219,0.010,-5.672)},
        {t=1.181,cf=CFrame.new(3647.355,1200.108,3665.196,0.106,0.000,0.994,0.000,1.000,0.000,-0.994,0.000,0.106),s="Running",v=Vector3.new(-58.222,0.010,-5.668)},
        {t=1.185,cf=CFrame.new(3647.100,1200.108,3665.170,0.105,0.000,0.994,0.000,1.000,0.000,-0.994,0.000,0.105),s="Running",v=Vector3.new(-58.223,0.010,-5.666)},
        {t=1.190,cf=CFrame.new(3646.847,1200.108,3665.146,0.105,0.000,0.994,0.000,1.000,0.000,-0.994,0.000,0.105),s="Running",v=Vector3.new(-58.224,0.010,-5.666)},
        {t=1.194,cf=CFrame.new(3646.599,1200.108,3665.122,0.104,0.000,0.995,0.000,1.000,0.000,-0.995,0.000,0.104),s="Running",v=Vector3.new(-58.224,0.010,-5.666)},
        {t=1.198,cf=CFrame.new(3646.352,1200.108,3665.097,0.104,0.000,0.995,0.000,1.000,0.000,-0.995,0.000,0.104),s="Running",v=Vector3.new(-58.224,0.010,-5.666)},
        {t=1.202,cf=CFrame.new(3646.104,1200.108,3665.073,0.104,0.000,0.995,0.000,1.000,0.000,-0.995,0.000,0.104),s="Running",v=Vector3.new(-58.224,0.010,-5.666)},
        {t=1.205,cf=CFrame.new(3645.860,1200.108,3665.049,0.104,0.000,0.995,0.000,1.000,0.000,-0.995,0.000,0.104),s="Running",v=Vector3.new(-58.224,0.010,-5.666)},
        {t=1.210,cf=CFrame.new(3645.609,1200.108,3665.025,0.103,0.000,0.995,0.000,1.000,0.000,-0.995,0.000,0.103),s="Running",v=Vector3.new(-58.226,0.010,-5.645)},
        {t=1.214,cf=CFrame.new(3645.577,1200.108,3665.022,0.103,0.000,0.995,0.000,1.000,0.000,-0.995,0.000,0.103),s="Running",v=Vector3.new(-59.350,0.010,-5.712)},
        {t=1.218,cf=CFrame.new(3645.312,1200.108,3664.996,0.103,0.000,0.995,0.000,1.000,0.000,-0.995,0.000,0.103),s="Running",v=Vector3.new(-58.512,0.010,-5.607)},
        {t=1.222,cf=CFrame.new(3645.061,1200.108,3664.972,0.102,0.000,0.995,0.000,1.000,0.000,-0.995,0.000,0.102),s="Running",v=Vector3.new(-58.303,0.010,-5.578)},
        {t=1.227,cf=CFrame.new(3644.594,1200.108,3664.927,0.102,0.000,0.995,0.000,1.000,0.000,-0.995,0.000,0.102),s="Running",v=Vector3.new(-57.130,0.010,-5.461)},
        {t=1.231,cf=CFrame.new(3644.354,1200.108,3664.904,0.102,0.000,0.995,0.000,1.000,0.000,-0.995,0.000,0.102),s="Running",v=Vector3.new(-57.958,0.010,-5.538)},
        {t=1.233,cf=CFrame.new(3644.333,1200.108,3664.902,0.102,0.000,0.995,0.000,1.000,0.000,-0.995,0.000,0.102),s="Running",v=Vector3.new(-59.285,0.010,-5.665)},
        {t=1.239,cf=CFrame.new(3644.065,1200.108,3664.876,0.101,0.000,0.995,0.000,1.000,0.000,-0.995,0.000,0.101),s="Running",v=Vector3.new(-58.497,0.010,-5.589)},
        {t=1.244,cf=CFrame.new(3643.807,1200.108,3664.852,0.101,0.000,0.995,0.000,1.000,0.000,-0.995,0.000,0.101),s="Running",v=Vector3.new(-58.299,0.010,-5.570)},
        {t=1.247,cf=CFrame.new(3643.551,1200.108,3664.827,0.101,0.000,0.995,0.000,1.000,0.000,-0.995,0.000,0.101),s="Running",v=Vector3.new(-58.250,0.010,-5.565)},
        {t=1.251,cf=CFrame.new(3643.294,1200.108,3664.802,0.100,0.000,0.995,0.000,1.000,0.000,-0.995,0.000,0.100),s="Running",v=Vector3.new(-58.238,0.010,-5.564)},
        {t=1.256,cf=CFrame.new(3642.835,1200.108,3664.758,0.100,0.000,0.995,0.000,1.000,0.000,-0.995,0.000,0.100),s="Running",v=Vector3.new(-57.114,0.010,-5.457)},
        {t=1.260,cf=CFrame.new(3642.593,1200.108,3664.735,0.100,0.000,0.995,0.000,1.000,0.000,-0.995,0.000,0.100),s="Running",v=Vector3.new(-57.954,0.010,-5.537)},
        {t=1.263,cf=CFrame.new(3642.574,1200.108,3664.733,0.100,0.000,0.995,0.000,1.000,0.000,-0.995,0.000,0.100),s="Running",v=Vector3.new(-59.284,0.010,-5.664)},
        {t=1.268,cf=CFrame.new(3642.101,1200.108,3664.688,0.100,0.000,0.995,0.000,1.000,0.000,-0.995,0.000,0.100),s="Running",v=Vector3.new(-57.375,0.010,-5.482)},
        {t=1.271,cf=CFrame.new(3642.086,1200.108,3664.687,0.100,0.000,0.995,0.000,1.000,0.000,-0.995,0.000,0.100),s="Running",v=Vector3.new(-59.140,0.010,-5.650)},
        {t=1.278,cf=CFrame.new(3641.598,1200.108,3664.640,0.099,0.000,0.995,0.000,1.000,0.000,-0.995,0.000,0.099),s="Running",v=Vector3.new(-57.339,0.010,-5.478)},
        {t=1.284,cf=CFrame.new(3641.332,1200.108,3664.614,0.099,0.000,0.995,0.000,1.000,0.000,-0.995,0.000,0.099),s="Running",v=Vector3.new(-58.010,0.010,-5.542)},
        {t=1.288,cf=CFrame.new(3641.080,1200.108,3664.590,0.099,0.000,0.995,0.000,1.000,0.000,-0.995,0.000,0.099),s="Running",v=Vector3.new(-58.178,0.010,-5.559)},
        {t=1.291,cf=CFrame.new(3640.834,1200.108,3664.567,0.099,0.000,0.995,0.000,1.000,0.000,-0.995,0.000,0.099),s="Running",v=Vector3.new(-58.220,0.010,-5.563)},
        {t=1.295,cf=CFrame.new(3640.585,1200.108,3664.543,0.099,0.000,0.995,0.000,1.000,0.000,-0.995,0.000,0.099),s="Running",v=Vector3.new(-58.230,0.010,-5.564)},
        {t=1.299,cf=CFrame.new(3640.339,1200.108,3664.519,0.098,0.000,0.995,0.000,1.000,0.000,-0.995,0.000,0.098),s="Running",v=Vector3.new(-58.233,0.010,-5.564)},
        {t=1.301,cf=CFrame.new(3640.099,1200.108,3664.496,0.098,0.000,0.995,0.000,1.000,0.000,-0.995,0.000,0.098),s="Running",v=Vector3.new(-58.233,0.010,-5.564)},
        {t=1.304,cf=CFrame.new(3640.082,1200.108,3664.494,0.098,0.000,0.995,0.000,1.000,0.000,-0.995,0.000,0.098),s="Running",v=Vector3.new(-59.354,0.010,-5.671)},
        {t=1.310,cf=CFrame.new(3639.605,1200.108,3664.449,0.098,0.000,0.995,0.000,1.000,0.000,-0.995,0.000,0.098),s="Running",v=Vector3.new(-57.393,0.010,-5.484)},
        {t=1.313,cf=CFrame.new(3639.370,1200.108,3664.427,0.098,0.000,0.995,0.000,1.000,0.000,-0.995,0.000,0.098),s="Running",v=Vector3.new(-58.023,0.010,-5.544)},
        {t=1.319,cf=CFrame.new(3639.114,1200.108,3664.402,0.098,0.000,0.995,0.000,1.000,0.000,-0.995,0.000,0.098),s="Running",v=Vector3.new(-58.181,0.010,-5.559)},
        {t=1.321,cf=CFrame.new(3639.098,1200.108,3664.401,0.098,0.000,0.995,0.000,1.000,0.000,-0.995,0.000,0.098),s="Running",v=Vector3.new(-59.341,0.010,-5.670)},
        {t=1.328,cf=CFrame.new(3638.614,1200.108,3664.354,0.098,0.000,0.995,0.000,1.000,0.000,-0.995,0.000,0.098),s="Running",v=Vector3.new(-57.390,0.010,-5.483)},
        {t=1.334,cf=CFrame.new(3638.347,1200.108,3664.329,0.097,0.000,0.995,0.000,1.000,0.000,-0.995,0.000,0.097),s="Running",v=Vector3.new(-58.023,0.010,-5.544)},
        {t=1.338,cf=CFrame.new(3638.099,1200.108,3664.305,0.097,0.000,0.995,0.000,1.000,0.000,-0.995,0.000,0.097),s="Running",v=Vector3.new(-58.181,0.010,-5.559)},
        {t=1.341,cf=CFrame.new(3637.851,1200.108,3664.281,0.097,0.000,0.995,0.000,1.000,0.000,-0.995,0.000,0.097),s="Running",v=Vector3.new(-58.220,0.010,-5.563)},
        {t=1.345,cf=CFrame.new(3637.604,1200.108,3664.258,0.097,0.000,0.995,0.000,1.000,0.000,-0.995,0.000,0.097),s="Running",v=Vector3.new(-58.230,0.010,-5.564)},
        {t=1.349,cf=CFrame.new(3637.356,1200.108,3664.234,0.097,0.000,0.995,0.000,1.000,0.000,-0.995,0.000,0.097),s="Running",v=Vector3.new(-58.233,0.010,-5.564)},
        {t=1.353,cf=CFrame.new(3637.108,1200.108,3664.210,0.097,0.000,0.995,0.000,1.000,0.000,-0.995,0.000,0.097),s="Running",v=Vector3.new(-58.233,0.010,-5.564)},
        {t=1.356,cf=CFrame.new(3636.861,1200.108,3664.187,0.097,0.000,0.995,0.000,1.000,0.000,-0.995,0.000,0.097),s="Running",v=Vector3.new(-58.234,0.010,-5.564)},
        {t=1.360,cf=CFrame.new(3636.614,1200.108,3664.163,0.097,0.000,0.995,0.000,1.000,0.000,-0.995,0.000,0.097),s="Running",v=Vector3.new(-58.234,0.010,-5.564)},
        {t=1.363,cf=CFrame.new(3636.375,1200.108,3664.140,0.097,0.000,0.995,0.000,1.000,0.000,-0.995,0.000,0.097),s="Running",v=Vector3.new(-58.234,0.010,-5.564)},
        {t=1.367,cf=CFrame.new(3636.352,1200.108,3664.138,0.097,0.000,0.995,0.000,1.000,0.000,-0.995,0.000,0.097),s="Running",v=Vector3.new(-59.354,0.010,-5.671)},
        {t=1.372,cf=CFrame.new(3636.088,1200.108,3664.113,0.097,0.000,0.995,0.000,1.000,0.000,-0.995,0.000,0.097),s="Running",v=Vector3.new(-58.514,0.010,-5.591)},
        {t=1.377,cf=CFrame.new(3635.631,1200.108,3664.069,0.097,0.000,0.995,0.000,1.000,0.000,-0.995,0.000,0.097),s="Running",v=Vector3.new(-57.183,0.010,-5.463)},
        {t=1.379,cf=CFrame.new(3635.612,1200.108,3664.067,0.097,0.000,0.995,0.000,1.000,0.000,-0.995,0.000,0.097),s="Running",v=Vector3.new(-59.092,0.010,-5.646)},
        {t=1.386,cf=CFrame.new(3635.138,1200.108,3664.022,0.097,0.000,0.995,0.000,1.000,0.000,-0.995,0.000,0.097),s="Running",v=Vector3.new(-57.327,0.010,-5.477)},
        {t=1.390,cf=CFrame.new(3634.890,1200.108,3663.998,0.096,0.000,0.995,0.000,1.000,0.000,-0.995,0.000,0.096),s="Running",v=Vector3.new(-58.007,0.010,-5.542)},
        {t=1.393,cf=CFrame.new(3634.646,1200.108,3663.975,0.096,0.000,0.995,0.000,1.000,0.000,-0.995,0.000,0.096),s="Running",v=Vector3.new(-58.177,0.010,-5.558)},
        {t=1.396,cf=CFrame.new(3634.625,1200.108,3663.973,0.096,0.000,0.995,0.000,1.000,0.000,-0.995,0.000,0.096),s="Running",v=Vector3.new(-59.340,0.010,-5.670)},
        {t=1.401,cf=CFrame.new(3634.155,1200.108,3663.928,0.096,0.000,0.995,0.000,1.000,0.000,-0.995,0.000,0.096),s="Running",v=Vector3.new(-57.389,0.010,-5.483)},
        {t=1.404,cf=CFrame.new(3634.135,1200.108,3663.927,0.096,0.000,0.995,0.000,1.000,0.000,-0.995,0.000,0.096),s="Running",v=Vector3.new(-59.143,0.010,-5.651)},
        {t=1.410,cf=CFrame.new(3633.656,1200.108,3663.881,0.096,0.000,0.995,0.000,1.000,0.000,-0.995,0.000,0.096),s="Running",v=Vector3.new(-57.340,0.010,-5.478)},
        {t=1.414,cf=CFrame.new(3633.417,1200.108,3663.858,0.096,0.000,0.995,0.000,1.000,0.000,-0.995,0.000,0.096),s="Running",v=Vector3.new(-58.010,0.010,-5.543)},
        {t=1.416,cf=CFrame.new(3633.397,1200.108,3663.856,0.096,0.000,0.995,0.000,1.000,0.000,-0.995,0.000,0.096),s="Running",v=Vector3.new(-59.299,0.010,-5.666)},
        {t=1.422,cf=CFrame.new(3632.921,1200.108,3663.811,0.096,0.000,0.995,0.000,1.000,0.000,-0.995,0.000,0.096),s="Running",v=Vector3.new(-57.379,0.010,-5.482)},
