-- CFrame Auto Walk Recording
-- Total Frames: 1361
-- Recorded HipHeight: 5.058475494384766

return {
    hipHeight = 5.058475494384766,
    frames = {
        {t=0.008,cf=CFrame.new(-464.723,457.036,-162.202,0.200,0.000,0.980,0.000,1.000,0.000,-0.980,0.000,0.200),s="Running",v=Vector3.new(0.000,0.002,0.000)},
        {t=0.012,cf=CFrame.new(-464.723,457.036,-162.202,0.200,0.000,0.980,0.000,1.000,0.000,-0.980,0.000,0.200),s="Running",v=Vector3.new(0.000,0.002,0.000)},
        {t=0.016,cf=CFrame.new(-464.723,457.036,-162.202,0.200,0.000,0.980,0.000,1.000,0.000,-0.980,0.000,0.200),s="Running",v=Vector3.new(0.000,0.002,0.000)},
        {t=0.020,cf=CFrame.new(-464.723,457.036,-162.202,0.200,0.000,0.980,0.000,1.000,0.000,-0.980,0.000,0.200),s="Running",v=Vector3.new(0.000,0.002,0.000)},
        {t=0.024,cf=CFrame.new(-464.723,457.036,-162.202,0.200,0.000,0.980,0.000,1.000,0.000,-0.980,0.000,0.200),s="Running",v=Vector3.new(0.000,0.002,0.000)},
        {t=0.029,cf=CFrame.new(-464.723,457.036,-162.202,0.200,0.000,0.980,0.000,1.000,0.000,-0.980,0.000,0.200),s="Running",v=Vector3.new(0.000,0.002,0.000)},
        {t=0.032,cf=CFrame.new(-464.723,457.036,-162.202,0.200,0.000,0.980,0.000,1.000,0.000,-0.980,0.000,0.200),s="Running",v=Vector3.new(0.000,0.002,0.000)},
        {t=0.037,cf=CFrame.new(-464.723,457.036,-162.202,0.200,0.000,0.980,0.000,1.000,0.000,-0.980,0.000,0.200),s="Running",v=Vector3.new(0.000,0.002,0.000)},
        {t=0.040,cf=CFrame.new(-464.723,457.036,-162.202,0.200,0.000,0.980,0.000,1.000,0.000,-0.980,0.000,0.200),s="Running",v=Vector3.new(0.000,0.002,0.000)},
        {t=0.045,cf=CFrame.new(-464.723,457.036,-162.202,0.200,0.000,0.980,0.000,1.000,0.000,-0.980,0.000,0.200),s="Running",v=Vector3.new(0.000,0.002,0.000)},
        {t=0.049,cf=CFrame.new(-464.723,457.036,-162.202,0.200,0.000,0.980,0.000,1.000,0.000,-0.980,0.000,0.200),s="Running",v=Vector3.new(0.000,0.002,0.000)},
        {t=0.053,cf=CFrame.new(-464.723,457.036,-162.202,0.200,0.000,0.980,0.000,1.000,0.000,-0.980,0.000,0.200),s="Running",v=Vector3.new(0.000,0.002,0.000)},
        {t=0.056,cf=CFrame.new(-464.723,457.036,-162.202,0.200,0.000,0.980,0.000,1.000,0.000,-0.980,0.000,0.200),s="Running",v=Vector3.new(0.000,0.002,0.000)},
        {t=0.065,cf=CFrame.new(-464.723,457.036,-162.202,0.200,0.000,0.980,0.000,1.000,0.000,-0.980,0.000,0.200),s="Running",v=Vector3.new(0.000,0.002,0.000)},
        {t=0.070,cf=CFrame.new(-464.723,457.036,-162.202,0.200,0.000,0.980,0.000,1.000,0.000,-0.980,0.000,0.200),s="Running",v=Vector3.new(0.000,0.002,0.000)},
        {t=0.074,cf=CFrame.new(-464.723,457.036,-162.202,0.200,0.000,0.980,0.000,1.000,0.000,-0.980,0.000,0.200),s="Running",v=Vector3.new(0.000,0.002,0.000)},
        {t=0.079,cf=CFrame.new(-464.723,457.036,-162.202,0.200,0.000,0.980,0.000,1.000,0.000,-0.980,0.000,0.200),s="Running",v=Vector3.new(0.000,0.002,0.000)},
        {t=0.083,cf=CFrame.new(-464.723,457.036,-162.202,0.200,0.000,0.980,0.000,1.000,0.000,-0.980,0.000,0.200),s="Running",v=Vector3.new(0.000,0.002,0.000)},
        {t=0.087,cf=CFrame.new(-464.723,457.036,-162.202,0.200,0.000,0.980,0.000,1.000,0.000,-0.980,0.000,0.200),s="Running",v=Vector3.new(0.000,0.002,0.000)},
        {t=0.091,cf=CFrame.new(-464.723,457.036,-162.202,0.200,0.000,0.980,0.000,1.000,0.000,-0.980,0.000,0.200),s="Running",v=Vector3.new(0.000,0.002,0.000)},
        {t=0.096,cf=CFrame.new(-464.723,457.036,-162.202,0.200,0.000,0.980,0.000,1.000,0.000,-0.980,0.000,0.200),s="Running",v=Vector3.new(0.000,0.002,0.000)},
        {t=0.100,cf=CFrame.new(-464.723,457.036,-162.202,0.200,0.000,0.980,0.000,1.000,0.000,-0.980,0.000,0.200),s="Running",v=Vector3.new(0.000,0.002,0.000)},
        {t=0.104,cf=CFrame.new(-464.723,457.036,-162.202,0.200,0.000,0.980,0.000,1.000,0.000,-0.980,0.000,0.200),s="Running",v=Vector3.new(0.000,0.002,0.000)},
        {t=0.108,cf=CFrame.new(-464.723,457.036,-162.202,0.200,0.000,0.980,0.000,1.000,0.000,-0.980,0.000,0.200),s="Running",v=Vector3.new(0.000,0.002,0.000)},
        {t=0.113,cf=CFrame.new(-464.723,457.036,-162.202,0.200,0.000,0.980,0.000,1.000,0.000,-0.980,0.000,0.200),s="Running",v=Vector3.new(0.000,0.002,0.000)},
        {t=0.117,cf=CFrame.new(-464.723,457.036,-162.202,0.200,0.000,0.980,0.000,1.000,0.000,-0.980,0.000,0.200),s="Running",v=Vector3.new(0.000,0.002,0.000)},
        {t=0.121,cf=CFrame.new(-464.723,457.036,-162.202,0.200,0.000,0.980,0.000,1.000,0.000,-0.980,0.000,0.200),s="Running",v=Vector3.new(0.000,0.002,0.000)},
        {t=0.125,cf=CFrame.new(-464.723,457.036,-162.202,0.200,0.000,0.980,0.000,1.000,0.000,-0.980,0.000,0.200),s="Running",v=Vector3.new(0.000,0.002,0.000)},
        {t=0.130,cf=CFrame.new(-464.723,457.036,-162.202,0.200,0.000,0.980,0.000,1.000,0.000,-0.980,0.000,0.200),s="Running",v=Vector3.new(0.000,0.002,0.000)},
        {t=0.135,cf=CFrame.new(-464.723,457.036,-162.202,0.200,0.000,0.980,0.000,1.000,0.000,-0.980,0.000,0.200),s="Running",v=Vector3.new(0.000,0.002,0.000)},
        {t=0.139,cf=CFrame.new(-464.723,457.036,-162.202,0.200,0.000,0.980,0.000,1.000,0.000,-0.980,0.000,0.200),s="Running",v=Vector3.new(0.000,0.002,0.000)},
        {t=0.143,cf=CFrame.new(-464.723,457.036,-162.202,0.200,0.000,0.980,0.000,1.000,0.000,-0.980,0.000,0.200),s="Running",v=Vector3.new(0.000,0.002,-0.000)},
        {t=0.149,cf=CFrame.new(-464.723,457.036,-162.202,0.200,0.000,0.980,0.000,1.000,0.000,-0.980,0.000,0.200),s="Running",v=Vector3.new(0.000,0.002,-0.000)},
        {t=0.153,cf=CFrame.new(-464.723,457.036,-162.202,0.200,0.000,0.980,0.000,1.000,0.000,-0.980,0.000,0.200),s="Running",v=Vector3.new(0.000,0.002,-0.000)},
        {t=0.157,cf=CFrame.new(-464.723,457.036,-162.202,0.200,0.000,0.980,0.000,1.000,0.000,-0.980,0.000,0.200),s="Running",v=Vector3.new(0.000,0.002,-0.000)},
        {t=0.162,cf=CFrame.new(-464.723,457.036,-162.202,0.200,0.000,0.980,0.000,1.000,0.000,-0.980,0.000,0.200),s="Running",v=Vector3.new(0.000,0.002,-0.000)},
        {t=0.166,cf=CFrame.new(-464.723,457.036,-162.202,0.200,0.000,0.980,0.000,1.000,0.000,-0.980,0.000,0.200),s="Running",v=Vector3.new(-0.822,0.002,-0.169)},
        {t=0.171,cf=CFrame.new(-464.725,457.036,-162.202,0.200,0.000,0.980,0.000,1.000,0.000,-0.980,0.000,0.200),s="Running",v=Vector3.new(-3.488,0.002,-0.719)},
        {t=0.175,cf=CFrame.new(-464.733,457.036,-162.204,0.201,0.000,0.980,0.000,1.000,0.000,-0.980,0.000,0.201),s="Running",v=Vector3.new(-7.183,0.002,-1.487)},
        {t=0.180,cf=CFrame.new(-464.749,457.036,-162.207,0.201,0.000,0.980,0.000,1.000,0.000,-0.980,0.000,0.201),s="Running",v=Vector3.new(-11.157,0.002,-2.334)},
        {t=0.185,cf=CFrame.new(-464.783,457.036,-162.214,0.202,0.000,0.979,0.000,1.000,0.000,-0.979,0.000,0.202),s="Running",v=Vector3.new(-15.110,0.002,-3.201)},
        {t=0.189,cf=CFrame.new(-464.835,457.036,-162.225,0.203,0.000,0.979,0.000,1.000,0.000,-0.979,0.000,0.203),s="Running",v=Vector3.new(-18.957,0.002,-4.071)},
        {t=0.193,cf=CFrame.new(-464.906,457.036,-162.241,0.204,0.000,0.979,0.000,1.000,0.000,-0.979,0.000,0.204),s="Running",v=Vector3.new(-25.103,0.002,-5.534)},
        {t=0.198,cf=CFrame.new(-465.008,457.036,-162.263,0.206,0.000,0.978,0.000,1.000,0.000,-0.978,0.000,0.206),s="Running",v=Vector3.new(-30.661,0.002,-6.930)},
        {t=0.202,cf=CFrame.new(-465.136,457.036,-162.292,0.209,0.000,0.978,0.000,1.000,0.000,-0.978,0.000,0.209),s="Running",v=Vector3.new(-35.537,0.002,-8.309)},
        {t=0.207,cf=CFrame.new(-465.286,457.036,-162.327,0.212,0.000,0.977,0.000,1.000,0.000,-0.977,0.000,0.212),s="Running",v=Vector3.new(-40.034,0.002,-9.762)},
        {t=0.212,cf=CFrame.new(-465.581,457.036,-162.399,0.217,0.000,0.976,0.000,1.000,0.000,-0.976,0.000,0.217),s="Running",v=Vector3.new(-43.285,0.002,-11.249)},
        {t=0.216,cf=CFrame.new(-465.759,457.036,-162.445,0.221,0.000,0.975,0.000,1.000,0.000,-0.975,0.000,0.221),s="Running",v=Vector3.new(-47.913,0.002,-13.473)},
        {t=0.221,cf=CFrame.new(-465.956,457.036,-162.501,0.227,0.000,0.974,0.000,1.000,0.000,-0.974,0.000,0.227),s="Running",v=Vector3.new(-51.300,0.002,-15.974)},
        {t=0.225,cf=CFrame.new(-466.166,457.036,-162.566,0.233,0.000,0.972,0.000,1.000,0.000,-0.972,0.000,0.233),s="Running",v=Vector3.new(-53.148,0.002,-18.048)},
        {t=0.230,cf=CFrame.new(-466.395,457.036,-162.644,0.242,0.000,0.970,0.000,1.000,0.000,-0.970,0.000,0.242),s="Running",v=Vector3.new(-53.805,0.002,-20.478)},
        {t=0.234,cf=CFrame.new(-466.627,457.036,-162.732,0.251,0.000,0.968,0.000,1.000,0.000,-0.968,0.000,0.251),s="Running",v=Vector3.new(-53.674,0.002,-22.441)},
        {t=0.239,cf=CFrame.new(-466.857,457.036,-162.828,0.261,0.000,0.965,0.000,1.000,0.000,-0.965,0.000,0.261),s="Running",v=Vector3.new(-53.144,0.002,-24.111)},
        {t=0.243,cf=CFrame.new(-467.083,457.036,-162.930,0.272,0.000,0.962,0.000,1.000,0.000,-0.962,0.000,0.272),s="Running",v=Vector3.new(-52.251,0.002,-26.090)},
        {t=0.248,cf=CFrame.new(-467.311,457.036,-163.043,0.287,0.000,0.958,0.000,1.000,0.000,-0.958,0.000,0.287),s="Running",v=Vector3.new(-51.104,0.002,-28.278)},
        {t=0.252,cf=CFrame.new(-467.704,457.036,-163.259,0.300,0.000,0.954,0.000,1.000,0.000,-0.954,0.000,0.300),s="Running",v=Vector3.new(-49.111,0.002,-29.514)},
        {t=0.257,cf=CFrame.new(-467.909,457.036,-163.381,0.315,0.000,0.949,0.000,1.000,0.000,-0.949,0.000,0.315),s="Running",v=Vector3.new(-48.927,0.002,-31.448)},
        {t=0.262,cf=CFrame.new(-468.119,457.036,-163.514,0.334,0.000,0.943,0.000,1.000,0.000,-0.943,0.000,0.334),s="Running",v=Vector3.new(-48.181,0.002,-32.987)},
        {t=0.266,cf=CFrame.new(-468.319,457.036,-163.649,0.351,0.000,0.936,0.000,1.000,0.000,-0.936,0.000,0.351),s="Running",v=Vector3.new(-46.948,0.002,-34.701)},
        {t=0.270,cf=CFrame.new(-468.510,457.036,-163.789,0.370,0.000,0.929,0.000,1.000,0.000,-0.929,0.000,0.370),s="Running",v=Vector3.new(-45.484,0.002,-36.562)},
        {t=0.274,cf=CFrame.new(-468.697,457.036,-163.939,0.387,0.000,0.922,0.000,1.000,0.000,-0.922,0.000,0.387),s="Running",v=Vector3.new(-42.733,0.002,-39.589)},
        {t=0.279,cf=CFrame.new(-468.878,457.036,-164.105,0.410,0.000,0.912,0.000,1.000,0.000,-0.912,0.000,0.410),s="Running",v=Vector3.new(-40.090,0.002,-42.349)},
        {t=0.283,cf=CFrame.new(-469.045,457.036,-164.280,0.432,0.000,0.902,0.000,1.000,0.000,-0.902,0.000,0.432),s="Running",v=Vector3.new(-38.066,0.002,-44.210)},
        {t=0.289,cf=CFrame.new(-469.208,457.036,-164.467,0.457,0.000,0.889,0.000,1.000,0.000,-0.889,0.000,0.457),s="Running",v=Vector3.new(-35.585,0.002,-46.246)},
        {t=0.295,cf=CFrame.new(-469.488,457.036,-164.832,0.495,0.000,0.869,0.000,1.000,0.000,-0.869,0.000,0.495),s="Running",v=Vector3.new(-31.274,0.002,-47.922)},
        {t=0.300,cf=CFrame.new(-469.624,457.036,-165.038,0.527,0.000,0.850,0.000,1.000,0.000,-0.850,0.000,0.527),s="Running",v=Vector3.new(-28.254,0.002,-50.635)},
        {t=0.305,cf=CFrame.new(-469.746,457.036,-165.255,0.554,0.000,0.832,0.000,1.000,0.000,-0.832,0.000,0.554),s="Running",v=Vector3.new(-24.529,0.002,-52.705)},
        {t=0.309,cf=CFrame.new(-469.852,457.036,-165.480,0.578,0.000,0.816,0.000,1.000,0.000,-0.816,0.000,0.578),s="Running",v=Vector3.new(-20.880,0.002,-54.415)},
        {t=0.314,cf=CFrame.new(-469.944,457.036,-165.714,0.608,0.000,0.794,0.000,1.000,0.000,-0.794,0.000,0.608),s="Running",v=Vector3.new(-18.141,0.002,-55.437)},
        {t=0.319,cf=CFrame.new(-470.026,457.036,-165.955,0.638,0.000,0.770,0.000,1.000,0.000,-0.770,0.000,0.638),s="Running",v=Vector3.new(-14.996,0.002,-56.366)},
        {t=0.324,cf=CFrame.new(-470.146,457.036,-166.393,0.667,0.000,0.745,0.000,1.000,0.000,-0.745,0.000,0.667),s="Running",v=Vector3.new(-11.456,0.002,-56.083)},
        {t=0.331,cf=CFrame.new(-470.202,457.036,-166.649,0.705,0.000,0.709,0.000,1.000,0.000,-0.709,0.000,0.705),s="Running",v=Vector3.new(-7.973,0.002,-57.564)},
        {t=0.336,cf=CFrame.new(-470.239,457.036,-166.894,0.731,0.000,0.683,0.000,1.000,0.000,-0.683,0.000,0.731),s="Running",v=Vector3.new(-6.213,0.002,-58.006)},
        {t=0.340,cf=CFrame.new(-470.290,457.036,-167.331,0.755,0.000,0.655,0.000,1.000,0.000,-0.655,0.000,0.755),s="Running",v=Vector3.new(-4.709,0.002,-57.077)},
        {t=0.346,cf=CFrame.new(-470.313,457.036,-167.557,0.780,0.000,0.626,0.000,1.000,0.000,-0.626,0.000,0.780),s="Running",v=Vector3.new(-3.457,0.002,-58.050)},
        {t=0.351,cf=CFrame.new(-470.329,457.036,-167.805,0.804,0.000,0.595,0.000,1.000,0.000,-0.595,0.000,0.804),s="Running",v=Vector3.new(-0.778,0.002,-58.343)},
        {t=0.355,cf=CFrame.new(-470.334,457.036,-168.066,0.828,0.000,0.561,0.000,1.000,0.000,-0.561,0.000,0.828),s="Running",v=Vector3.new(2.084,0.002,-58.329)},
        {t=0.365,cf=CFrame.new(-470.325,457.036,-168.368,0.870,0.000,0.494,0.000,1.000,0.000,-0.494,0.000,0.870),s="Running",v=Vector3.new(6.938,0.002,-57.791)},
        {t=0.370,cf=CFrame.new(-470.250,457.035,-169.008,0.888,0.000,0.459,0.000,1.000,0.000,-0.459,0.000,0.888),s="Running",v=Vector3.new(11.976,-0.853,-54.719)},
        {t=0.375,cf=CFrame.new(-470.199,457.032,-169.252,0.905,0.000,0.426,0.000,1.000,0.000,-0.426,0.000,0.905),s="Running",v=Vector3.new(16.086,-3.422,-55.523)},
        {t=0.381,cf=CFrame.new(-470.130,457.012,-169.511,0.924,0.000,0.383,0.000,1.000,0.000,-0.383,0.000,0.924),s="Running",v=Vector3.new(17.623,-7.645,-55.576)},
        {t=0.386,cf=CFrame.new(-470.056,456.973,-169.760,0.938,0.000,0.347,0.000,1.000,0.000,-0.347,0.000,0.938),s="Running",v=Vector3.new(18.297,-9.520,-55.493)},
        {t=0.392,cf=CFrame.new(-469.918,456.883,-170.196,0.951,0.000,0.311,0.000,1.000,0.000,-0.311,0.000,0.951),s="Running",v=Vector3.new(18.441,-11.064,-54.295)},
        {t=0.404,cf=CFrame.new(-469.828,456.819,-170.490,0.972,0.000,0.236,0.000,1.000,0.000,-0.236,0.000,0.972),s="Running",v=Vector3.new(19.504,-13.562,-54.657)},
        {t=0.409,cf=CFrame.new(-469.623,456.630,-171.077,0.979,0.000,0.205,0.000,1.000,0.000,-0.205,0.000,0.979),s="Running",v=Vector3.new(19.281,-15.479,-52.157)},
        {t=0.414,cf=CFrame.new(-469.542,456.560,-171.305,0.984,0.000,0.176,0.000,1.000,0.000,-0.176,0.000,0.984),s="Running",v=Vector3.new(20.464,-16.730,-53.843)},
        {t=0.418,cf=CFrame.new(-469.456,456.486,-171.539,0.989,0.000,0.150,0.000,1.000,0.000,-0.150,0.000,0.989),s="Running",v=Vector3.new(21.210,-17.736,-54.080)},
        {t=0.423,cf=CFrame.new(-469.368,456.408,-171.773,0.992,0.000,0.124,0.000,1.000,0.000,-0.124,0.000,0.992),s="Running",v=Vector3.new(21.903,-18.543,-53.927)},
        {t=0.428,cf=CFrame.new(-469.202,456.246,-172.189,0.996,0.000,0.094,0.000,1.000,0.000,-0.094,0.000,0.996),s="Running",v=Vector3.new(22.208,-19.628,-52.425)},
        {t=0.434,cf=CFrame.new(-469.111,456.163,-172.411,0.998,0.000,0.068,0.000,1.000,0.000,-0.068,0.000,0.998),s="Running",v=Vector3.new(23.318,-20.297,-53.025)},
        {t=0.438,cf=CFrame.new(-469.013,456.077,-172.640,0.999,0.000,0.047,0.000,1.000,0.000,-0.047,0.000,0.999),s="Running",v=Vector3.new(23.932,-15.668,-53.030)},
        {t=0.443,cf=CFrame.new(-468.908,456.042,-172.881,1.000,0.000,0.025,0.000,1.000,0.000,-0.025,0.000,1.000),s="Running",v=Vector3.new(24.253,-5.235,-52.956)},
        {t=0.447,cf=CFrame.new(-468.800,456.033,-173.122,1.000,0.000,0.004,0.000,1.000,0.000,-0.004,0.000,1.000),s="Running",v=Vector3.new(24.335,-1.416,-52.937)},
        {t=0.452,cf=CFrame.new(-468.695,456.034,-173.358,1.000,-0.000,-0.015,0.000,1.000,-0.000,0.015,0.000,1.000),s="Running",v=Vector3.new(24.357,0.247,-52.931)},
        {t=0.456,cf=CFrame.new(-468.589,456.037,-173.593,0.999,-0.000,-0.033,0.000,1.000,-0.000,0.033,0.000,0.999),s="Running",v=Vector3.new(24.370,1.203,-52.926)},
        {t=0.467,cf=CFrame.new(-468.372,456.050,-174.077,0.997,-0.000,-0.073,0.000,1.000,-0.000,0.073,0.000,0.997),s="Running",v=Vector3.new(23.894,1.831,-51.715)},
        {t=0.471,cf=CFrame.new(-468.186,456.064,-174.485,0.996,-0.000,-0.089,0.000,1.000,-0.000,0.089,0.000,0.996),s="Running",v=Vector3.new(23.818,1.735,-51.393)},
        {t=0.476,cf=CFrame.new(-468.081,456.069,-174.717,0.994,-0.000,-0.105,0.000,1.000,-0.000,0.105,0.000,0.994),s="Running",v=Vector3.new(24.363,1.609,-52.482)},
        {t=0.481,cf=CFrame.new(-467.971,456.075,-174.958,0.993,-0.000,-0.122,0.000,1.000,-0.000,0.122,0.000,0.993),s="Running",v=Vector3.new(24.560,1.420,-52.727)},
        {t=0.486,cf=CFrame.new(-467.780,456.084,-175.373,0.991,-0.000,-0.136,0.000,1.000,-0.000,0.136,0.000,0.991),s="Running",v=Vector3.new(24.130,1.133,-51.578)},
        {t=0.490,cf=CFrame.new(-467.675,456.087,-175.602,0.989,-0.000,-0.149,0.000,1.000,-0.000,0.149,0.000,0.989),s="Running",v=Vector3.new(24.620,1.007,-52.445)},
        {t=0.495,cf=CFrame.new(-467.567,456.090,-175.837,0.987,-0.000,-0.163,0.000,1.000,-0.000,0.163,0.000,0.987),s="Running",v=Vector3.new(24.805,0.876,-52.633)},
        {t=0.499,cf=CFrame.new(-467.459,456.093,-176.069,0.985,-0.000,-0.175,0.000,1.000,-0.000,0.175,0.000,0.985),s="Running",v=Vector3.new(24.909,0.771,-52.652)},
        {t=0.505,cf=CFrame.new(-467.350,456.095,-176.305,0.982,-0.000,-0.188,0.000,1.000,-0.000,0.188,0.000,0.982),s="Running",v=Vector3.new(25.009,0.661,-52.622)},
        {t=0.509,cf=CFrame.new(-467.241,456.097,-176.537,0.980,-0.000,-0.200,0.000,1.000,-0.000,0.200,0.000,0.980),s="Running",v=Vector3.new(25.135,0.573,-52.566)},
        {t=0.517,cf=CFrame.new(-467.033,456.100,-176.979,0.976,-0.000,-0.218,0.000,1.000,-0.000,0.218,0.000,0.976),s="Running",v=Vector3.new(24.859,0.394,-51.258)},
        {t=0.522,cf=CFrame.new(-466.917,456.102,-177.222,0.973,-0.000,-0.231,0.000,1.000,-0.000,0.231,0.000,0.973),s="Running",v=Vector3.new(25.493,0.334,-52.033)},
        {t=0.528,cf=CFrame.new(-466.799,456.103,-177.467,0.970,-0.000,-0.243,0.000,1.000,-0.000,0.243,0.000,0.970),s="Running",v=Vector3.new(25.804,0.282,-52.151)},
        {t=0.534,cf=CFrame.new(-466.594,456.104,-177.886,0.967,-0.000,-0.256,0.000,1.000,-0.000,0.256,0.000,0.967),s="Running",v=Vector3.new(25.487,0.226,-50.926)},
        {t=0.539,cf=CFrame.new(-466.479,456.105,-178.119,0.964,-0.000,-0.266,0.000,1.000,-0.000,0.266,0.000,0.964),s="Running",v=Vector3.new(26.151,0.185,-51.700)},
        {t=0.543,cf=CFrame.new(-466.362,456.105,-178.354,0.962,-0.000,-0.275,0.000,1.000,-0.000,0.275,0.000,0.962),s="Running",v=Vector3.new(26.435,0.154,-51.833)},
        {t=0.549,cf=CFrame.new(-466.241,456.106,-178.596,0.959,-0.000,-0.285,0.000,1.000,-0.000,0.285,0.000,0.959),s="Running",v=Vector3.new(26.622,0.131,-51.807)},
        {t=0.553,cf=CFrame.new(-466.122,456.106,-178.831,0.956,-0.000,-0.293,0.000,1.000,-0.000,0.293,0.000,0.956),s="Running",v=Vector3.new(26.789,0.114,-51.738)},
        {t=0.558,cf=CFrame.new(-465.915,456.107,-179.232,0.953,-0.000,-0.302,0.000,1.000,-0.000,0.302,0.000,0.953),s="Running",v=Vector3.new(26.389,0.094,-50.486)},
        {t=0.562,cf=CFrame.new(-465.799,456.107,-179.458,0.951,-0.000,-0.310,0.000,1.000,-0.000,0.310,0.000,0.951),s="Running",v=Vector3.new(27.115,0.078,-51.206)},
        {t=0.567,cf=CFrame.new(-465.679,456.107,-179.688,0.948,-0.000,-0.317,0.000,1.000,-0.000,0.317,0.000,0.948),s="Running",v=Vector3.new(27.460,0.064,-51.299)},
        {t=0.571,cf=CFrame.new(-465.558,456.108,-179.918,0.946,-0.000,-0.325,0.000,1.000,-0.000,0.325,0.000,0.946),s="Running",v=Vector3.new(27.678,0.055,-51.251)},
        {t=0.576,cf=CFrame.new(-465.435,456.108,-180.148,0.943,-0.000,-0.333,0.000,1.000,-0.000,0.333,0.000,0.943),s="Running",v=Vector3.new(27.960,0.047,-51.114)},
        {t=0.581,cf=CFrame.new(-465.310,456.108,-180.381,0.940,-0.000,-0.342,0.000,1.000,-0.000,0.342,0.000,0.940),s="Running",v=Vector3.new(28.320,0.040,-50.919)},
        {t=0.586,cf=CFrame.new(-465.186,456.108,-180.607,0.937,-0.000,-0.349,0.000,1.000,-0.000,0.349,0.000,0.937),s="Running",v=Vector3.new(28.662,0.035,-50.728)},
        {t=0.590,cf=CFrame.new(-465.059,456.108,-180.835,0.934,-0.000,-0.356,0.000,1.000,-0.000,0.356,0.000,0.934),s="Running",v=Vector3.new(29.108,0.029,-50.473)},
        {t=0.601,cf=CFrame.new(-464.802,456.108,-181.288,0.927,-0.000,-0.375,0.000,1.000,-0.000,0.375,0.000,0.927),s="Running",v=Vector3.new(29.269,0.020,-48.869)},
        {t=0.605,cf=CFrame.new(-464.576,456.108,-181.669,0.924,-0.000,-0.383,0.000,1.000,-0.000,0.383,0.000,0.924),s="Running",v=Vector3.new(29.739,0.017,-48.202)},
        {t=0.616,cf=CFrame.new(-464.402,456.108,-181.958,0.916,-0.000,-0.402,0.000,1.000,-0.000,0.402,0.000,0.916),s="Running",v=Vector3.new(31.568,0.012,-48.482)},
        {t=0.621,cf=CFrame.new(-464.061,456.108,-182.486,0.912,-0.000,-0.410,0.000,1.000,-0.000,0.410,0.000,0.912),s="Running",v=Vector3.new(30.858,0.008,-46.207)},
        {t=0.625,cf=CFrame.new(-463.932,456.108,-182.683,0.909,-0.000,-0.416,0.000,1.000,-0.000,0.416,0.000,0.909),s="Running",v=Vector3.new(32.201,0.008,-47.746)},
        {t=0.630,cf=CFrame.new(-463.798,456.109,-182.887,0.906,-0.000,-0.424,0.000,1.000,-0.000,0.424,0.000,0.906),s="Running",v=Vector3.new(32.636,0.008,-48.064)},
        {t=0.635,cf=CFrame.new(-463.555,456.104,-183.250,0.902,-0.000,-0.432,0.000,1.000,-0.000,0.432,0.000,0.902),s="Running",v=Vector3.new(32.107,-0.094,-47.006)},
        {t=0.638,cf=CFrame.new(-463.547,456.104,-183.265,0.900,-0.000,-0.437,0.000,1.000,-0.000,0.437,0.000,0.900),s="Running",v=Vector3.new(33.480,-0.018,-48.860)},
        {t=0.643,cf=CFrame.new(-463.400,456.104,-183.483,0.896,-0.000,-0.443,0.000,1.000,-0.000,0.443,0.000,0.896),s="Running",v=Vector3.new(33.164,0.016,-48.200)},
        {t=0.671,cf=CFrame.new(-462.615,456.107,-184.640,0.879,-0.000,-0.477,0.000,1.000,-0.000,0.477,0.000,0.879),s="Running",v=Vector3.new(29.666,0.021,-42.502)},
        {t=0.692,cf=CFrame.new(-461.970,456.108,-185.574,0.867,-0.000,-0.498,0.000,1.000,-0.000,0.498,0.000,0.867),s="Running",v=Vector3.new(29.094,0.009,-40.864)},
        {t=0.710,cf=CFrame.new(-461.498,456.108,-186.242,0.857,-0.000,-0.516,0.000,1.000,-0.000,0.516,0.000,0.857),s="Running",v=Vector3.new(31.751,0.006,-43.236)},
        {t=0.717,cf=CFrame.new(-461.125,456.108,-186.754,0.853,-0.000,-0.521,0.000,1.000,-0.000,0.521,0.000,0.853),s="Running",v=Vector3.new(32.499,0.004,-43.765)},
        {t=0.725,cf=CFrame.new(-460.833,456.108,-187.153,0.849,-0.000,-0.528,0.000,1.000,-0.000,0.528,0.000,0.849),s="Running",v=Vector3.new(33.616,0.004,-44.825)},
        {t=0.733,cf=CFrame.new(-460.526,456.108,-187.567,0.845,-0.000,-0.535,0.000,1.000,-0.000,0.535,0.000,0.845),s="Running",v=Vector3.new(34.219,0.003,-44.844)},
        {t=0.743,cf=CFrame.new(-460.207,456.108,-187.992,0.840,-0.000,-0.543,0.000,1.000,-0.000,0.543,0.000,0.840),s="Running",v=Vector3.new(34.579,0.003,-44.687)},
        {t=0.751,cf=CFrame.new(-459.890,456.108,-188.408,0.836,-0.000,-0.549,0.000,1.000,-0.000,0.549,0.000,0.836),s="Running",v=Vector3.new(34.766,0.003,-44.572)},
        {t=0.757,cf=CFrame.new(-459.715,456.108,-188.635,0.833,-0.000,-0.553,0.000,1.000,-0.000,0.553,0.000,0.833),s="Running",v=Vector3.new(35.611,0.003,-45.568)},
        {t=0.762,cf=CFrame.new(-459.419,456.108,-189.018,0.831,-0.000,-0.556,0.000,1.000,-0.000,0.556,0.000,0.831),s="Running",v=Vector3.new(35.026,0.003,-44.791)},
        {t=0.766,cf=CFrame.new(-459.255,456.108,-189.231,0.829,-0.000,-0.559,0.000,1.000,-0.000,0.559,0.000,0.829),s="Running",v=Vector3.new(35.710,0.003,-45.596)},
        {t=0.771,cf=CFrame.new(-459.087,456.108,-189.448,0.827,-0.000,-0.562,0.000,1.000,-0.000,0.562,0.000,0.827),s="Running",v=Vector3.new(35.898,0.003,-45.785)},
        {t=0.781,cf=CFrame.new(-458.860,456.108,-189.744,0.823,-0.000,-0.567,0.000,1.000,-0.000,0.567,0.000,0.823),s="Running",v=Vector3.new(36.021,0.003,-45.772)},
        {t=0.786,cf=CFrame.new(-458.464,456.108,-190.250,0.822,-0.000,-0.570,0.000,1.000,-0.000,0.570,0.000,0.822),s="Running",v=Vector3.new(34.470,0.003,-43.707)},
        {t=0.791,cf=CFrame.new(-458.305,456.108,-190.454,0.820,-0.000,-0.572,0.000,1.000,-0.000,0.572,0.000,0.820),s="Running",v=Vector3.new(35.746,0.003,-45.187)},
        {t=0.796,cf=CFrame.new(-458.136,456.108,-190.671,0.818,-0.000,-0.575,0.000,1.000,-0.000,0.575,0.000,0.818),s="Running",v=Vector3.new(36.116,0.003,-45.517)},
        {t=0.800,cf=CFrame.new(-457.969,456.108,-190.884,0.816,-0.000,-0.578,0.000,1.000,-0.000,0.578,0.000,0.816),s="Running",v=Vector3.new(36.272,0.003,-45.549)},
        {t=0.805,cf=CFrame.new(-457.800,456.108,-191.099,0.815,-0.000,-0.580,0.000,1.000,-0.000,0.580,0.000,0.815),s="Running",v=Vector3.new(36.397,0.003,-45.488)},
        {t=0.809,cf=CFrame.new(-457.633,456.108,-191.310,0.813,-0.000,-0.582,0.000,1.000,-0.000,0.582,0.000,0.813),s="Running",v=Vector3.new(36.491,0.003,-45.422)},
        {t=0.814,cf=CFrame.new(-457.459,456.108,-191.529,0.811,-0.000,-0.584,0.000,1.000,-0.000,0.584,0.000,0.811),s="Running",v=Vector3.new(36.601,0.003,-45.336)},
        {t=0.819,cf=CFrame.new(-457.163,456.108,-191.898,0.810,-0.000,-0.587,0.000,1.000,-0.000,0.587,0.000,0.810),s="Running",v=Vector3.new(35.896,0.003,-44.236)},
        {t=0.824,cf=CFrame.new(-457.001,456.108,-192.100,0.808,-0.000,-0.589,0.000,1.000,-0.000,0.589,0.000,0.808),s="Running",v=Vector3.new(36.597,0.003,-44.923)},
        {t=0.830,cf=CFrame.new(-456.826,456.108,-192.318,0.806,-0.000,-0.592,0.000,1.000,-0.000,0.592,0.000,0.806),s="Running",v=Vector3.new(36.824,0.003,-45.052)},
        {t=0.837,cf=CFrame.new(-456.637,456.108,-192.552,0.804,-0.000,-0.595,0.000,1.000,-0.000,0.595,0.000,0.804),s="Running",v=Vector3.new(36.944,0.003,-45.032)},
        {t=0.843,cf=CFrame.new(-456.330,456.108,-192.930,0.802,-0.000,-0.597,0.000,1.000,-0.000,0.597,0.000,0.802),s="Running",v=Vector3.new(36.203,0.003,-43.979)},
        {t=0.850,cf=CFrame.new(-456.030,456.108,-193.298,0.800,-0.000,-0.600,0.000,1.000,-0.000,0.600,0.000,0.800),s="Running",v=Vector3.new(36.044,0.003,-43.695)},
        {t=0.856,cf=CFrame.new(-455.861,456.108,-193.505,0.798,-0.000,-0.602,0.000,1.000,-0.000,0.602,0.000,0.798),s="Running",v=Vector3.new(36.869,0.003,-44.594)},
        {t=0.861,cf=CFrame.new(-455.687,456.108,-193.718,0.797,-0.000,-0.604,0.000,1.000,-0.000,0.604,0.000,0.797),s="Running",v=Vector3.new(37.100,0.003,-44.799)},
        {t=0.866,cf=CFrame.new(-455.391,456.108,-194.077,0.796,-0.000,-0.606,0.000,1.000,-0.000,0.606,0.000,0.796),s="Running",v=Vector3.new(36.361,0.003,-43.823)},
        {t=0.872,cf=CFrame.new(-455.214,456.108,-194.293,0.794,-0.000,-0.608,0.000,1.000,-0.000,0.608,0.000,0.794),s="Running",v=Vector3.new(37.021,0.003,-44.566)},
        {t=0.885,cf=CFrame.new(-454.960,456.108,-194.603,0.791,-0.000,-0.612,0.000,1.000,-0.000,0.612,0.000,0.791),s="Running",v=Vector3.new(37.258,0.003,-44.692)},
        {t=0.892,cf=CFrame.new(-454.432,456.108,-195.240,0.789,-0.000,-0.615,0.000,1.000,-0.000,0.615,0.000,0.789),s="Running",v=Vector3.new(34.890,0.003,-41.672)},
        {t=0.898,cf=CFrame.new(-454.263,456.108,-195.444,0.787,-0.000,-0.616,0.000,1.000,-0.000,0.616,0.000,0.787),s="Running",v=Vector3.new(36.874,0.003,-43.844)},
        {t=0.906,cf=CFrame.new(-453.944,456.108,-195.826,0.786,-0.000,-0.619,0.000,1.000,-0.000,0.619,0.000,0.786),s="Running",v=Vector3.new(36.664,0.003,-43.282)},
        {t=0.911,cf=CFrame.new(-453.648,456.108,-196.176,0.784,-0.000,-0.620,0.000,1.000,-0.000,0.620,0.000,0.784),s="Running",v=Vector3.new(36.658,0.003,-43.102)},
        {t=0.918,cf=CFrame.new(-453.451,456.108,-196.410,0.782,-0.000,-0.623,0.000,1.000,-0.000,0.623,0.000,0.782),s="Running",v=Vector3.new(37.568,0.003,-43.987)},
        {t=0.929,cf=CFrame.new(-453.109,456.108,-196.815,0.780,-0.000,-0.626,0.000,1.000,-0.000,0.626,0.000,0.780),s="Running",v=Vector3.new(37.055,0.003,-43.132)},
        {t=0.938,cf=CFrame.new(-452.660,456.108,-197.340,0.778,-0.000,-0.629,0.000,1.000,-0.000,0.629,0.000,0.778),s="Running",v=Vector3.new(36.192,0.003,-41.836)},
        {t=0.944,cf=CFrame.new(-452.473,456.108,-197.559,0.776,-0.000,-0.630,0.000,1.000,-0.000,0.630,0.000,0.776),s="Running",v=Vector3.new(37.730,0.003,-43.431)},
        {t=0.952,cf=CFrame.new(-452.147,456.108,-197.936,0.775,-0.000,-0.633,0.000,1.000,-0.000,0.633,0.000,0.775),s="Running",v=Vector3.new(37.316,0.003,-42.802)},
        {t=0.958,cf=CFrame.new(-451.836,456.108,-198.294,0.773,-0.000,-0.634,0.000,1.000,-0.000,0.634,0.000,0.773),s="Running",v=Vector3.new(37.271,0.003,-42.593)},
        {t=0.964,cf=CFrame.new(-451.651,456.108,-198.508,0.772,-0.000,-0.636,0.000,1.000,-0.000,0.636,0.000,0.772),s="Running",v=Vector3.new(38.159,0.003,-43.481)},
        {t=0.970,cf=CFrame.new(-451.462,456.108,-198.725,0.770,-0.000,-0.638,0.000,1.000,-0.000,0.638,0.000,0.770),s="Running",v=Vector3.new(38.441,0.003,-43.649)},
        {t=0.974,cf=CFrame.new(-451.288,456.108,-198.923,0.769,-0.000,-0.639,0.000,1.000,-0.000,0.639,0.000,0.769),s="Running",v=Vector3.new(38.571,0.003,-43.639)},
        {t=0.980,cf=CFrame.new(-450.971,456.108,-199.284,0.768,-0.000,-0.640,0.000,1.000,-0.000,0.640,0.000,0.768),s="Running",v=Vector3.new(37.871,0.003,-42.549)},
        {t=0.993,cf=CFrame.new(-450.694,456.108,-199.599,0.764,-0.000,-0.645,0.000,1.000,-0.000,0.645,0.000,0.764),s="Running",v=Vector3.new(38.826,0.003,-43.008)},
        {t=1.000,cf=CFrame.new(-450.145,456.108,-200.209,0.762,-0.000,-0.647,0.000,1.000,-0.000,0.647,0.000,0.762),s="Running",v=Vector3.new(36.574,0.003,-40.120)},
        {t=1.005,cf=CFrame.new(-449.975,456.108,-200.397,0.761,-0.000,-0.649,0.000,1.000,-0.000,0.649,0.000,0.761),s="Running",v=Vector3.new(38.770,0.003,-42.155)},
        {t=1.009,cf=CFrame.new(-449.797,456.108,-200.592,0.760,-0.000,-0.650,0.000,1.000,-0.000,0.650,0.000,0.760),s="Running",v=Vector3.new(39.431,0.003,-42.560)},
        {t=1.015,cf=CFrame.new(-449.477,456.108,-200.940,0.758,-0.000,-0.653,0.000,1.000,-0.000,0.653,0.000,0.758),s="Running",v=Vector3.new(38.841,0.003,-41.589)},
        {t=1.023,cf=CFrame.new(-449.283,456.108,-201.150,0.755,-0.000,-0.656,0.000,1.000,-0.000,0.656,0.000,0.755),s="Running",v=Vector3.new(39.762,0.003,-42.125)},
        {t=1.027,cf=CFrame.new(-449.099,456.108,-201.348,0.753,-0.000,-0.658,0.000,1.000,-0.000,0.658,0.000,0.753),s="Running",v=Vector3.new(40.170,0.003,-42.089)},
        {t=1.032,cf=CFrame.new(-448.776,456.108,-201.689,0.751,-0.000,-0.660,0.000,1.000,-0.000,0.660,0.000,0.751),s="Running",v=Vector3.new(39.504,0.003,-41.017)},
        {t=1.037,cf=CFrame.new(-448.595,456.108,-201.878,0.749,-0.000,-0.663,0.000,1.000,-0.000,0.663,0.000,0.749),s="Running",v=Vector3.new(40.362,0.003,-41.565)},
        {t=1.041,cf=CFrame.new(-448.407,456.108,-202.075,0.747,-0.000,-0.665,0.000,1.000,-0.000,0.665,0.000,0.747),s="Running",v=Vector3.new(40.760,0.003,-41.522)},
        {t=1.047,cf=CFrame.new(-448.214,456.108,-202.275,0.744,-0.000,-0.668,0.000,1.000,-0.000,0.668,0.000,0.744),s="Running",v=Vector3.new(40.996,0.003,-41.376)},
        {t=1.051,cf=CFrame.new(-448.025,456.108,-202.468,0.742,-0.000,-0.671,0.000,1.000,-0.000,0.671,0.000,0.742),s="Running",v=Vector3.new(41.182,0.003,-41.213)},
        {t=1.056,cf=CFrame.new(-447.840,456.108,-202.655,0.740,-0.000,-0.673,0.000,1.000,-0.000,0.673,0.000,0.740),s="Running",v=Vector3.new(41.345,0.003,-41.055)},
        {t=1.060,cf=CFrame.new(-447.517,456.108,-202.979,0.738,-0.000,-0.675,0.000,1.000,-0.000,0.675,0.000,0.738),s="Running",v=Vector3.new(40.592,0.003,-39.970)},
        {t=1.065,cf=CFrame.new(-447.326,456.108,-203.169,0.735,-0.000,-0.678,0.000,1.000,-0.000,0.678,0.000,0.735),s="Running",v=Vector3.new(41.453,0.003,-40.485)},
        {t=1.070,cf=CFrame.new(-447.136,456.108,-203.357,0.733,-0.000,-0.681,0.000,1.000,-0.000,0.681,0.000,0.733),s="Running",v=Vector3.new(41.763,0.003,-40.515)},
        {t=1.076,cf=CFrame.new(-446.935,456.108,-203.555,0.730,-0.000,-0.684,0.000,1.000,-0.000,0.684,0.000,0.730),s="Running",v=Vector3.new(41.960,0.003,-40.399)},
        {t=1.080,cf=CFrame.new(-446.741,456.108,-203.745,0.727,-0.000,-0.686,0.000,1.000,-0.000,0.686,0.000,0.727),s="Running",v=Vector3.new(42.137,0.003,-40.236)},
        {t=1.088,cf=CFrame.new(-446.376,456.108,-204.097,0.723,-0.000,-0.691,0.000,1.000,-0.000,0.691,0.000,0.723),s="Running",v=Vector3.new(41.474,0.003,-39.052)},
        {t=1.093,cf=CFrame.new(-446.051,456.108,-204.405,0.721,-0.000,-0.693,0.000,1.000,-0.000,0.693,0.000,0.721),s="Running",v=Vector3.new(41.370,0.003,-38.690)},
        {t=1.098,cf=CFrame.new(-445.865,456.108,-204.581,0.718,-0.000,-0.696,0.000,1.000,-0.000,0.696,0.000,0.718),s="Running",v=Vector3.new(42.387,0.003,-39.386)},
        {t=1.119,cf=CFrame.new(-445.211,456.108,-205.196,0.708,-0.000,-0.706,0.000,1.000,-0.000,0.706,0.000,0.708),s="Running",v=Vector3.new(41.021,0.003,-37.484)},
        {t=1.130,cf=CFrame.new(-444.685,456.108,-205.680,0.704,-0.000,-0.711,0.000,1.000,-0.000,0.711,0.000,0.704),s="Running",v=Vector3.new(40.743,0.003,-36.938)},
        {t=1.147,cf=CFrame.new(-444.060,456.108,-206.252,0.696,-0.000,-0.718,0.000,1.000,-0.000,0.718,0.000,0.696),s="Running",v=Vector3.new(40.820,0.003,-36.639)},
        {t=1.156,cf=CFrame.new(-443.457,456.108,-206.796,0.693,-0.000,-0.721,0.000,1.000,-0.000,0.721,0.000,0.693),s="Running",v=Vector3.new(39.983,0.003,-35.571)},
        {t=1.161,cf=CFrame.new(-443.258,456.108,-206.975,0.691,-0.000,-0.723,0.000,1.000,-0.000,0.723,0.000,0.691),s="Running",v=Vector3.new(42.740,0.003,-37.834)},
        {t=1.168,cf=CFrame.new(-442.892,456.108,-207.301,0.688,-0.000,-0.726,0.000,1.000,-0.000,0.726,0.000,0.688),s="Running",v=Vector3.new(42.575,0.003,-37.403)},
        {t=1.176,cf=CFrame.new(-442.525,456.108,-207.626,0.685,-0.000,-0.728,0.000,1.000,-0.000,0.728,0.000,0.685),s="Running",v=Vector3.new(42.632,0.003,-37.183)},
        {t=1.183,cf=CFrame.new(-442.168,456.108,-207.939,0.683,-0.000,-0.731,0.000,1.000,-0.000,0.731,0.000,0.683),s="Running",v=Vector3.new(42.723,0.003,-37.039)},
        {t=1.189,cf=CFrame.new(-441.954,456.108,-208.127,0.680,-0.000,-0.733,0.000,1.000,-0.000,0.733,0.000,0.680),s="Running",v=Vector3.new(43.793,0.001,-37.764)},
        {t=1.195,cf=CFrame.new(-441.596,456.108,-208.437,0.678,-0.000,-0.735,0.000,1.000,-0.000,0.735,0.000,0.678),s="Running",v=Vector3.new(43.131,0.001,-37.038)},
        {t=1.200,cf=CFrame.new(-441.386,456.107,-208.619,0.676,-0.000,-0.737,0.000,1.000,-0.000,0.737,0.000,0.676),s="Running",v=Vector3.new(44.032,0.002,-37.599)},
        {t=1.206,cf=CFrame.new(-441.172,456.107,-208.804,0.674,-0.000,-0.738,0.000,1.000,-0.000,0.738,0.000,0.674),s="Running",v=Vector3.new(44.315,0.003,-37.679)},
        {t=1.211,cf=CFrame.new(-440.962,456.106,-208.984,0.673,-0.000,-0.740,0.000,1.000,-0.000,0.740,0.000,0.673),s="Running",v=Vector3.new(44.428,0.005,-37.646)},
        {t=1.216,cf=CFrame.new(-440.604,456.103,-209.289,0.671,-0.000,-0.742,0.000,1.000,-0.000,0.742,0.000,0.671),s="Running",v=Vector3.new(43.522,-0.135,-36.737)},
        {t=1.222,cf=CFrame.new(-440.399,456.103,-209.463,0.669,-0.000,-0.744,0.000,1.000,-0.000,0.744,0.000,0.669),s="Running",v=Vector3.new(44.377,0.147,-37.248)},
        {t=1.228,cf=CFrame.new(-440.190,456.103,-209.641,0.666,-0.000,-0.746,0.000,1.000,-0.000,0.746,0.000,0.666),s="Running",v=Vector3.new(44.695,0.227,-37.252)},
        {t=1.234,cf=CFrame.new(-439.821,456.104,-209.950,0.664,-0.000,-0.748,0.000,1.000,-0.000,0.748,0.000,0.664),s="Running",v=Vector3.new(43.916,0.215,-36.255)},
        {t=1.240,cf=CFrame.new(-439.610,456.105,-210.125,0.662,-0.000,-0.750,0.000,1.000,-0.000,0.750,0.000,0.662),s="Running",v=Vector3.new(44.834,0.203,-36.697)},
        {t=1.246,cf=CFrame.new(-439.235,456.106,-210.434,0.658,-0.000,-0.753,0.000,1.000,-0.000,0.753,0.000,0.658),s="Running",v=Vector3.new(44.233,0.161,-35.768)},
        {t=1.254,cf=CFrame.new(-438.994,456.106,-210.631,0.655,-0.000,-0.756,0.000,1.000,-0.000,0.756,0.000,0.655),s="Running",v=Vector3.new(45.284,0.131,-36.115)},
        {t=1.259,cf=CFrame.new(-438.635,456.107,-210.919,0.653,-0.000,-0.758,0.000,1.000,-0.000,0.758,0.000,0.653),s="Running",v=Vector3.new(44.611,0.109,-35.290)},
        {t=1.264,cf=CFrame.new(-438.418,456.107,-211.093,0.650,-0.000,-0.760,0.000,1.000,-0.000,0.760,0.000,0.650),s="Running",v=Vector3.new(45.590,0.088,-35.727)},
        {t=1.269,cf=CFrame.new(-438.057,456.108,-211.377,0.648,-0.000,-0.762,0.000,1.000,-0.000,0.762,0.000,0.648),s="Running",v=Vector3.new(44.893,0.072,-34.930)},
        {t=1.274,cf=CFrame.new(-437.855,456.108,-211.535,0.646,-0.000,-0.764,0.000,1.000,-0.000,0.764,0.000,0.646),s="Running",v=Vector3.new(45.850,0.064,-35.393)},
        {t=1.280,cf=CFrame.new(-437.641,456.108,-211.703,0.643,-0.000,-0.766,0.000,1.000,-0.000,0.766,0.000,0.643),s="Running",v=Vector3.new(46.165,0.054,-35.408)},
        {t=1.285,cf=CFrame.new(-437.434,456.108,-211.863,0.641,-0.000,-0.768,0.000,1.000,-0.000,0.768,0.000,0.641),s="Running",v=Vector3.new(46.290,0.048,-35.353)},
        {t=1.290,cf=CFrame.new(-437.066,456.108,-212.146,0.639,-0.000,-0.770,0.000,1.000,-0.000,0.770,0.000,0.639),s="Running",v=Vector3.new(45.351,0.035,-34.468)},
        {t=1.296,cf=CFrame.new(-436.853,456.108,-212.309,0.636,-0.000,-0.772,0.000,1.000,-0.000,0.772,0.000,0.636),s="Running",v=Vector3.new(46.165,0.030,-35.014)},
        {t=1.302,cf=CFrame.new(-436.637,456.108,-212.475,0.634,-0.000,-0.773,0.000,1.000,-0.000,0.773,0.000,0.634),s="Running",v=Vector3.new(46.405,0.025,-35.103)},
        {t=1.307,cf=CFrame.new(-436.272,456.108,-212.752,0.632,-0.000,-0.775,0.000,1.000,-0.000,0.775,0.000,0.632),s="Running",v=Vector3.new(45.480,0.019,-34.274)},
        {t=1.312,cf=CFrame.new(-436.056,456.108,-212.917,0.630,-0.000,-0.777,0.000,1.000,-0.000,0.777,0.000,0.630),s="Running",v=Vector3.new(46.331,0.016,-34.789)},
        {t=1.317,cf=CFrame.new(-435.846,456.108,-213.076,0.628,-0.000,-0.778,0.000,1.000,-0.000,0.778,0.000,0.628),s="Running",v=Vector3.new(46.566,0.013,-34.887)},
        {t=1.322,cf=CFrame.new(-435.626,456.108,-213.242,0.626,-0.000,-0.780,0.000,1.000,-0.000,0.780,0.000,0.626),s="Running",v=Vector3.new(46.690,0.011,-34.825)},
        {t=1.328,cf=CFrame.new(-435.415,456.108,-213.400,0.624,-0.000,-0.781,0.000,1.000,-0.000,0.781,0.000,0.624),s="Running",v=Vector3.new(46.766,0.010,-34.749)},
        {t=1.334,cf=CFrame.new(-435.032,456.108,-213.687,0.621,-0.000,-0.784,0.000,1.000,-0.000,0.784,0.000,0.621),s="Running",v=Vector3.new(45.834,0.007,-33.831)},
        {t=1.339,cf=CFrame.new(-434.820,456.108,-213.844,0.619,-0.000,-0.785,0.000,1.000,-0.000,0.785,0.000,0.619),s="Running",v=Vector3.new(46.780,0.006,-34.189)},
        {t=1.344,cf=CFrame.new(-434.597,456.108,-214.008,0.617,-0.000,-0.787,0.000,1.000,-0.000,0.787,0.000,0.617),s="Running",v=Vector3.new(47.141,0.005,-34.107)},
        {t=1.349,cf=CFrame.new(-434.222,456.108,-214.281,0.614,-0.000,-0.789,0.000,1.000,-0.000,0.789,0.000,0.614),s="Running",v=Vector3.new(46.326,0.004,-33.119)},
        {t=1.354,cf=CFrame.new(-434.017,456.108,-214.429,0.611,-0.000,-0.792,0.000,1.000,-0.000,0.792,0.000,0.611),s="Running",v=Vector3.new(47.345,0.003,-33.392)},
        {t=1.359,cf=CFrame.new(-433.804,456.108,-214.580,0.608,-0.000,-0.794,0.000,1.000,-0.000,0.794,0.000,0.608),s="Running",v=Vector3.new(47.807,0.003,-33.163)},
        {t=1.366,cf=CFrame.new(-433.412,456.108,-214.853,0.603,-0.000,-0.797,0.000,1.000,-0.000,0.797,0.000,0.603),s="Running",v=Vector3.new(47.106,0.028,-31.990)},
        {t=1.371,cf=CFrame.new(-433.200,456.109,-214.999,0.600,-0.000,-0.800,0.000,1.000,-0.000,0.800,0.000,0.600),s="Running",v=Vector3.new(48.251,0.106,-32.020)},
        {t=1.376,cf=CFrame.new(-432.981,456.106,-215.146,0.596,-0.000,-0.803,0.000,1.000,-0.000,0.803,0.000,0.596),s="Running",v=Vector3.new(48.761,0.064,-31.669)},
        {t=1.381,cf=CFrame.new(-432.747,456.107,-215.300,0.592,-0.000,-0.806,0.000,1.000,-0.000,0.806,0.000,0.592),s="Running",v=Vector3.new(49.154,0.330,-31.201)},
        {t=1.386,cf=CFrame.new(-432.359,456.110,-215.548,0.588,-0.000,-0.809,0.000,1.000,-0.000,0.809,0.000,0.588),s="Running",v=Vector3.new(48.269,0.398,-30.212)},
        {t=1.391,cf=CFrame.new(-432.145,456.113,-215.683,0.584,-0.000,-0.812,0.000,1.000,-0.000,0.812,0.000,0.584),s="Running",v=Vector3.new(49.229,0.398,-30.529)},
