-- CFrame Auto Walk Recording
-- Total Frames: 1927
-- Recorded HipHeight: 5.058475494384766

return {
    hipHeight = 5.058475494384766,
    frames = {
        {t=0.005,cf=CFrame.new(-176.486,260.768,430.386,0.867,0.000,-0.499,0.000,1.000,0.000,0.499,0.000,0.867),s="Running",v=Vector3.new(0.000,0.002,0.000)},
        {t=0.007,cf=CFrame.new(-176.486,260.768,430.386,0.867,0.000,-0.499,0.000,1.000,0.000,0.499,0.000,0.867),s="Running",v=Vector3.new(0.000,0.002,0.000)},
        {t=0.012,cf=CFrame.new(-176.486,260.768,430.386,0.867,0.000,-0.499,0.000,1.000,0.000,0.499,0.000,0.867),s="Running",v=Vector3.new(0.000,0.002,0.000)},
        {t=0.016,cf=CFrame.new(-176.486,260.768,430.386,0.867,0.000,-0.499,0.000,1.000,0.000,0.499,0.000,0.867),s="Running",v=Vector3.new(0.000,0.002,0.000)},
        {t=0.020,cf=CFrame.new(-176.486,260.768,430.386,0.867,0.000,-0.499,0.000,1.000,0.000,0.499,0.000,0.867),s="Running",v=Vector3.new(0.000,0.002,0.000)},
        {t=0.024,cf=CFrame.new(-176.486,260.768,430.386,0.867,0.000,-0.499,0.000,1.000,0.000,0.499,0.000,0.867),s="Running",v=Vector3.new(0.000,0.002,0.000)},
        {t=0.028,cf=CFrame.new(-176.486,260.768,430.386,0.867,0.000,-0.499,0.000,1.000,0.000,0.499,0.000,0.867),s="Running",v=Vector3.new(0.000,0.002,0.000)},
        {t=0.032,cf=CFrame.new(-176.486,260.768,430.386,0.867,0.000,-0.499,0.000,1.000,0.000,0.499,0.000,0.867),s="Running",v=Vector3.new(0.000,0.002,0.000)},
        {t=0.036,cf=CFrame.new(-176.486,260.768,430.386,0.867,0.000,-0.499,0.000,1.000,0.000,0.499,0.000,0.867),s="Running",v=Vector3.new(0.000,0.002,0.000)},
        {t=0.041,cf=CFrame.new(-176.486,260.768,430.386,0.867,0.000,-0.499,0.000,1.000,0.000,0.499,0.000,0.867),s="Running",v=Vector3.new(0.000,0.002,0.000)},
        {t=0.043,cf=CFrame.new(-176.486,260.768,430.386,0.867,0.000,-0.499,0.000,1.000,0.000,0.499,0.000,0.867),s="Running",v=Vector3.new(0.000,0.002,0.000)},
        {t=0.050,cf=CFrame.new(-176.486,260.768,430.386,0.867,0.000,-0.499,0.000,1.000,0.000,0.499,0.000,0.867),s="Running",v=Vector3.new(0.000,0.002,0.000)},
        {t=0.054,cf=CFrame.new(-176.486,260.768,430.386,0.867,0.000,-0.499,0.000,1.000,0.000,0.499,0.000,0.867),s="Running",v=Vector3.new(0.000,0.002,0.000)},
        {t=0.056,cf=CFrame.new(-176.486,260.768,430.386,0.867,0.000,-0.499,0.000,1.000,0.000,0.499,0.000,0.867),s="Running",v=Vector3.new(0.000,0.002,0.000)},
        {t=0.061,cf=CFrame.new(-176.486,260.768,430.386,0.867,0.000,-0.499,0.000,1.000,0.000,0.499,0.000,0.867),s="Running",v=Vector3.new(0.000,0.002,0.000)},
        {t=0.065,cf=CFrame.new(-176.486,260.768,430.386,0.867,0.000,-0.499,0.000,1.000,0.000,0.499,0.000,0.867),s="Running",v=Vector3.new(0.000,0.002,0.000)},
        {t=0.069,cf=CFrame.new(-176.486,260.768,430.386,0.867,0.000,-0.499,0.000,1.000,0.000,0.499,0.000,0.867),s="Running",v=Vector3.new(0.000,0.002,0.000)},
        {t=0.075,cf=CFrame.new(-176.486,260.768,430.386,0.867,0.000,-0.499,0.000,1.000,0.000,0.499,0.000,0.867),s="Running",v=Vector3.new(0.000,0.002,0.000)},
        {t=0.079,cf=CFrame.new(-176.486,260.768,430.386,0.867,0.000,-0.499,0.000,1.000,0.000,0.499,0.000,0.867),s="Running",v=Vector3.new(0.000,0.002,0.000)},
        {t=0.081,cf=CFrame.new(-176.486,260.768,430.386,0.867,0.000,-0.499,0.000,1.000,0.000,0.499,0.000,0.867),s="Running",v=Vector3.new(0.000,0.002,0.000)},
        {t=0.087,cf=CFrame.new(-176.486,260.768,430.386,0.867,0.000,-0.499,0.000,1.000,0.000,0.499,0.000,0.867),s="Running",v=Vector3.new(0.000,0.002,0.000)},
        {t=0.091,cf=CFrame.new(-176.486,260.768,430.386,0.867,0.000,-0.499,0.000,1.000,0.000,0.499,0.000,0.867),s="Running",v=Vector3.new(0.000,0.002,0.000)},
        {t=0.095,cf=CFrame.new(-176.486,260.768,430.386,0.867,0.000,-0.499,0.000,1.000,0.000,0.499,0.000,0.867),s="Running",v=Vector3.new(0.000,0.002,0.000)},
        {t=0.099,cf=CFrame.new(-176.486,260.768,430.386,0.867,0.000,-0.499,0.000,1.000,0.000,0.499,0.000,0.867),s="Running",v=Vector3.new(0.000,0.002,0.000)},
        {t=0.103,cf=CFrame.new(-176.486,260.768,430.386,0.867,0.000,-0.499,0.000,1.000,0.000,0.499,0.000,0.867),s="Running",v=Vector3.new(0.000,0.002,0.000)},
        {t=0.108,cf=CFrame.new(-176.486,260.768,430.386,0.867,0.000,-0.499,0.000,1.000,0.000,0.499,0.000,0.867),s="Running",v=Vector3.new(0.000,0.002,0.000)},
        {t=0.113,cf=CFrame.new(-176.486,260.768,430.386,0.867,-0.000,-0.499,0.000,1.000,-0.000,0.499,0.000,0.867),s="Running",v=Vector3.new(-0.000,0.002,-0.000)},
        {t=0.118,cf=CFrame.new(-176.486,260.768,430.386,0.867,-0.000,-0.499,0.000,1.000,-0.000,0.499,0.000,0.867),s="Running",v=Vector3.new(-0.000,0.002,-0.000)},
        {t=0.122,cf=CFrame.new(-176.486,260.768,430.386,0.867,-0.000,-0.499,0.000,1.000,-0.000,0.499,0.000,0.867),s="Running",v=Vector3.new(-0.000,0.002,-0.000)},
        {t=0.125,cf=CFrame.new(-176.486,260.768,430.386,0.867,-0.000,-0.499,0.000,1.000,-0.000,0.499,0.000,0.867),s="Running",v=Vector3.new(-0.000,0.002,-0.000)},
        {t=0.129,cf=CFrame.new(-176.486,260.768,430.386,0.867,0.000,-0.499,0.000,1.000,0.000,0.499,0.000,0.867),s="Running",v=Vector3.new(-0.000,0.002,-0.000)},
        {t=0.133,cf=CFrame.new(-176.486,260.768,430.386,0.867,-0.000,-0.499,0.000,1.000,-0.000,0.499,0.000,0.867),s="Running",v=Vector3.new(-0.000,0.002,-0.000)},
        {t=0.136,cf=CFrame.new(-176.486,260.768,430.386,0.867,-0.000,-0.499,0.000,1.000,-0.000,0.499,0.000,0.867),s="Running",v=Vector3.new(-0.000,0.002,-0.000)},
        {t=0.141,cf=CFrame.new(-176.486,260.768,430.386,0.867,-0.000,-0.499,0.000,1.000,-0.000,0.499,0.000,0.867),s="Running",v=Vector3.new(-0.000,0.002,-0.000)},
        {t=0.144,cf=CFrame.new(-176.486,260.768,430.386,0.867,-0.000,-0.499,0.000,1.000,-0.000,0.499,0.000,0.867),s="Running",v=Vector3.new(-0.000,0.002,-0.000)},
        {t=0.149,cf=CFrame.new(-176.486,260.768,430.386,0.867,-0.000,-0.499,0.000,1.000,-0.000,0.499,0.000,0.867),s="Running",v=Vector3.new(-0.000,0.002,-0.000)},
        {t=0.153,cf=CFrame.new(-176.486,260.768,430.386,0.867,-0.000,-0.499,0.000,1.000,-0.000,0.499,0.000,0.867),s="Running",v=Vector3.new(-0.000,0.002,-0.000)},
        {t=0.157,cf=CFrame.new(-176.486,260.768,430.386,0.867,0.000,-0.499,0.000,1.000,0.000,0.499,0.000,0.867),s="Running",v=Vector3.new(-0.000,0.002,-0.000)},
        {t=0.162,cf=CFrame.new(-176.486,260.768,430.385,0.867,-0.000,-0.499,0.000,1.000,-0.000,0.499,0.000,0.867),s="Running",v=Vector3.new(1.369,0.002,-2.378)},
        {t=0.167,cf=CFrame.new(-176.482,260.768,430.379,0.867,-0.000,-0.499,0.000,1.000,-0.000,0.499,0.000,0.867),s="Running",v=Vector3.new(3.614,0.002,-6.279)},
        {t=0.171,cf=CFrame.new(-176.475,260.768,430.367,0.867,-0.000,-0.499,0.000,1.000,-0.000,0.499,0.000,0.867),s="Running",v=Vector3.new(4.818,0.002,-8.371)},
        {t=0.175,cf=CFrame.new(-176.462,260.768,430.344,0.867,-0.000,-0.499,0.000,1.000,-0.000,0.499,0.000,0.867),s="Running",v=Vector3.new(6.454,0.002,-11.213)},
        {t=0.179,cf=CFrame.new(-176.441,260.768,430.308,0.867,-0.000,-0.499,0.000,1.000,-0.000,0.499,0.000,0.867),s="Running",v=Vector3.new(8.953,0.002,-15.554)},
        {t=0.184,cf=CFrame.new(-176.408,260.768,430.250,0.867,-0.000,-0.499,0.000,1.000,-0.000,0.499,0.000,0.867),s="Running",v=Vector3.new(11.293,0.002,-19.621)},
        {t=0.188,cf=CFrame.new(-176.365,260.768,430.176,0.867,-0.000,-0.499,0.000,1.000,-0.000,0.499,0.000,0.867),s="Running",v=Vector3.new(13.486,0.002,-23.430)},
        {t=0.192,cf=CFrame.new(-176.313,260.768,430.085,0.867,-0.000,-0.499,0.000,1.000,-0.000,0.499,0.000,0.867),s="Running",v=Vector3.new(15.763,0.002,-27.386)},
        {t=0.196,cf=CFrame.new(-176.250,260.768,429.976,0.867,-0.000,-0.499,0.000,1.000,-0.000,0.499,0.000,0.867),s="Running",v=Vector3.new(18.135,0.002,-31.506)},
        {t=0.201,cf=CFrame.new(-176.172,260.768,429.840,0.867,-0.000,-0.499,0.000,1.000,-0.000,0.499,0.000,0.867),s="Running",v=Vector3.new(21.300,0.002,-37.007)},
        {t=0.205,cf=CFrame.new(-176.082,260.768,429.683,0.867,-0.000,-0.499,0.000,1.000,-0.000,0.499,0.000,0.867),s="Running",v=Vector3.new(23.743,0.002,-41.251)},
        {t=0.209,cf=CFrame.new(-175.984,260.768,429.513,0.867,-0.000,-0.499,0.000,1.000,-0.000,0.499,0.000,0.867),s="Running",v=Vector3.new(25.529,0.002,-44.352)},
        {t=0.212,cf=CFrame.new(-175.879,260.768,429.332,0.867,-0.000,-0.499,0.000,1.000,-0.000,0.499,0.000,0.867),s="Running",v=Vector3.new(27.215,0.002,-47.282)},
        {t=0.216,cf=CFrame.new(-175.768,260.768,429.138,0.867,-0.000,-0.499,0.000,1.000,-0.000,0.499,0.000,0.867),s="Running",v=Vector3.new(28.092,0.002,-48.806)},
        {t=0.220,cf=CFrame.new(-175.655,260.768,428.941,0.867,-0.000,-0.499,0.000,1.000,-0.000,0.499,0.000,0.867),s="Running",v=Vector3.new(28.594,0.002,-49.678)},
        {t=0.222,cf=CFrame.new(-175.649,260.768,428.931,0.867,-0.000,-0.499,0.000,1.000,-0.000,0.499,0.000,0.867),s="Running",v=Vector3.new(29.361,0.002,-51.011)},
        {t=0.229,cf=CFrame.new(-175.511,260.768,428.691,0.867,-0.000,-0.499,0.000,1.000,-0.000,0.499,0.000,0.867),s="Running",v=Vector3.new(29.208,0.002,-50.745)},
        {t=0.234,cf=CFrame.new(-175.278,260.768,428.287,0.867,-0.000,-0.499,0.000,1.000,-0.000,0.499,0.000,0.867),s="Running",v=Vector3.new(28.621,-0.901,-49.725)},
        {t=0.239,cf=CFrame.new(-175.151,260.760,428.066,0.867,-0.000,-0.499,0.000,1.000,-0.000,0.499,0.000,0.867),s="Running",v=Vector3.new(29.041,-2.689,-50.454)},
        {t=0.245,cf=CFrame.new(-175.018,260.744,427.834,0.867,-0.000,-0.499,0.000,1.000,-0.000,0.499,0.000,0.867),s="Running",v=Vector3.new(29.146,-5.101,-50.638)},
        {t=0.250,cf=CFrame.new(-174.787,260.691,427.433,0.867,-0.000,-0.498,0.000,1.000,-0.000,0.498,0.000,0.867),s="Running",v=Vector3.new(28.531,-8.051,-49.755)},
        {t=0.254,cf=CFrame.new(-174.665,260.653,427.221,0.867,-0.000,-0.498,0.000,1.000,-0.000,0.498,0.000,0.867),s="Running",v=Vector3.new(28.787,-9.342,-50.596)},
        {t=0.258,cf=CFrame.new(-174.541,260.610,427.003,0.868,-0.000,-0.497,0.000,1.000,-0.000,0.497,0.000,0.868),s="Running",v=Vector3.new(28.683,-10.567,-50.901)},
        {t=0.263,cf=CFrame.new(-174.421,260.562,426.790,0.868,-0.000,-0.497,0.000,1.000,-0.000,0.497,0.000,0.868),s="Running",v=Vector3.new(28.445,-11.568,-50.898)},
        {t=0.267,cf=CFrame.new(-174.302,260.511,426.577,0.869,-0.000,-0.495,0.000,1.000,-0.000,0.495,0.000,0.869),s="Running",v=Vector3.new(28.174,-12.441,-51.014)},
        {t=0.271,cf=CFrame.new(-174.181,260.455,426.358,0.870,-0.000,-0.493,0.000,1.000,-0.000,0.493,0.000,0.870),s="Running",v=Vector3.new(27.661,-3.315,-51.281)},
        {t=0.276,cf=CFrame.new(-174.062,260.427,426.137,0.871,-0.000,-0.492,0.000,1.000,-0.000,0.492,0.000,0.871),s="Running",v=Vector3.new(27.121,-1.532,-51.568)},
        {t=0.280,cf=CFrame.new(-173.946,260.403,425.918,0.872,-0.000,-0.489,0.000,1.000,-0.000,0.489,0.000,0.872),s="Running",v=Vector3.new(26.889,-1.203,-51.690)},
        {t=0.284,cf=CFrame.new(-173.830,260.379,425.695,0.874,-0.000,-0.487,0.000,1.000,-0.000,0.487,0.000,0.874),s="Running",v=Vector3.new(26.482,-1.084,-51.899)},
        {t=0.289,cf=CFrame.new(-173.714,260.352,425.468,0.875,-0.000,-0.484,0.000,1.000,-0.000,0.484,0.000,0.875),s="Running",v=Vector3.new(25.837,-0.991,-52.221)},
        {t=0.293,cf=CFrame.new(-173.600,260.324,425.238,0.877,-0.000,-0.481,0.000,1.000,-0.000,0.481,0.000,0.877),s="Running",v=Vector3.new(25.331,-14.547,-52.470)},
        {t=0.298,cf=CFrame.new(-173.490,260.250,425.012,0.878,-0.000,-0.479,0.000,1.000,-0.000,0.479,0.000,0.878),s="Running",v=Vector3.new(24.979,-11.813,-52.640)},
        {t=0.302,cf=CFrame.new(-173.380,260.189,424.782,0.880,-0.000,-0.475,0.000,1.000,-0.000,0.475,0.000,0.880),s="Running",v=Vector3.new(24.572,-5.888,-52.831)},
        {t=0.306,cf=CFrame.new(-173.272,260.154,424.552,0.881,-0.000,-0.472,0.000,1.000,-0.000,0.472,0.000,0.881),s="Running",v=Vector3.new(24.116,-2.016,-53.040)},
        {t=0.311,cf=CFrame.new(-173.165,260.136,424.318,0.883,-0.000,-0.469,0.000,1.000,-0.000,0.469,0.000,0.883),s="Running",v=Vector3.new(23.677,0.210,-53.237)},
        {t=0.316,cf=CFrame.new(-173.060,260.127,424.085,0.885,-0.000,-0.465,0.000,1.000,-0.000,0.465,0.000,0.885),s="Running",v=Vector3.new(23.289,1.319,-53.408)},
        {t=0.320,cf=CFrame.new(-172.957,260.124,423.851,0.887,-0.000,-0.461,0.000,1.000,-0.000,0.461,0.000,0.887),s="Running",v=Vector3.new(22.932,1.823,-53.563)},
        {t=0.325,cf=CFrame.new(-172.857,260.125,423.621,0.889,-0.000,-0.458,0.000,1.000,-0.000,0.458,0.000,0.889),s="Running",v=Vector3.new(22.521,2.006,-53.736)},
        {t=0.331,cf=CFrame.new(-172.681,260.126,423.204,0.892,-0.000,-0.452,0.000,1.000,-0.000,0.452,0.000,0.892),s="Running",v=Vector3.new(21.457,1.772,-52.770)},
        {t=0.336,cf=CFrame.new(-172.583,260.126,422.967,0.894,-0.000,-0.447,0.000,1.000,-0.000,0.447,0.000,0.894),s="Running",v=Vector3.new(21.220,1.654,-53.914)},
        {t=0.341,cf=CFrame.new(-172.487,260.126,422.726,0.897,-0.000,-0.443,0.000,1.000,-0.000,0.443,0.000,0.897),s="Running",v=Vector3.new(20.988,1.456,-54.267)},
        {t=0.345,cf=CFrame.new(-172.395,260.126,422.491,0.899,-0.000,-0.439,0.000,1.000,-0.000,0.439,0.000,0.899),s="Running",v=Vector3.new(20.808,1.273,-54.402)},
        {t=0.349,cf=CFrame.new(-172.234,260.125,422.074,0.901,-0.000,-0.435,0.000,1.000,-0.000,0.435,0.000,0.901),s="Running",v=Vector3.new(20.162,0.878,-53.275)},
        {t=0.353,cf=CFrame.new(-172.148,260.123,421.851,0.902,-0.000,-0.431,0.000,1.000,-0.000,0.431,0.000,0.902),s="Running",v=Vector3.new(20.335,0.877,-54.255)},
        {t=0.357,cf=CFrame.new(-172.063,260.122,421.626,0.904,-0.000,-0.427,0.000,1.000,-0.000,0.427,0.000,0.904),s="Running",v=Vector3.new(20.256,0.783,-54.546)},
        {t=0.362,cf=CFrame.new(-171.976,260.120,421.397,0.906,-0.000,-0.424,0.000,1.000,-0.000,0.424,0.000,0.906),s="Running",v=Vector3.new(20.094,0.651,-54.671)},
        {t=0.366,cf=CFrame.new(-171.889,260.118,421.163,0.908,-0.000,-0.419,0.000,1.000,-0.000,0.419,0.000,0.908),s="Running",v=Vector3.new(19.827,0.494,-54.784)},
        {t=0.370,cf=CFrame.new(-171.803,260.116,420.928,0.910,-0.000,-0.415,0.000,1.000,-0.000,0.415,0.000,0.910),s="Running",v=Vector3.new(19.397,0.359,-54.940)},
        {t=0.377,cf=CFrame.new(-171.710,260.113,420.669,0.914,-0.000,-0.407,0.000,1.000,-0.000,0.407,0.000,0.914),s="Running",v=Vector3.new(18.364,0.247,-55.287)},
        {t=0.384,cf=CFrame.new(-171.560,260.104,420.222,0.917,-0.000,-0.399,0.000,1.000,-0.000,0.399,0.000,0.917),s="Running",v=Vector3.new(17.235,-0.052,-54.290)},
        {t=0.389,cf=CFrame.new(-171.484,260.104,419.989,0.919,-0.000,-0.394,0.000,1.000,-0.000,0.394,0.000,0.919),s="Running",v=Vector3.new(17.218,0.262,-55.319)},
        {t=0.393,cf=CFrame.new(-171.410,260.105,419.754,0.921,-0.000,-0.390,0.000,1.000,-0.000,0.390,0.000,0.921),s="Running",v=Vector3.new(17.077,0.269,-55.620)},
        {t=0.397,cf=CFrame.new(-171.334,260.105,419.513,0.923,-0.000,-0.385,0.000,1.000,-0.000,0.385,0.000,0.923),s="Running",v=Vector3.new(16.889,0.228,-55.744)},
        {t=0.401,cf=CFrame.new(-171.262,260.106,419.278,0.924,-0.000,-0.382,0.000,1.000,-0.000,0.382,0.000,0.924),s="Running",v=Vector3.new(16.754,0.199,-55.801)},
        {t=0.404,cf=CFrame.new(-171.191,260.106,419.046,0.926,-0.000,-0.378,0.000,1.000,-0.000,0.378,0.000,0.926),s="Running",v=Vector3.new(16.638,0.173,-55.840)},
        {t=0.409,cf=CFrame.new(-171.117,260.107,418.801,0.928,-0.000,-0.374,0.000,1.000,-0.000,0.374,0.000,0.928),s="Running",v=Vector3.new(16.547,0.149,-55.868)},
        {t=0.415,cf=CFrame.new(-171.036,260.107,418.534,0.930,-0.000,-0.368,0.000,1.000,-0.000,0.368,0.000,0.930),s="Running",v=Vector3.new(16.438,0.120,-55.901)},
        {t=0.423,cf=CFrame.new(-170.898,260.108,418.071,0.933,-0.000,-0.361,0.000,1.000,-0.000,0.361,0.000,0.933),s="Running",v=Vector3.new(15.951,0.081,-54.690)},
        {t=0.427,cf=CFrame.new(-170.825,260.108,417.828,0.934,-0.000,-0.357,0.000,1.000,-0.000,0.357,0.000,0.934),s="Running",v=Vector3.new(16.009,0.071,-55.687)},
        {t=0.432,cf=CFrame.new(-170.753,260.108,417.581,0.936,-0.000,-0.353,0.000,1.000,-0.000,0.353,0.000,0.936),s="Running",v=Vector3.new(15.820,0.061,-55.994)},
        {t=0.436,cf=CFrame.new(-170.683,260.108,417.336,0.937,-0.000,-0.349,0.000,1.000,-0.000,0.349,0.000,0.937),s="Running",v=Vector3.new(15.644,0.053,-56.107)},
        {t=0.440,cf=CFrame.new(-170.614,260.108,417.093,0.938,-0.000,-0.346,0.000,1.000,-0.000,0.346,0.000,0.938),s="Running",v=Vector3.new(15.507,0.046,-56.161)},
        {t=0.444,cf=CFrame.new(-170.546,260.108,416.852,0.939,-0.000,-0.343,0.000,1.000,-0.000,0.343,0.000,0.939),s="Running",v=Vector3.new(15.436,0.039,-56.185)},
        {t=0.450,cf=CFrame.new(-170.422,260.108,416.407,0.941,-0.000,-0.338,0.000,1.000,-0.000,0.338,0.000,0.941),s="Running",v=Vector3.new(15.060,0.030,-54.942)},
        {t=0.454,cf=CFrame.new(-170.358,260.108,416.175,0.942,-0.000,-0.335,0.000,1.000,-0.000,0.335,0.000,0.942),s="Running",v=Vector3.new(15.307,0.027,-55.884)},
        {t=0.458,cf=CFrame.new(-170.292,260.108,415.941,0.943,-0.000,-0.333,0.000,1.000,-0.000,0.333,0.000,0.943),s="Running",v=Vector3.new(15.368,0.024,-56.120)},
        {t=0.461,cf=CFrame.new(-170.286,260.108,415.919,0.944,-0.000,-0.331,0.000,1.000,-0.000,0.331,0.000,0.944),s="Running",v=Vector3.new(15.726,0.024,-57.432)},
        {t=0.466,cf=CFrame.new(-170.162,260.108,415.470,0.945,-0.000,-0.327,0.000,1.000,-0.000,0.327,0.000,0.945),s="Running",v=Vector3.new(15.129,0.017,-55.255)},
        {t=0.470,cf=CFrame.new(-170.097,260.108,415.238,0.946,-0.000,-0.325,0.000,1.000,-0.000,0.325,0.000,0.946),s="Running",v=Vector3.new(15.323,0.015,-55.963)},
        {t=0.473,cf=CFrame.new(-170.091,260.108,415.218,0.946,-0.000,-0.323,0.000,1.000,-0.000,0.323,0.000,0.946),s="Running",v=Vector3.new(15.714,0.015,-57.393)},
        {t=0.478,cf=CFrame.new(-170.020,260.108,414.964,0.947,-0.000,-0.320,0.000,1.000,-0.000,0.320,0.000,0.947),s="Running",v=Vector3.new(15.469,0.012,-56.498)},
        {t=0.482,cf=CFrame.new(-169.952,260.109,414.719,0.948,-0.000,-0.318,0.000,1.000,-0.000,0.318,0.000,0.948),s="Running",v=Vector3.new(15.408,0.010,-56.274)},
        {t=0.486,cf=CFrame.new(-169.885,260.105,414.478,0.949,-0.000,-0.316,0.000,1.000,-0.000,0.316,0.000,0.949),s="Running",v=Vector3.new(15.393,-0.195,-56.218)},
        {t=0.491,cf=CFrame.new(-169.818,260.105,414.234,0.950,-0.000,-0.314,0.000,1.000,-0.000,0.314,0.000,0.950),s="Running",v=Vector3.new(15.389,-0.010,-56.204)},
        {t=0.494,cf=CFrame.new(-169.750,260.105,413.988,0.950,-0.000,-0.312,0.000,1.000,-0.000,0.312,0.000,0.950),s="Running",v=Vector3.new(15.388,0.014,-56.200)},
        {t=0.500,cf=CFrame.new(-169.678,260.106,413.730,0.951,-0.000,-0.309,0.000,1.000,-0.000,0.309,0.000,0.951),s="Running",v=Vector3.new(15.337,0.015,-56.213)},
        {t=0.503,cf=CFrame.new(-169.610,260.106,413.483,0.952,-0.000,-0.307,0.000,1.000,-0.000,0.307,0.000,0.952),s="Running",v=Vector3.new(15.307,0.014,-56.221)},
        {t=0.507,cf=CFrame.new(-169.542,260.106,413.236,0.952,-0.000,-0.306,0.000,1.000,-0.000,0.306,0.000,0.952),s="Running",v=Vector3.new(15.253,0.012,-56.236)},
        {t=0.512,cf=CFrame.new(-169.475,260.107,412.991,0.953,-0.000,-0.304,0.000,1.000,-0.000,0.304,0.000,0.953),s="Running",v=Vector3.new(15.183,0.011,-56.255)},
        {t=0.516,cf=CFrame.new(-169.408,260.107,412.747,0.953,-0.000,-0.302,0.000,1.000,-0.000,0.302,0.000,0.953),s="Running",v=Vector3.new(15.108,0.010,-56.275)},
        {t=0.520,cf=CFrame.new(-169.342,260.107,412.502,0.954,-0.000,-0.300,0.000,1.000,-0.000,0.300,0.000,0.954),s="Running",v=Vector3.new(15.022,0.009,-56.298)},
        {t=0.524,cf=CFrame.new(-169.276,260.107,412.259,0.955,-0.000,-0.298,0.000,1.000,-0.000,0.298,0.000,0.955),s="Running",v=Vector3.new(14.925,0.008,-56.324)},
        {t=0.528,cf=CFrame.new(-169.209,260.107,412.006,0.955,-0.000,-0.296,0.000,1.000,-0.000,0.296,0.000,0.955),s="Running",v=Vector3.new(14.827,0.008,-56.350)},
        {t=0.533,cf=CFrame.new(-169.142,260.107,411.754,0.956,-0.000,-0.294,0.000,1.000,-0.000,0.294,0.000,0.956),s="Running",v=Vector3.new(14.759,0.007,-56.367)},
        {t=0.537,cf=CFrame.new(-169.076,260.107,411.507,0.956,-0.000,-0.292,0.000,1.000,-0.000,0.292,0.000,0.956),s="Running",v=Vector3.new(14.666,0.006,-56.392)},
        {t=0.541,cf=CFrame.new(-168.963,260.108,411.075,0.957,-0.000,-0.290,0.000,1.000,-0.000,0.290,0.000,0.957),s="Running",v=Vector3.new(14.211,0.007,-55.168)},
        {t=0.545,cf=CFrame.new(-168.903,260.108,410.845,0.958,-0.000,-0.288,0.000,1.000,-0.000,0.288,0.000,0.958),s="Running",v=Vector3.new(14.325,0.006,-56.144)},
        {t=0.549,cf=CFrame.new(-168.843,260.108,410.611,0.958,-0.000,-0.286,0.000,1.000,-0.000,0.286,0.000,0.958),s="Running",v=Vector3.new(14.264,0.005,-56.411)},
        {t=0.553,cf=CFrame.new(-168.784,260.108,410.379,0.959,-0.000,-0.285,0.000,1.000,-0.000,0.285,0.000,0.959),s="Running",v=Vector3.new(14.166,0.005,-56.498)},
        {t=0.557,cf=CFrame.new(-168.725,260.108,410.147,0.959,-0.000,-0.283,0.000,1.000,-0.000,0.283,0.000,0.959),s="Running",v=Vector3.new(14.028,0.004,-56.548)},
        {t=0.560,cf=CFrame.new(-168.720,260.108,410.130,0.960,-0.000,-0.281,0.000,1.000,-0.000,0.281,0.000,0.960),s="Running",v=Vector3.new(14.213,0.003,-57.845)},
        {t=0.566,cf=CFrame.new(-168.654,260.108,409.865,0.960,-0.000,-0.278,0.000,1.000,-0.000,0.278,0.000,0.960),s="Running",v=Vector3.new(13.718,0.004,-56.963)},
        {t=0.570,cf=CFrame.new(-168.593,260.108,409.612,0.961,-0.000,-0.276,0.000,1.000,-0.000,0.276,0.000,0.961),s="Running",v=Vector3.new(13.525,0.004,-56.760)},
        {t=0.574,cf=CFrame.new(-168.534,260.108,409.367,0.962,-0.000,-0.274,0.000,1.000,-0.000,0.274,0.000,0.962),s="Running",v=Vector3.new(13.384,0.004,-56.730)},
        {t=0.578,cf=CFrame.new(-168.475,260.108,409.122,0.962,-0.000,-0.272,0.000,1.000,-0.000,0.272,0.000,0.962),s="Running",v=Vector3.new(13.258,0.004,-56.744)},
        {t=0.582,cf=CFrame.new(-168.417,260.108,408.877,0.963,-0.000,-0.270,0.000,1.000,-0.000,0.270,0.000,0.963),s="Running",v=Vector3.new(13.119,0.004,-56.773)},
        {t=0.586,cf=CFrame.new(-168.362,260.108,408.640,0.963,-0.000,-0.268,0.000,1.000,-0.000,0.268,0.000,0.963),s="Running",v=Vector3.new(12.973,0.003,-56.805)},
        {t=0.590,cf=CFrame.new(-168.305,260.108,408.395,0.964,-0.000,-0.266,0.000,1.000,-0.000,0.266,0.000,0.964),s="Running",v=Vector3.new(12.789,0.003,-56.847)},
        {t=0.594,cf=CFrame.new(-168.249,260.108,408.150,0.965,-0.000,-0.264,0.000,1.000,-0.000,0.264,0.000,0.965),s="Running",v=Vector3.new(12.610,0.003,-56.886)},
        {t=0.600,cf=CFrame.new(-168.151,260.108,407.710,0.965,-0.000,-0.261,0.000,1.000,-0.000,0.261,0.000,0.965),s="Running",v=Vector3.new(12.079,0.003,-55.673)},
        {t=0.604,cf=CFrame.new(-168.099,260.108,407.476,0.966,-0.000,-0.258,0.000,1.000,-0.000,0.258,0.000,0.966),s="Running",v=Vector3.new(12.072,0.003,-56.671)},
        {t=0.608,cf=CFrame.new(-168.047,260.108,407.237,0.967,-0.000,-0.255,0.000,1.000,-0.000,0.255,0.000,0.967),s="Running",v=Vector3.new(11.888,0.003,-56.958)},
        {t=0.612,cf=CFrame.new(-167.997,260.108,407.000,0.968,-0.000,-0.253,0.000,1.000,-0.000,0.253,0.000,0.968),s="Running",v=Vector3.new(11.648,0.003,-57.070)},
        {t=0.617,cf=CFrame.new(-167.947,260.108,406.758,0.968,-0.000,-0.250,0.000,1.000,-0.000,0.250,0.000,0.968),s="Running",v=Vector3.new(11.368,0.003,-57.142)},
        {t=0.621,cf=CFrame.new(-167.897,260.108,406.510,0.969,-0.000,-0.247,0.000,1.000,-0.000,0.247,0.000,0.969),s="Running",v=Vector3.new(11.048,0.003,-57.209)},
        {t=0.625,cf=CFrame.new(-167.850,260.108,406.270,0.970,-0.000,-0.244,0.000,1.000,-0.000,0.244,0.000,0.970),s="Running",v=Vector3.new(10.844,0.003,-57.249)},
        {t=0.629,cf=CFrame.new(-167.804,260.108,406.031,0.970,-0.000,-0.242,0.000,1.000,-0.000,0.242,0.000,0.970),s="Running",v=Vector3.new(10.659,0.003,-57.284)},
        {t=0.632,cf=CFrame.new(-167.798,260.108,406.006,0.971,-0.000,-0.240,0.000,1.000,-0.000,0.240,0.000,0.971),s="Running",v=Vector3.new(10.718,0.003,-58.594)},
        {t=0.637,cf=CFrame.new(-167.749,260.108,405.741,0.972,-0.000,-0.236,0.000,1.000,-0.000,0.236,0.000,0.972),s="Running",v=Vector3.new(10.288,0.003,-57.682)},
        {t=0.641,cf=CFrame.new(-167.703,260.108,405.488,0.972,-0.000,-0.234,0.000,1.000,-0.000,0.234,0.000,0.972),s="Running",v=Vector3.new(10.052,0.003,-57.476)},
        {t=0.645,cf=CFrame.new(-167.658,260.108,405.237,0.973,-0.000,-0.231,0.000,1.000,-0.000,0.231,0.000,0.973),s="Running",v=Vector3.new(9.885,0.003,-57.443)},
        {t=0.650,cf=CFrame.new(-167.611,260.108,404.972,0.974,-0.000,-0.227,0.000,1.000,-0.000,0.227,0.000,0.974),s="Running",v=Vector3.new(9.685,0.003,-57.462)},
        {t=0.655,cf=CFrame.new(-167.535,260.108,404.525,0.975,-0.000,-0.224,0.000,1.000,-0.000,0.224,0.000,0.975),s="Running",v=Vector3.new(9.324,0.003,-56.201)},
        {t=0.660,cf=CFrame.new(-167.494,260.108,404.282,0.975,-0.000,-0.221,0.000,1.000,-0.000,0.221,0.000,0.975),s="Running",v=Vector3.new(9.362,0.003,-57.182)},
        {t=0.664,cf=CFrame.new(-167.452,260.108,404.035,0.976,-0.000,-0.219,0.000,1.000,-0.000,0.219,0.000,0.976),s="Running",v=Vector3.new(9.303,0.003,-57.438)},
        {t=0.669,cf=CFrame.new(-167.410,260.108,403.780,0.977,-0.000,-0.216,0.000,1.000,-0.000,0.216,0.000,0.977),s="Running",v=Vector3.new(9.242,0.003,-57.510)},
        {t=0.673,cf=CFrame.new(-167.369,260.108,403.534,0.977,-0.000,-0.213,0.000,1.000,-0.000,0.213,0.000,0.977),s="Running",v=Vector3.new(9.183,0.003,-57.534)},
        {t=0.677,cf=CFrame.new(-167.328,260.108,403.282,0.978,-0.000,-0.211,0.000,1.000,-0.000,0.211,0.000,0.978),s="Running",v=Vector3.new(9.147,0.003,-57.544)},
        {t=0.682,cf=CFrame.new(-167.286,260.108,403.026,0.978,-0.000,-0.208,0.000,1.000,-0.000,0.208,0.000,0.978),s="Running",v=Vector3.new(9.131,0.003,-57.548)},
        {t=0.686,cf=CFrame.new(-167.245,260.108,402.773,0.979,-0.000,-0.206,0.000,1.000,-0.000,0.206,0.000,0.979),s="Running",v=Vector3.new(9.091,0.003,-57.554)},
        {t=0.690,cf=CFrame.new(-167.205,260.108,402.523,0.979,-0.000,-0.204,0.000,1.000,-0.000,0.204,0.000,0.979),s="Running",v=Vector3.new(9.023,0.003,-57.565)},
        {t=0.694,cf=CFrame.new(-167.166,260.108,402.276,0.979,-0.000,-0.202,0.000,1.000,-0.000,0.202,0.000,0.979),s="Running",v=Vector3.new(8.972,0.003,-57.573)},
        {t=0.699,cf=CFrame.new(-167.095,260.108,401.827,0.980,-0.000,-0.199,0.000,1.000,-0.000,0.199,0.000,0.980),s="Running",v=Vector3.new(8.708,0.003,-56.299)},
        {t=0.702,cf=CFrame.new(-167.091,260.108,401.807,0.980,-0.000,-0.198,0.000,1.000,-0.000,0.198,0.000,0.980),s="Running",v=Vector3.new(9.005,0.003,-58.554)},
        {t=0.707,cf=CFrame.new(-167.050,260.108,401.549,0.981,-0.000,-0.196,0.000,1.000,-0.000,0.196,0.000,0.981),s="Running",v=Vector3.new(8.823,0.003,-57.842)},
        {t=0.712,cf=CFrame.new(-167.012,260.108,401.300,0.981,-0.000,-0.194,0.000,1.000,-0.000,0.194,0.000,0.981),s="Running",v=Vector3.new(8.751,0.003,-57.669)},
        {t=0.716,cf=CFrame.new(-166.943,260.108,400.850,0.981,-0.000,-0.192,0.000,1.000,-0.000,0.192,0.000,0.981),s="Running",v=Vector3.new(8.461,0.003,-56.352)},
        {t=0.719,cf=CFrame.new(-166.939,260.108,400.829,0.982,-0.000,-0.190,0.000,1.000,-0.000,0.190,0.000,0.982),s="Running",v=Vector3.new(8.755,0.003,-58.595)},
        {t=0.724,cf=CFrame.new(-166.870,260.108,400.373,0.982,-0.000,-0.188,0.000,1.000,-0.000,0.188,0.000,0.982),s="Running",v=Vector3.new(8.407,0.003,-56.592)},
        {t=0.727,cf=CFrame.new(-166.866,260.108,400.349,0.982,-0.000,-0.187,0.000,1.000,-0.000,0.187,0.000,0.982),s="Running",v=Vector3.new(8.681,0.003,-58.665)},
        {t=0.733,cf=CFrame.new(-166.824,260.108,400.074,0.983,-0.000,-0.184,0.000,1.000,-0.000,0.184,0.000,0.983),s="Running",v=Vector3.new(8.474,0.003,-57.910)},
        {t=0.736,cf=CFrame.new(-166.786,260.108,399.818,0.983,-0.000,-0.183,0.000,1.000,-0.000,0.183,0.000,0.983),s="Running",v=Vector3.new(8.372,0.003,-57.729)},
        {t=0.741,cf=CFrame.new(-166.748,260.108,399.561,0.983,-0.000,-0.181,0.000,1.000,-0.000,0.181,0.000,0.983),s="Running",v=Vector3.new(8.292,0.003,-57.691)},
        {t=0.744,cf=CFrame.new(-166.712,260.108,399.315,0.984,-0.000,-0.180,0.000,1.000,-0.000,0.180,0.000,0.984),s="Running",v=Vector3.new(8.255,0.003,-57.684)},
        {t=0.750,cf=CFrame.new(-166.673,260.108,399.046,0.984,-0.000,-0.177,0.000,1.000,-0.000,0.177,0.000,0.984),s="Running",v=Vector3.new(8.187,0.003,-57.691)},
        {t=0.753,cf=CFrame.new(-166.637,260.108,398.797,0.984,-0.000,-0.176,0.000,1.000,-0.000,0.176,0.000,0.984),s="Running",v=Vector3.new(8.150,0.003,-57.695)},
        {t=0.757,cf=CFrame.new(-166.602,260.108,398.553,0.985,-0.000,-0.175,0.000,1.000,-0.000,0.175,0.000,0.985),s="Running",v=Vector3.new(8.104,0.003,-57.702)},
        {t=0.762,cf=CFrame.new(-166.538,260.108,398.106,0.985,-0.000,-0.173,0.000,1.000,-0.000,0.173,0.000,0.985),s="Running",v=Vector3.new(7.874,0.003,-56.422)},
        {t=0.766,cf=CFrame.new(-166.504,260.108,397.865,0.985,-0.000,-0.171,0.000,1.000,-0.000,0.171,0.000,0.985),s="Running",v=Vector3.new(7.986,0.003,-57.390)},
        {t=0.769,cf=CFrame.new(-166.501,260.108,397.841,0.985,-0.000,-0.171,0.000,1.000,-0.000,0.171,0.000,0.985),s="Running",v=Vector3.new(8.188,0.003,-58.919)},
        {t=0.774,cf=CFrame.new(-166.463,260.108,397.578,0.986,-0.000,-0.169,0.000,1.000,-0.000,0.169,0.000,0.986),s="Running",v=Vector3.new(8.060,0.003,-58.015)},
        {t=0.778,cf=CFrame.new(-166.429,260.108,397.332,0.986,-0.000,-0.168,0.000,1.000,-0.000,0.168,0.000,0.986),s="Running",v=Vector3.new(8.027,0.003,-57.789)},
        {t=0.783,cf=CFrame.new(-166.363,260.108,396.868,0.986,-0.000,-0.166,0.000,1.000,-0.000,0.166,0.000,0.986),s="Running",v=Vector3.new(7.839,0.003,-56.446)},
        {t=0.787,cf=CFrame.new(-166.329,260.108,396.627,0.986,-0.000,-0.165,0.000,1.000,-0.000,0.165,0.000,0.986),s="Running",v=Vector3.new(7.971,0.003,-57.397)},
        {t=0.791,cf=CFrame.new(-166.295,260.108,396.379,0.986,-0.000,-0.164,0.000,1.000,-0.000,0.164,0.000,0.986),s="Running",v=Vector3.new(8.004,0.003,-57.635)},
        {t=0.793,cf=CFrame.new(-166.291,260.108,396.358,0.987,-0.000,-0.163,0.000,1.000,-0.000,0.163,0.000,0.987),s="Running",v=Vector3.new(8.191,0.003,-58.981)},
        {t=0.799,cf=CFrame.new(-166.252,260.108,396.081,0.987,-0.000,-0.162,0.000,1.000,-0.000,0.162,0.000,0.987),s="Running",v=Vector3.new(8.059,0.003,-58.031)},
        {t=0.803,cf=CFrame.new(-166.217,260.108,395.831,0.987,-0.000,-0.161,0.000,1.000,-0.000,0.161,0.000,0.987),s="Running",v=Vector3.new(8.026,0.003,-57.793)},
        {t=0.808,cf=CFrame.new(-166.154,260.108,395.379,0.987,-0.000,-0.160,0.000,1.000,-0.000,0.160,0.000,0.987),s="Running",v=Vector3.new(7.839,0.003,-56.447)},
        {t=0.812,cf=CFrame.new(-166.120,260.108,395.140,0.987,-0.000,-0.159,0.000,1.000,-0.000,0.159,0.000,0.987),s="Running",v=Vector3.new(7.971,0.003,-57.397)},
        {t=0.815,cf=CFrame.new(-166.116,260.108,395.112,0.987,-0.000,-0.158,0.000,1.000,-0.000,0.158,0.000,0.987),s="Running",v=Vector3.new(8.183,0.003,-58.922)},
        {t=0.820,cf=CFrame.new(-166.077,260.108,394.837,0.988,-0.000,-0.158,0.000,1.000,-0.000,0.158,0.000,0.988),s="Running",v=Vector3.new(8.073,0.003,-58.014)},
        {t=0.824,cf=CFrame.new(-166.041,260.108,394.579,0.988,-0.000,-0.157,0.000,1.000,-0.000,0.157,0.000,0.988),s="Running",v=Vector3.new(8.094,0.003,-57.780)},
        {t=0.829,cf=CFrame.new(-166.004,260.108,394.318,0.988,-0.000,-0.156,0.000,1.000,-0.000,0.156,0.000,0.988),s="Running",v=Vector3.new(8.152,0.003,-57.714)},
        {t=0.833,cf=CFrame.new(-165.940,260.108,393.870,0.988,-0.000,-0.156,0.000,1.000,-0.000,0.156,0.000,0.988),s="Running",v=Vector3.new(8.013,0.003,-56.407)},
        {t=0.839,cf=CFrame.new(-165.903,260.108,393.612,0.988,-0.000,-0.155,0.000,1.000,-0.000,0.155,0.000,0.988),s="Running",v=Vector3.new(8.247,0.003,-57.354)},
        {t=0.843,cf=CFrame.new(-165.868,260.108,393.366,0.988,-0.000,-0.155,0.000,1.000,-0.000,0.155,0.000,0.988),s="Running",v=Vector3.new(8.369,0.003,-57.582)},
        {t=0.847,cf=CFrame.new(-165.833,260.108,393.124,0.988,-0.000,-0.154,0.000,1.000,-0.000,0.154,0.000,0.988),s="Running",v=Vector3.new(8.457,0.003,-57.630)},
        {t=0.851,cf=CFrame.new(-165.796,260.108,392.873,0.988,-0.000,-0.154,0.000,1.000,-0.000,0.154,0.000,0.988),s="Running",v=Vector3.new(8.550,0.003,-57.632)},
        {t=0.855,cf=CFrame.new(-165.760,260.108,392.631,0.988,-0.000,-0.154,0.000,1.000,-0.000,0.154,0.000,0.988),s="Running",v=Vector3.new(8.638,0.003,-57.623)},
        {t=0.859,cf=CFrame.new(-165.722,260.108,392.381,0.988,-0.000,-0.154,0.000,1.000,-0.000,0.154,0.000,0.988),s="Running",v=Vector3.new(8.741,0.003,-57.608)},
        {t=0.863,cf=CFrame.new(-165.684,260.108,392.132,0.988,-0.000,-0.154,0.000,1.000,-0.000,0.154,0.000,0.988),s="Running",v=Vector3.new(8.852,0.003,-57.591)},
        {t=0.868,cf=CFrame.new(-165.644,260.108,391.871,0.988,-0.000,-0.154,0.000,1.000,-0.000,0.154,0.000,0.988),s="Running",v=Vector3.new(8.986,0.003,-57.571)},
        {t=0.872,cf=CFrame.new(-165.606,260.108,391.625,0.988,-0.000,-0.155,0.000,1.000,-0.000,0.155,0.000,0.988),s="Running",v=Vector3.new(9.078,0.003,-57.556)},
        {t=0.876,cf=CFrame.new(-165.566,260.108,391.377,0.988,-0.000,-0.155,0.000,1.000,-0.000,0.155,0.000,0.988),s="Running",v=Vector3.new(9.167,0.003,-57.542)},
        {t=0.880,cf=CFrame.new(-165.528,260.108,391.134,0.988,-0.000,-0.155,0.000,1.000,-0.000,0.155,0.000,0.988),s="Running",v=Vector3.new(9.251,0.003,-57.529)},
        {t=0.884,cf=CFrame.new(-165.489,260.108,390.892,0.988,-0.000,-0.155,0.000,1.000,-0.000,0.155,0.000,0.988),s="Running",v=Vector3.new(9.334,0.003,-57.515)},
        {t=0.887,cf=CFrame.new(-165.450,260.108,390.653,0.988,-0.000,-0.156,0.000,1.000,-0.000,0.156,0.000,0.988),s="Running",v=Vector3.new(9.410,0.003,-57.503)},
        {t=0.892,cf=CFrame.new(-165.409,260.108,390.402,0.988,-0.000,-0.156,0.000,1.000,-0.000,0.156,0.000,0.988),s="Running",v=Vector3.new(9.525,0.003,-57.484)},
        {t=0.895,cf=CFrame.new(-165.369,260.108,390.159,0.988,-0.000,-0.157,0.000,1.000,-0.000,0.157,0.000,0.988),s="Running",v=Vector3.new(9.607,0.003,-57.470)},
        {t=0.900,cf=CFrame.new(-165.327,260.108,389.909,0.988,-0.000,-0.157,0.000,1.000,-0.000,0.157,0.000,0.988),s="Running",v=Vector3.new(9.681,0.003,-57.458)},
        {t=0.904,cf=CFrame.new(-165.286,260.108,389.664,0.987,-0.000,-0.158,0.000,1.000,-0.000,0.158,0.000,0.987),s="Running",v=Vector3.new(9.764,0.003,-57.444)},
        {t=0.908,cf=CFrame.new(-165.244,260.108,389.416,0.987,-0.000,-0.158,0.000,1.000,-0.000,0.158,0.000,0.987),s="Running",v=Vector3.new(9.850,0.003,-57.429)},
        {t=0.912,cf=CFrame.new(-165.203,260.108,389.173,0.987,-0.000,-0.159,0.000,1.000,-0.000,0.159,0.000,0.987),s="Running",v=Vector3.new(9.900,0.003,-57.421)},
        {t=0.917,cf=CFrame.new(-165.160,260.108,388.923,0.987,-0.000,-0.159,0.000,1.000,-0.000,0.159,0.000,0.987),s="Running",v=Vector3.new(9.979,0.003,-57.407)},
        {t=0.922,cf=CFrame.new(-165.116,260.108,388.670,0.987,-0.000,-0.160,0.000,1.000,-0.000,0.160,0.000,0.987),s="Running",v=Vector3.new(10.077,0.003,-57.390)},
        {t=0.926,cf=CFrame.new(-165.073,260.108,388.423,0.987,-0.000,-0.161,0.000,1.000,-0.000,0.161,0.000,0.987),s="Running",v=Vector3.new(10.175,0.003,-57.372)},
        {t=0.931,cf=CFrame.new(-165.028,260.108,388.167,0.987,-0.000,-0.162,0.000,1.000,-0.000,0.162,0.000,0.987),s="Running",v=Vector3.new(10.293,0.003,-57.351)},
        {t=0.935,cf=CFrame.new(-164.983,260.108,387.915,0.987,-0.000,-0.163,0.000,1.000,-0.000,0.163,0.000,0.987),s="Running",v=Vector3.new(10.404,0.003,-57.331)},
        {t=0.939,cf=CFrame.new(-164.939,260.108,387.670,0.987,-0.000,-0.164,0.000,1.000,-0.000,0.164,0.000,0.987),s="Running",v=Vector3.new(10.490,0.003,-57.316)},
        {t=0.943,cf=CFrame.new(-164.895,260.108,387.428,0.986,-0.000,-0.164,0.000,1.000,-0.000,0.164,0.000,0.986),s="Running",v=Vector3.new(10.567,0.003,-57.302)},
        {t=0.946,cf=CFrame.new(-164.851,260.108,387.188,0.986,-0.000,-0.165,0.000,1.000,-0.000,0.165,0.000,0.986),s="Running",v=Vector3.new(10.652,0.003,-57.286)},
        {t=0.951,cf=CFrame.new(-164.806,260.108,386.944,0.986,-0.000,-0.166,0.000,1.000,-0.000,0.166,0.000,0.986),s="Running",v=Vector3.new(10.743,0.003,-57.269)},
        {t=0.955,cf=CFrame.new(-164.761,260.108,386.704,0.986,-0.000,-0.167,0.000,1.000,-0.000,0.167,0.000,0.986),s="Running",v=Vector3.new(10.824,0.003,-57.253)},
        {t=0.959,cf=CFrame.new(-164.716,260.108,386.465,0.986,-0.000,-0.168,0.000,1.000,-0.000,0.168,0.000,0.986),s="Running",v=Vector3.new(10.939,0.003,-57.231)},
        {t=0.962,cf=CFrame.new(-164.671,260.108,386.227,0.986,-0.000,-0.169,0.000,1.000,-0.000,0.169,0.000,0.986),s="Running",v=Vector3.new(11.066,0.003,-57.207)},
        {t=0.965,cf=CFrame.new(-164.666,260.108,386.200,0.986,-0.000,-0.170,0.000,1.000,-0.000,0.170,0.000,0.986),s="Running",v=Vector3.new(11.420,0.003,-58.462)},
        {t=0.981,cf=CFrame.new(-164.520,260.108,385.448,0.985,-0.000,-0.175,0.000,1.000,-0.000,0.175,0.000,0.985),s="Running",v=Vector3.new(11.065,0.003,-54.890)},
        {t=0.989,cf=CFrame.new(-164.427,260.108,384.984,0.984,-0.000,-0.177,0.000,1.000,-0.000,0.177,0.000,0.984),s="Running",v=Vector3.new(11.441,0.003,-55.227)},
        {t=0.997,cf=CFrame.new(-164.329,260.108,384.510,0.984,-0.000,-0.181,0.000,1.000,-0.000,0.181,0.000,0.984),s="Running",v=Vector3.new(11.832,0.003,-55.248)},
        {t=1.002,cf=CFrame.new(-164.235,260.108,384.067,0.983,-0.000,-0.183,0.000,1.000,-0.000,0.183,0.000,0.983),s="Running",v=Vector3.new(12.197,0.003,-55.195)},
        {t=1.007,cf=CFrame.new(-164.180,260.108,383.818,0.983,-0.000,-0.185,0.000,1.000,-0.000,0.185,0.000,0.983),s="Running",v=Vector3.new(12.705,0.003,-56.419)},
        {t=1.011,cf=CFrame.new(-164.123,260.108,383.561,0.982,-0.000,-0.187,0.000,1.000,-0.000,0.187,0.000,0.982),s="Running",v=Vector3.new(13.010,0.003,-56.685)},
        {t=1.030,cf=CFrame.new(-163.906,260.108,382.608,0.980,-0.000,-0.198,0.000,1.000,-0.000,0.198,0.000,0.980),s="Running",v=Vector3.new(12.972,0.003,-52.770)},
        {t=1.040,cf=CFrame.new(-163.755,260.108,381.990,0.979,-0.000,-0.203,0.000,1.000,-0.000,0.203,0.000,0.979),s="Running",v=Vector3.new(13.641,0.003,-52.958)},
        {t=1.048,cf=CFrame.new(-163.640,260.108,381.537,0.978,-0.000,-0.208,0.000,1.000,-0.000,0.208,0.000,0.978),s="Running",v=Vector3.new(14.431,0.003,-54.184)},
        {t=1.053,cf=CFrame.new(-163.570,260.108,381.267,0.977,-0.000,-0.212,0.000,1.000,-0.000,0.212,0.000,0.977),s="Running",v=Vector3.new(15.148,0.003,-55.695)},
        {t=1.058,cf=CFrame.new(-163.450,260.108,380.823,0.977,-0.000,-0.214,0.000,1.000,-0.000,0.214,0.000,0.977),s="Running",v=Vector3.new(15.136,0.003,-54.778)},
        {t=1.063,cf=CFrame.new(-163.382,260.108,380.573,0.976,-0.000,-0.217,0.000,1.000,-0.000,0.217,0.000,0.976),s="Running",v=Vector3.new(15.565,0.003,-55.777)},
        {t=1.069,cf=CFrame.new(-163.309,260.108,380.306,0.975,-0.000,-0.221,0.000,1.000,-0.000,0.221,0.000,0.975),s="Running",v=Vector3.new(15.847,0.003,-55.978)},
        {t=1.075,cf=CFrame.new(-163.235,260.108,380.037,0.975,-0.000,-0.224,0.000,1.000,-0.000,0.224,0.000,0.975),s="Running",v=Vector3.new(16.114,0.003,-55.971)},
        {t=1.080,cf=CFrame.new(-163.106,260.108,379.586,0.974,-0.000,-0.227,0.000,1.000,-0.000,0.227,0.000,0.974),s="Running",v=Vector3.new(15.926,0.003,-54.691)},
        {t=1.085,cf=CFrame.new(-163.035,260.108,379.334,0.973,-0.000,-0.230,0.000,1.000,-0.000,0.230,0.000,0.973),s="Running",v=Vector3.new(16.274,0.003,-55.609)},
        {t=1.091,cf=CFrame.new(-162.956,260.108,379.059,0.972,-0.000,-0.233,0.000,1.000,-0.000,0.233,0.000,0.972),s="Running",v=Vector3.new(16.403,0.003,-55.826)},
        {t=1.096,cf=CFrame.new(-162.879,260.108,378.792,0.972,-0.000,-0.236,0.000,1.000,-0.000,0.236,0.000,0.972),s="Running",v=Vector3.new(16.446,0.003,-55.877)},
        {t=1.107,cf=CFrame.new(-162.727,260.108,378.266,0.971,-0.000,-0.241,0.000,1.000,-0.000,0.241,0.000,0.971),s="Running",v=Vector3.new(16.093,0.003,-54.643)},
