-- CFrame Auto Walk Recording
-- Total Frames: 4544
-- Recorded HipHeight: 5.058475494384766

return {
    hipHeight = 5.058475494384766,
    frames = {
        {t=0.007,cf=CFrame.new(2057.620,854.222,479.313,0.925,0.000,0.381,0.000,1.000,0.000,-0.381,0.000,0.925),s="Running",v=Vector3.new(0.000,0.683,0.000)},
        {t=0.011,cf=CFrame.new(2057.620,854.225,479.313,0.925,0.000,0.381,0.000,1.000,0.000,-0.381,0.000,0.925),s="Running",v=Vector3.new(0.000,0.590,0.000)},
        {t=0.014,cf=CFrame.new(2057.620,854.227,479.313,0.925,0.000,0.381,0.000,1.000,0.000,-0.381,0.000,0.925),s="Running",v=Vector3.new(0.000,0.510,0.000)},
        {t=0.020,cf=CFrame.new(2057.620,854.229,479.313,0.925,0.000,0.381,0.000,1.000,0.000,-0.381,0.000,0.925),s="Running",v=Vector3.new(0.000,0.439,0.000)},
        {t=0.024,cf=CFrame.new(2057.620,854.230,479.313,0.925,0.000,0.381,0.000,1.000,0.000,-0.381,0.000,0.925),s="Running",v=Vector3.new(0.000,0.378,0.000)},
        {t=0.027,cf=CFrame.new(2057.620,854.231,479.313,0.925,0.000,0.381,0.000,1.000,0.000,-0.381,0.000,0.925),s="Running",v=Vector3.new(0.000,0.326,0.000)},
        {t=0.031,cf=CFrame.new(2057.620,854.233,479.313,0.925,0.000,0.381,0.000,1.000,0.000,-0.381,0.000,0.925),s="Running",v=Vector3.new(0.000,0.280,0.000)},
        {t=0.036,cf=CFrame.new(2057.620,854.234,479.313,0.925,0.000,0.381,0.000,1.000,0.000,-0.381,0.000,0.925),s="Running",v=Vector3.new(0.000,0.241,0.000)},
        {t=0.040,cf=CFrame.new(2057.620,854.234,479.313,0.925,0.000,0.381,0.000,1.000,0.000,-0.381,0.000,0.925),s="Running",v=Vector3.new(0.000,0.208,0.000)},
        {t=0.044,cf=CFrame.new(2057.620,854.235,479.313,0.925,0.000,0.381,0.000,1.000,0.000,-0.381,0.000,0.925),s="Running",v=Vector3.new(0.000,0.179,0.000)},
        {t=0.047,cf=CFrame.new(2057.620,854.236,479.313,0.925,0.000,0.381,0.000,1.000,0.000,-0.381,0.000,0.925),s="Running",v=Vector3.new(0.000,0.154,0.000)},
        {t=0.053,cf=CFrame.new(2057.620,854.236,479.313,0.925,0.000,0.381,0.000,1.000,0.000,-0.381,0.000,0.925),s="Running",v=Vector3.new(0.000,0.132,0.000)},
        {t=0.056,cf=CFrame.new(2057.620,854.237,479.313,0.925,0.000,0.381,0.000,1.000,0.000,-0.381,0.000,0.925),s="Running",v=Vector3.new(0.000,0.114,0.000)},
        {t=0.060,cf=CFrame.new(2057.620,854.237,479.313,0.925,0.000,0.381,0.000,1.000,0.000,-0.381,0.000,0.925),s="Running",v=Vector3.new(0.000,0.097,0.000)},
        {t=0.065,cf=CFrame.new(2057.620,854.238,479.313,0.925,0.000,0.381,0.000,1.000,0.000,-0.381,0.000,0.925),s="Running",v=Vector3.new(0.000,0.083,0.000)},
        {t=0.069,cf=CFrame.new(2057.620,854.238,479.313,0.925,0.000,0.381,0.000,1.000,0.000,-0.381,0.000,0.925),s="Running",v=Vector3.new(0.000,0.071,0.000)},
        {t=0.073,cf=CFrame.new(2057.620,854.238,479.313,0.925,0.000,0.381,0.000,1.000,0.000,-0.381,0.000,0.925),s="Running",v=Vector3.new(0.000,0.061,0.000)},
        {t=0.077,cf=CFrame.new(2057.620,854.238,479.313,0.925,0.000,0.381,0.000,1.000,0.000,-0.381,0.000,0.925),s="Running",v=Vector3.new(0.000,0.052,0.000)},
        {t=0.081,cf=CFrame.new(2057.620,854.239,479.313,0.925,0.000,0.381,0.000,1.000,0.000,-0.381,0.000,0.925),s="Running",v=Vector3.new(0.000,0.044,0.000)},
        {t=0.085,cf=CFrame.new(2057.620,854.239,479.313,0.925,0.000,0.381,0.000,1.000,0.000,-0.381,0.000,0.925),s="Running",v=Vector3.new(0.000,0.038,0.000)},
        {t=0.091,cf=CFrame.new(2057.620,854.239,479.313,0.925,0.000,0.381,0.000,1.000,0.000,-0.381,0.000,0.925),s="Running",v=Vector3.new(0.000,0.027,0.000)},
        {t=0.094,cf=CFrame.new(2057.620,854.239,479.313,0.925,0.000,0.381,0.000,1.000,0.000,-0.381,0.000,0.925),s="Running",v=Vector3.new(0.000,0.023,0.000)},
        {t=0.097,cf=CFrame.new(2057.620,854.239,479.313,0.925,0.000,0.381,0.000,1.000,0.000,-0.381,0.000,0.925),s="Running",v=Vector3.new(0.000,0.023,0.000)},
        {t=0.102,cf=CFrame.new(2057.620,854.239,479.313,0.925,0.000,0.381,0.000,1.000,0.000,-0.381,0.000,0.925),s="Running",v=Vector3.new(0.000,0.019,0.000)},
        {t=0.106,cf=CFrame.new(2057.620,854.239,479.313,0.925,0.000,0.381,0.000,1.000,0.000,-0.381,0.000,0.925),s="Running",v=Vector3.new(0.000,0.017,0.000)},
        {t=0.111,cf=CFrame.new(2057.620,854.239,479.313,0.925,0.000,0.381,0.000,1.000,0.000,-0.381,0.000,0.925),s="Running",v=Vector3.new(0.000,0.014,0.000)},
        {t=0.114,cf=CFrame.new(2057.620,854.239,479.313,0.925,0.000,0.381,0.000,1.000,0.000,-0.381,0.000,0.925),s="Running",v=Vector3.new(0.000,0.012,0.000)},
        {t=0.118,cf=CFrame.new(2057.620,854.240,479.313,0.925,0.000,0.381,0.000,1.000,0.000,-0.381,0.000,0.925),s="Running",v=Vector3.new(0.000,0.010,0.000)},
        {t=0.123,cf=CFrame.new(2057.620,854.240,479.313,0.925,0.000,0.381,0.000,1.000,0.000,-0.381,0.000,0.925),s="Running",v=Vector3.new(0.000,0.009,0.000)},
        {t=0.127,cf=CFrame.new(2057.620,854.240,479.313,0.925,0.000,0.381,0.000,1.000,0.000,-0.381,0.000,0.925),s="Running",v=Vector3.new(0.000,0.007,0.000)},
        {t=0.132,cf=CFrame.new(2057.620,854.241,479.313,0.925,0.000,0.381,0.000,1.000,0.000,-0.381,0.000,0.925),s="Running",v=Vector3.new(-17.653,0.002,-41.392)},
        {t=0.136,cf=CFrame.new(2057.556,854.252,479.164,0.925,0.000,0.381,0.000,1.000,0.000,-0.381,0.000,0.925),s="Running",v=Vector3.new(-21.624,-4.177,-50.705)},
        {t=0.141,cf=CFrame.new(2057.477,854.245,478.977,0.925,0.000,0.381,0.000,1.000,0.000,-0.381,0.000,0.925),s="Running",v=Vector3.new(-22.369,-6.274,-53.137)},
        {t=0.144,cf=CFrame.new(2057.394,854.227,478.779,0.925,0.000,0.381,0.000,1.000,0.000,-0.381,0.000,0.925),s="Running",v=Vector3.new(-22.365,-7.460,-53.825)},
        {t=0.148,cf=CFrame.new(2057.309,854.203,478.576,0.925,0.000,0.380,0.000,1.000,0.000,-0.380,0.000,0.925),s="Running",v=Vector3.new(-22.169,-8.549,-54.077)},
        {t=0.152,cf=CFrame.new(2057.224,854.174,478.367,0.925,0.000,0.380,0.000,1.000,0.000,-0.380,0.000,0.925),s="Running",v=Vector3.new(-21.880,-9.844,-54.238)},
        {t=0.157,cf=CFrame.new(2057.139,854.141,478.155,0.925,0.000,0.379,0.000,1.000,0.000,-0.379,0.000,0.925),s="Running",v=Vector3.new(-21.559,-10.821,-54.376)},
        {t=0.161,cf=CFrame.new(2057.054,854.102,477.940,0.926,0.000,0.378,0.000,1.000,0.000,-0.378,0.000,0.926),s="Running",v=Vector3.new(-21.303,-11.762,-54.480)},
        {t=0.165,cf=CFrame.new(2056.972,854.087,477.729,0.926,0.000,0.377,0.000,1.000,0.000,-0.377,0.000,0.926),s="Running",v=Vector3.new(-21.179,-10.669,-54.529)},
        {t=0.172,cf=CFrame.new(2056.817,854.068,477.329,0.927,0.000,0.375,0.000,1.000,0.000,-0.375,0.000,0.927),s="Running",v=Vector3.new(-20.528,-9.962,-53.574)},
        {t=0.177,cf=CFrame.new(2056.735,854.056,477.114,0.927,0.000,0.374,0.000,1.000,0.000,-0.374,0.000,0.927),s="Running",v=Vector3.new(-20.638,-8.315,-54.436)},
        {t=0.182,cf=CFrame.new(2056.653,854.046,476.895,0.928,0.000,0.373,0.000,1.000,0.000,-0.373,0.000,0.928),s="Running",v=Vector3.new(-20.604,-4.625,-54.675)},
        {t=0.188,cf=CFrame.new(2056.569,854.044,476.669,0.928,0.000,0.372,0.000,1.000,0.000,-0.372,0.000,0.928),s="Running",v=Vector3.new(-20.513,-1.370,-54.765)},
        {t=0.193,cf=CFrame.new(2056.414,854.067,476.254,0.929,0.000,0.370,0.000,1.000,0.000,-0.370,0.000,0.929),s="Running",v=Vector3.new(-19.992,3.034,-53.772)},
        {t=0.197,cf=CFrame.new(2056.335,854.090,476.039,0.929,0.000,0.369,0.000,1.000,0.000,-0.369,0.000,0.929),s="Running",v=Vector3.new(-20.141,4.613,-54.621)},
        {t=0.201,cf=CFrame.new(2056.254,854.115,475.819,0.930,0.000,0.368,0.000,1.000,0.000,-0.368,0.000,0.930),s="Running",v=Vector3.new(-20.133,6.066,-54.850)},
        {t=0.208,cf=CFrame.new(2056.170,854.149,475.588,0.931,0.000,0.366,0.000,1.000,0.000,-0.366,0.000,0.931),s="Running",v=Vector3.new(-19.992,8.135,-54.957)},
        {t=0.212,cf=CFrame.new(2056.087,854.191,475.359,0.931,0.000,0.365,0.000,1.000,0.000,-0.365,0.000,0.931),s="Running",v=Vector3.new(-19.818,9.328,-55.034)},
        {t=0.218,cf=CFrame.new(2055.938,854.269,474.943,0.932,0.000,0.363,0.000,1.000,0.000,-0.363,0.000,0.932),s="Running",v=Vector3.new(-19.269,9.718,-54.039)},
        {t=0.223,cf=CFrame.new(2055.858,854.312,474.716,0.933,0.000,0.361,0.000,1.000,0.000,-0.361,0.000,0.933),s="Running",v=Vector3.new(-19.378,9.630,-54.897)},
        {t=0.229,cf=CFrame.new(2055.777,854.353,474.486,0.933,0.000,0.359,0.000,1.000,0.000,-0.359,0.000,0.933),s="Running",v=Vector3.new(-19.247,8.761,-55.167)},
        {t=0.233,cf=CFrame.new(2055.696,854.390,474.252,0.934,0.000,0.357,0.000,1.000,0.000,-0.357,0.000,0.934),s="Running",v=Vector3.new(-19.075,7.569,-55.282)},
        {t=0.238,cf=CFrame.new(2055.613,854.423,474.009,0.935,0.000,0.355,0.000,1.000,0.000,-0.355,0.000,0.935),s="Running",v=Vector3.new(-18.876,6.408,-55.365)},
        {t=0.243,cf=CFrame.new(2055.467,854.474,473.579,0.936,0.000,0.353,0.000,1.000,0.000,-0.353,0.000,0.936),s="Running",v=Vector3.new(-18.222,5.371,-54.400)},
        {t=0.248,cf=CFrame.new(2055.390,854.496,473.348,0.936,0.000,0.351,0.000,1.000,0.000,-0.351,0.000,0.936),s="Running",v=Vector3.new(-18.285,4.579,-55.270)},
        {t=0.252,cf=CFrame.new(2055.312,854.515,473.114,0.937,0.000,0.349,0.000,1.000,0.000,-0.349,0.000,0.937),s="Running",v=Vector3.new(-18.208,3.927,-55.518)},
        {t=0.257,cf=CFrame.new(2055.234,854.532,472.873,0.938,0.000,0.347,0.000,1.000,0.000,-0.347,0.000,0.938),s="Running",v=Vector3.new(-18.098,3.330,-55.610)},
        {t=0.262,cf=CFrame.new(2055.155,854.546,472.631,0.939,0.000,0.345,0.000,1.000,0.000,-0.345,0.000,0.939),s="Running",v=Vector3.new(-17.980,2.795,-55.662)},
        {t=0.267,cf=CFrame.new(2055.080,854.558,472.397,0.939,0.000,0.343,0.000,1.000,0.000,-0.343,0.000,0.939),s="Running",v=Vector3.new(-17.914,2.574,-55.687)},
        {t=0.273,cf=CFrame.new(2054.941,854.578,471.965,0.940,0.000,0.341,0.000,1.000,0.000,-0.341,0.000,0.940),s="Running",v=Vector3.new(-17.428,2.073,-54.661)},
        {t=0.278,cf=CFrame.new(2054.868,854.586,471.737,0.941,0.000,0.339,0.000,1.000,0.000,-0.339,0.000,0.941),s="Running",v=Vector3.new(-17.583,1.747,-55.498)},
        {t=0.283,cf=CFrame.new(2054.793,854.594,471.498,0.942,0.000,0.337,0.000,1.000,0.000,-0.337,0.000,0.942),s="Running",v=Vector3.new(-17.529,1.445,-55.737)},
        {t=0.289,cf=CFrame.new(2054.657,854.605,471.066,0.942,0.000,0.334,0.000,1.000,0.000,-0.334,0.000,0.942),s="Running",v=Vector3.new(-17.052,1.159,-54.762)},
        {t=0.293,cf=CFrame.new(2054.586,854.610,470.838,0.943,0.000,0.332,0.000,1.000,0.000,-0.332,0.000,0.943),s="Running",v=Vector3.new(-17.169,0.995,-55.623)},
        {t=0.298,cf=CFrame.new(2054.514,854.614,470.605,0.944,0.000,0.330,0.000,1.000,0.000,-0.330,0.000,0.944),s="Running",v=Vector3.new(-17.109,0.849,-55.866)},
        {t=0.302,cf=CFrame.new(2054.443,854.617,470.369,0.945,0.000,0.328,0.000,1.000,0.000,-0.328,0.000,0.945),s="Running",v=Vector3.new(-16.924,0.714,-55.978)},
        {t=0.307,cf=CFrame.new(2054.370,854.620,470.130,0.945,0.000,0.326,0.000,1.000,0.000,-0.326,0.000,0.945),s="Running",v=Vector3.new(-16.788,0.599,-56.033)},
        {t=0.312,cf=CFrame.new(2054.299,854.623,469.891,0.946,0.000,0.324,0.000,1.000,0.000,-0.324,0.000,0.946),s="Running",v=Vector3.new(-16.689,0.515,-56.066)},
        {t=0.316,cf=CFrame.new(2054.229,854.625,469.655,0.947,0.000,0.323,0.000,1.000,0.000,-0.323,0.000,0.947),s="Running",v=Vector3.new(-16.652,0.451,-56.078)},
        {t=0.320,cf=CFrame.new(2054.158,854.627,469.417,0.947,0.000,0.321,0.000,1.000,0.000,-0.321,0.000,0.947),s="Running",v=Vector3.new(-16.629,0.387,-56.085)},
        {t=0.325,cf=CFrame.new(2054.031,854.630,468.989,0.948,0.000,0.319,0.000,1.000,0.000,-0.319,0.000,0.948),s="Running",v=Vector3.new(-16.288,0.319,-55.012)},
        {t=0.330,cf=CFrame.new(2053.962,854.631,468.755,0.948,0.000,0.317,0.000,1.000,0.000,-0.317,0.000,0.948),s="Running",v=Vector3.new(-16.491,0.269,-55.833)},
        {t=0.335,cf=CFrame.new(2053.891,854.632,468.514,0.949,0.000,0.316,0.000,1.000,0.000,-0.316,0.000,0.949),s="Running",v=Vector3.new(-16.510,0.220,-56.047)},
        {t=0.340,cf=CFrame.new(2053.820,854.633,468.274,0.949,0.000,0.314,0.000,1.000,0.000,-0.314,0.000,0.949),s="Running",v=Vector3.new(-16.508,0.188,-56.103)},
        {t=0.345,cf=CFrame.new(2053.750,854.634,468.036,0.950,0.000,0.313,0.000,1.000,0.000,-0.313,0.000,0.950),s="Running",v=Vector3.new(-16.507,0.163,-56.117)},
        {t=0.349,cf=CFrame.new(2053.624,854.635,467.607,0.950,0.000,0.311,0.000,1.000,0.000,-0.311,0.000,0.950),s="Running",v=Vector3.new(-16.188,0.133,-55.041)},
        {t=0.353,cf=CFrame.new(2053.618,854.635,467.586,0.951,0.000,0.310,0.000,1.000,0.000,-0.310,0.000,0.951),s="Running",v=Vector3.new(-16.743,0.112,-56.932)},
        {t=0.357,cf=CFrame.new(2053.543,854.636,467.334,0.951,0.000,0.309,0.000,1.000,0.000,-0.309,0.000,0.951),s="Running",v=Vector3.new(-16.564,0.091,-56.325)},
        {t=0.361,cf=CFrame.new(2053.470,854.636,467.084,0.951,0.000,0.308,0.000,1.000,0.000,-0.308,0.000,0.951),s="Running",v=Vector3.new(-16.520,0.076,-56.173)},
        {t=0.365,cf=CFrame.new(2053.397,854.637,466.835,0.952,0.000,0.307,0.000,1.000,0.000,-0.307,0.000,0.952),s="Running",v=Vector3.new(-16.508,-0.779,-56.134)},
        {t=0.369,cf=CFrame.new(2053.324,854.635,466.589,0.952,0.000,0.306,0.000,1.000,0.000,-0.306,0.000,0.952),s="Running",v=Vector3.new(-16.505,-1.669,-56.123)},
        {t=0.374,cf=CFrame.new(2053.252,854.630,466.343,0.952,0.000,0.305,0.000,1.000,0.000,-0.305,0.000,0.952),s="Running",v=Vector3.new(-16.504,-2.319,-56.119)},
        {t=0.378,cf=CFrame.new(2053.179,854.616,466.095,0.953,0.000,0.304,0.000,1.000,0.000,-0.304,0.000,0.953),s="Running",v=Vector3.new(-16.502,-4.228,-56.114)},
        {t=0.382,cf=CFrame.new(2053.106,854.594,465.848,0.953,0.000,0.303,0.000,1.000,0.000,-0.303,0.000,0.953),s="Running",v=Vector3.new(-16.499,-6.261,-56.104)},
        {t=0.386,cf=CFrame.new(2053.035,854.563,465.604,0.953,0.000,0.302,0.000,1.000,0.000,-0.302,0.000,0.953),s="Running",v=Vector3.new(-16.495,-8.185,-56.090)},
        {t=0.390,cf=CFrame.new(2052.962,854.523,465.357,0.953,0.000,0.301,0.000,1.000,0.000,-0.301,0.000,0.953),s="Running",v=Vector3.new(-16.490,-10.250,-56.071)},
        {t=0.394,cf=CFrame.new(2052.890,854.475,465.112,0.954,0.000,0.301,0.000,1.000,0.000,-0.301,0.000,0.954),s="Running",v=Vector3.new(-16.479,-11.709,-56.034)},
        {t=0.398,cf=CFrame.new(2052.818,854.422,464.868,0.954,0.000,0.300,0.000,1.000,0.000,-0.300,0.000,0.954),s="Running",v=Vector3.new(-16.473,-12.604,-56.015)},
        {t=0.402,cf=CFrame.new(2052.747,854.365,464.628,0.954,0.000,0.299,0.000,1.000,0.000,-0.299,0.000,0.954),s="Running",v=Vector3.new(-16.463,-13.271,-55.980)},
        {t=0.406,cf=CFrame.new(2052.676,854.305,464.384,0.954,0.000,0.299,0.000,1.000,0.000,-0.299,0.000,0.954),s="Running",v=Vector3.new(-16.440,-14.097,-55.902)},
        {t=0.410,cf=CFrame.new(2052.606,854.243,464.149,0.955,0.000,0.298,0.000,1.000,0.000,-0.298,0.000,0.955),s="Running",v=Vector3.new(-16.427,-14.528,-55.857)},
        {t=0.414,cf=CFrame.new(2052.539,854.180,463.920,0.955,0.000,0.297,0.000,1.000,0.000,-0.297,0.000,0.955),s="Running",v=Vector3.new(-16.418,-14.992,-55.829)},
        {t=0.419,cf=CFrame.new(2052.467,854.115,463.675,0.955,0.000,0.297,0.000,1.000,0.000,-0.297,0.000,0.955),s="Running",v=Vector3.new(-16.388,-15.984,-55.727)},
        {t=0.424,cf=CFrame.new(2052.398,854.046,463.441,0.955,0.000,0.296,0.000,1.000,0.000,-0.296,0.000,0.955),s="Running",v=Vector3.new(-16.353,-16.756,-55.607)},
        {t=0.427,cf=CFrame.new(2052.331,853.974,463.212,0.955,0.000,0.296,0.000,1.000,0.000,-0.296,0.000,0.955),s="Running",v=Vector3.new(-16.332,-17.481,-55.533)},
        {t=0.432,cf=CFrame.new(2052.262,853.899,462.978,0.956,0.000,0.295,0.000,1.000,0.000,-0.295,0.000,0.956),s="Running",v=Vector3.new(-16.317,-18.215,-55.484)},
        {t=0.435,cf=CFrame.new(2052.195,853.821,462.751,0.956,0.000,0.295,0.000,1.000,0.000,-0.295,0.000,0.956),s="Running",v=Vector3.new(-16.308,-18.908,-55.454)},
        {t=0.439,cf=CFrame.new(2052.126,853.741,462.518,0.956,0.000,0.294,0.000,1.000,0.000,-0.294,0.000,0.956),s="Running",v=Vector3.new(-16.306,-19.761,-55.445)},
        {t=0.444,cf=CFrame.new(2052.057,853.695,462.281,0.956,0.000,0.293,0.000,1.000,0.000,-0.293,0.000,0.956),s="Running",v=Vector3.new(-16.309,-18.259,-55.458)},
        {t=0.448,cf=CFrame.new(2051.989,853.653,462.051,0.956,0.000,0.293,0.000,1.000,0.000,-0.293,0.000,0.956),s="Running",v=Vector3.new(-16.312,-15.827,-55.466)},
        {t=0.452,cf=CFrame.new(2051.922,853.617,461.823,0.956,0.000,0.293,0.000,1.000,0.000,-0.293,0.000,0.956),s="Running",v=Vector3.new(-16.313,-12.752,-55.471)},
        {t=0.457,cf=CFrame.new(2051.854,853.587,461.591,0.956,0.000,0.292,0.000,1.000,0.000,-0.292,0.000,0.956),s="Running",v=Vector3.new(-16.315,-9.529,-55.478)},
        {t=0.460,cf=CFrame.new(2051.788,853.564,461.368,0.957,0.000,0.292,0.000,1.000,0.000,-0.292,0.000,0.957),s="Running",v=Vector3.new(-16.319,-8.743,-55.489)},
        {t=0.464,cf=CFrame.new(2051.723,853.524,461.148,0.957,0.000,0.291,0.000,1.000,0.000,-0.291,0.000,0.957),s="Running",v=Vector3.new(-16.322,-9.484,-55.502)},
        {t=0.468,cf=CFrame.new(2051.659,853.502,460.930,0.957,0.000,0.291,0.000,1.000,0.000,-0.291,0.000,0.957),s="Running",v=Vector3.new(-16.326,-7.966,-55.515)},
        {t=0.473,cf=CFrame.new(2051.589,853.461,460.692,0.957,0.000,0.290,0.000,1.000,0.000,-0.290,0.000,0.957),s="Running",v=Vector3.new(-16.259,-8.768,-55.530)},
        {t=0.478,cf=CFrame.new(2051.518,853.417,460.449,0.957,0.000,0.290,0.000,1.000,0.000,-0.290,0.000,0.957),s="Running",v=Vector3.new(-16.218,-9.374,-55.472)},
        {t=0.482,cf=CFrame.new(2051.448,853.391,460.210,0.957,0.000,0.290,0.000,1.000,0.000,-0.290,0.000,0.957),s="Running",v=Vector3.new(-16.187,-8.634,-55.398)},
        {t=0.487,cf=CFrame.new(2051.378,853.347,459.970,0.957,0.000,0.289,0.000,1.000,0.000,-0.289,0.000,0.957),s="Running",v=Vector3.new(-16.129,-10.015,-55.344)},
        {t=0.491,cf=CFrame.new(2051.308,853.298,459.731,0.957,0.000,0.289,0.000,1.000,0.000,-0.289,0.000,0.957),s="Running",v=Vector3.new(-16.083,-10.537,-55.308)},
        {t=0.495,cf=CFrame.new(2051.240,853.247,459.497,0.958,0.000,0.288,0.000,1.000,0.000,-0.288,0.000,0.958),s="Running",v=Vector3.new(-16.052,-10.914,-55.258)},
        {t=0.499,cf=CFrame.new(2051.171,853.219,459.261,0.958,0.000,0.288,0.000,1.000,0.000,-0.288,0.000,0.958),s="Running",v=Vector3.new(-16.039,-9.610,-55.235)},
        {t=0.504,cf=CFrame.new(2051.103,853.171,459.025,0.958,0.000,0.287,0.000,1.000,0.000,-0.287,0.000,0.958),s="Running",v=Vector3.new(-16.032,-10.794,-55.222)},
        {t=0.508,cf=CFrame.new(2051.034,853.119,458.788,0.958,0.000,0.287,0.000,1.000,0.000,-0.287,0.000,0.958),s="Running",v=Vector3.new(-16.029,-11.110,-55.215)},
        {t=0.511,cf=CFrame.new(2050.965,853.064,458.548,0.958,0.000,0.287,0.000,1.000,0.000,-0.287,0.000,0.958),s="Running",v=Vector3.new(-16.027,-11.211,-55.210)},
        {t=0.515,cf=CFrame.new(2050.896,853.035,458.310,0.958,0.000,0.287,0.000,1.000,0.000,-0.287,0.000,0.958),s="Running",v=Vector3.new(-16.044,-9.758,-55.198)},
        {t=0.518,cf=CFrame.new(2050.828,852.987,458.077,0.958,0.000,0.286,0.000,1.000,0.000,-0.286,0.000,0.958),s="Running",v=Vector3.new(-16.078,-10.922,-55.182)},
        {t=0.523,cf=CFrame.new(2050.758,852.933,457.838,0.958,0.000,0.286,0.000,1.000,0.000,-0.286,0.000,0.958),s="Running",v=Vector3.new(-16.100,-11.231,-55.171)},
        {t=0.527,cf=CFrame.new(2050.689,852.879,457.600,0.958,0.000,0.286,0.000,1.000,0.000,-0.286,0.000,0.958),s="Running",v=Vector3.new(-16.109,-11.334,-55.162)},
        {t=0.532,cf=CFrame.new(2050.617,852.848,457.353,0.958,0.000,0.286,0.000,1.000,0.000,-0.286,0.000,0.958),s="Running",v=Vector3.new(-16.113,-9.858,-55.155)},
        {t=0.535,cf=CFrame.new(2050.549,852.799,457.119,0.958,0.000,0.285,0.000,1.000,0.000,-0.285,0.000,0.958),s="Running",v=Vector3.new(-16.112,-11.039,-55.148)},
        {t=0.540,cf=CFrame.new(2050.478,852.745,456.876,0.958,0.000,0.285,0.000,1.000,0.000,-0.285,0.000,0.958),s="Running",v=Vector3.new(-16.109,-11.403,-55.134)},
        {t=0.544,cf=CFrame.new(2050.410,852.690,456.643,0.959,0.000,0.285,0.000,1.000,0.000,-0.285,0.000,0.959),s="Running",v=Vector3.new(-16.106,-11.529,-55.124)},
        {t=0.548,cf=CFrame.new(2050.340,852.660,456.405,0.959,0.000,0.285,0.000,1.000,0.000,-0.285,0.000,0.959),s="Running",v=Vector3.new(-16.105,-10.036,-55.117)},
        {t=0.553,cf=CFrame.new(2050.270,852.610,456.166,0.959,0.000,0.285,0.000,1.000,0.000,-0.285,0.000,0.959),s="Running",v=Vector3.new(-16.103,-11.238,-55.110)},
        {t=0.557,cf=CFrame.new(2050.200,852.555,455.926,0.959,0.000,0.284,0.000,1.000,0.000,-0.284,0.000,0.959),s="Running",v=Vector3.new(-16.102,-11.534,-55.110)},
        {t=0.561,cf=CFrame.new(2050.132,852.500,455.692,0.959,0.000,0.284,0.000,1.000,0.000,-0.284,0.000,0.959),s="Running",v=Vector3.new(-16.102,-11.607,-55.110)},
        {t=0.565,cf=CFrame.new(2050.064,852.471,455.461,0.959,0.000,0.284,0.000,1.000,0.000,-0.284,0.000,0.959),s="Running",v=Vector3.new(-16.103,-10.059,-55.111)},
        {t=0.570,cf=CFrame.new(2049.996,852.422,455.227,0.959,0.000,0.284,0.000,1.000,0.000,-0.284,0.000,0.959),s="Running",v=Vector3.new(-16.105,-11.186,-55.120)},
        {t=0.574,cf=CFrame.new(2049.928,852.368,454.994,0.959,0.000,0.284,0.000,1.000,0.000,-0.284,0.000,0.959),s="Running",v=Vector3.new(-16.104,-11.510,-55.114)},
        {t=0.578,cf=CFrame.new(2049.860,852.314,454.762,0.959,0.000,0.284,0.000,1.000,0.000,-0.284,0.000,0.959),s="Running",v=Vector3.new(-16.102,-11.608,-55.109)},
        {t=0.582,cf=CFrame.new(2049.792,852.284,454.526,0.959,0.000,0.284,0.000,1.000,0.000,-0.284,0.000,0.959),s="Running",v=Vector3.new(-16.099,-10.122,-55.099)},
        {t=0.587,cf=CFrame.new(2049.722,852.233,454.288,0.959,0.000,0.283,0.000,1.000,0.000,-0.283,0.000,0.959),s="Running",v=Vector3.new(-16.104,-11.214,-55.114)},
        {t=0.591,cf=CFrame.new(2049.598,852.153,453.865,0.959,0.000,0.283,0.000,1.000,0.000,-0.283,0.000,0.959),s="Running",v=Vector3.new(-15.786,-10.158,-54.027)},
        {t=0.596,cf=CFrame.new(2049.533,852.104,453.641,0.959,0.000,0.283,0.000,1.000,0.000,-0.283,0.000,0.959),s="Running",v=Vector3.new(-16.023,-11.275,-54.837)},
        {t=0.599,cf=CFrame.new(2049.528,852.101,453.624,0.959,0.000,0.283,0.000,1.000,0.000,-0.283,0.000,0.959),s="Running",v=Vector3.new(-16.398,-11.349,-56.120)},
        {t=0.603,cf=CFrame.new(2049.455,852.045,453.376,0.959,0.000,0.283,0.000,1.000,0.000,-0.283,0.000,0.959),s="Running",v=Vector3.new(-16.224,-11.543,-55.352)},
        {t=0.608,cf=CFrame.new(2049.382,851.987,453.125,0.959,0.000,0.283,0.000,1.000,0.000,-0.283,0.000,0.959),s="Running",v=Vector3.new(-16.205,-11.539,-55.163)},
        {t=0.612,cf=CFrame.new(2049.256,851.927,452.698,0.959,0.000,0.283,0.000,1.000,0.000,-0.283,0.000,0.959),s="Running",v=Vector3.new(-15.885,-10.180,-54.039)},
        {t=0.617,cf=CFrame.new(2049.190,851.878,452.473,0.959,0.000,0.283,0.000,1.000,0.000,-0.283,0.000,0.959),s="Running",v=Vector3.new(-16.126,-11.131,-54.846)},
        {t=0.620,cf=CFrame.new(2049.185,851.875,452.454,0.959,0.000,0.283,0.000,1.000,0.000,-0.283,0.000,0.959),s="Running",v=Vector3.new(-16.506,-11.146,-56.131)},
        {t=0.624,cf=CFrame.new(2049.113,851.820,452.210,0.959,0.000,0.283,0.000,1.000,0.000,-0.283,0.000,0.959),s="Running",v=Vector3.new(-16.284,-11.346,-55.374)},
        {t=0.635,cf=CFrame.new(2048.916,851.694,451.540,0.959,0.000,0.283,0.000,1.000,0.000,-0.283,0.000,0.959),s="Running",v=Vector3.new(-15.593,-10.204,-53.024)},
        {t=0.640,cf=CFrame.new(2048.847,851.643,451.306,0.959,0.000,0.283,0.000,1.000,0.000,-0.283,0.000,0.959),s="Running",v=Vector3.new(-16.056,-11.114,-54.596)},
        {t=0.645,cf=CFrame.new(2048.776,851.588,451.066,0.959,0.000,0.283,0.000,1.000,0.000,-0.283,0.000,0.959),s="Running",v=Vector3.new(-16.175,-11.268,-55.003)},
        {t=0.649,cf=CFrame.new(2048.704,851.532,450.821,0.959,0.000,0.283,0.000,1.000,0.000,-0.283,0.000,0.959),s="Running",v=Vector3.new(-16.212,-11.183,-55.126)},
        {t=0.654,cf=CFrame.new(2048.632,851.501,450.576,0.959,0.000,0.283,0.000,1.000,0.000,-0.283,0.000,0.959),s="Running",v=Vector3.new(-16.223,-9.621,-55.164)},
        {t=0.659,cf=CFrame.new(2048.502,851.405,450.135,0.959,0.000,0.283,0.000,1.000,0.000,-0.283,0.000,0.959),s="Running",v=Vector3.new(-15.909,-10.923,-54.096)},
        {t=0.663,cf=CFrame.new(2048.435,851.353,449.905,0.959,0.000,0.283,0.000,1.000,0.000,-0.283,0.000,0.959),s="Running",v=Vector3.new(-16.168,-11.041,-54.903)},
        {t=0.666,cf=CFrame.new(2048.428,851.349,449.883,0.959,0.000,0.283,0.000,1.000,0.000,-0.283,0.000,0.959),s="Running",v=Vector3.new(-16.580,-10.863,-56.178)},
        {t=0.672,cf=CFrame.new(2048.351,851.317,449.622,0.959,0.000,0.283,0.000,1.000,0.000,-0.283,0.000,0.959),s="Running",v=Vector3.new(-16.382,-9.547,-55.412)},
        {t=0.678,cf=CFrame.new(2048.221,851.222,449.181,0.959,0.000,0.283,0.000,1.000,0.000,-0.283,0.000,0.959),s="Running",v=Vector3.new(-16.026,-10.743,-54.165)},
        {t=0.684,cf=CFrame.new(2048.148,851.191,448.935,0.959,0.000,0.283,0.000,1.000,0.000,-0.283,0.000,0.959),s="Running",v=Vector3.new(-16.246,-9.616,-54.895)},
        {t=0.690,cf=CFrame.new(2048.014,851.092,448.483,0.959,0.000,0.283,0.000,1.000,0.000,-0.283,0.000,0.959),s="Running",v=Vector3.new(-15.971,-11.399,-53.917)},
        {t=0.697,cf=CFrame.new(2047.938,851.032,448.223,0.959,0.000,0.283,0.000,1.000,0.000,-0.283,0.000,0.959),s="Running",v=Vector3.new(-16.282,-11.931,-54.675)},
        {t=0.708,cf=CFrame.new(2047.737,850.921,447.551,0.959,0.000,0.284,0.000,1.000,0.000,-0.284,0.000,0.959),s="Running",v=Vector3.new(-15.860,-11.261,-52.582)},
        {t=0.715,cf=CFrame.new(2047.608,850.809,447.123,0.959,0.000,0.285,0.000,1.000,0.000,-0.285,0.000,0.959),s="Running",v=Vector3.new(-16.113,-12.520,-53.118)},
        {t=0.724,cf=CFrame.new(2047.471,850.711,446.671,0.958,0.000,0.285,0.000,1.000,0.000,-0.285,0.000,0.958),s="Running",v=Vector3.new(-16.299,-11.082,-53.211)},
        {t=0.732,cf=CFrame.new(2047.332,850.621,446.216,0.958,0.000,0.286,0.000,1.000,0.000,-0.286,0.000,0.958),s="Running",v=Vector3.new(-16.387,-10.832,-53.240)},
        {t=0.740,cf=CFrame.new(2047.195,850.511,445.771,0.958,0.000,0.287,0.000,1.000,0.000,-0.287,0.000,0.958),s="Running",v=Vector3.new(-16.483,-12.184,-53.259)},
        {t=0.745,cf=CFrame.new(2047.121,850.450,445.532,0.958,0.000,0.288,0.000,1.000,0.000,-0.288,0.000,0.958),s="Running",v=Vector3.new(-16.884,-12.128,-54.366)},
        {t=0.749,cf=CFrame.new(2047.047,850.417,445.292,0.958,0.000,0.288,0.000,1.000,0.000,-0.288,0.000,0.958),s="Running",v=Vector3.new(-16.997,-10.431,-54.654)},
        {t=0.754,cf=CFrame.new(2046.971,850.364,445.048,0.957,0.000,0.289,0.000,1.000,0.000,-0.289,0.000,0.957),s="Running",v=Vector3.new(-17.075,-11.606,-54.713)},
        {t=0.758,cf=CFrame.new(2046.895,850.305,444.804,0.957,0.000,0.289,0.000,1.000,0.000,-0.289,0.000,0.957),s="Running",v=Vector3.new(-17.105,-12.015,-54.700)},
        {t=0.766,cf=CFrame.new(2046.752,850.212,444.345,0.957,0.000,0.290,0.000,1.000,0.000,-0.290,0.000,0.957),s="Running",v=Vector3.new(-16.782,-10.663,-53.612)},
        {t=0.770,cf=CFrame.new(2046.677,850.158,444.105,0.957,0.000,0.290,0.000,1.000,0.000,-0.290,0.000,0.957),s="Running",v=Vector3.new(-17.075,-11.994,-54.365)},
        {t=0.777,cf=CFrame.new(2046.536,850.067,443.656,0.957,0.000,0.291,0.000,1.000,0.000,-0.291,0.000,0.957),s="Running",v=Vector3.new(-16.858,-11.005,-53.426)},
        {t=0.782,cf=CFrame.new(2046.461,850.011,443.418,0.957,0.000,0.292,0.000,1.000,0.000,-0.292,0.000,0.957),s="Running",v=Vector3.new(-17.164,-12.333,-54.241)},
        {t=0.786,cf=CFrame.new(2046.385,849.950,443.175,0.956,0.000,0.292,0.000,1.000,0.000,-0.292,0.000,0.956),s="Running",v=Vector3.new(-17.296,-12.660,-54.428)},
        {t=0.793,cf=CFrame.new(2046.244,849.879,442.731,0.956,0.000,0.293,0.000,1.000,0.000,-0.293,0.000,0.956),s="Running",v=Vector3.new(-17.064,-11.259,-53.382)},
        {t=0.799,cf=CFrame.new(2046.163,849.819,442.478,0.956,0.000,0.294,0.000,1.000,0.000,-0.294,0.000,0.956),s="Running",v=Vector3.new(-17.466,-12.318,-54.167)},
        {t=0.805,cf=CFrame.new(2046.022,849.699,442.041,0.955,0.000,0.295,0.000,1.000,0.000,-0.295,0.000,0.955),s="Running",v=Vector3.new(-17.259,-12.763,-53.285)},
        {t=0.812,cf=CFrame.new(2045.939,849.658,441.782,0.955,0.000,0.296,0.000,1.000,0.000,-0.296,0.000,0.955),s="Running",v=Vector3.new(-17.566,-10.972,-54.138)},
        {t=0.816,cf=CFrame.new(2045.861,849.602,441.541,0.955,0.000,0.297,0.000,1.000,0.000,-0.297,0.000,0.955),s="Running",v=Vector3.new(-17.645,-12.175,-54.355)},
        {t=0.826,cf=CFrame.new(2045.704,849.475,441.058,0.955,0.000,0.298,0.000,1.000,0.000,-0.298,0.000,0.955),s="Running",v=Vector3.new(-17.272,-13.350,-53.196)},
        {t=0.832,cf=CFrame.new(2045.563,849.402,440.622,0.954,0.000,0.298,0.000,1.000,0.000,-0.298,0.000,0.954),s="Running",v=Vector3.new(-17.150,-12.296,-52.818)},
        {t=0.841,cf=CFrame.new(2045.415,849.274,440.165,0.954,0.000,0.299,0.000,1.000,0.000,-0.299,0.000,0.954),s="Running",v=Vector3.new(-17.198,-13.589,-52.748)},
        {t=0.849,cf=CFrame.new(2045.270,849.169,439.718,0.954,0.000,0.300,0.000,1.000,0.000,-0.300,0.000,0.954),s="Running",v=Vector3.new(-17.191,-12.344,-52.656)},
        {t=0.854,cf=CFrame.new(2045.131,849.076,439.293,0.954,0.000,0.301,0.000,1.000,0.000,-0.301,0.000,0.954),s="Running",v=Vector3.new(-17.217,-11.838,-52.716)},
        {t=0.859,cf=CFrame.new(2045.053,849.015,439.054,0.954,0.000,0.301,0.000,1.000,0.000,-0.301,0.000,0.954),s="Running",v=Vector3.new(-17.582,-13.105,-53.827)},
        {t=0.864,cf=CFrame.new(2044.974,848.949,438.809,0.953,0.000,0.302,0.000,1.000,0.000,-0.302,0.000,0.953),s="Running",v=Vector3.new(-17.694,-13.117,-54.169)},
        {t=0.869,cf=CFrame.new(2044.894,848.883,438.564,0.953,0.000,0.302,0.000,1.000,0.000,-0.302,0.000,0.953),s="Running",v=Vector3.new(-17.736,-12.911,-54.298)},
        {t=0.875,cf=CFrame.new(2044.751,848.788,438.127,0.953,0.000,0.303,0.000,1.000,0.000,-0.303,0.000,0.953),s="Running",v=Vector3.new(-17.402,-11.168,-53.277)},
        {t=0.880,cf=CFrame.new(2044.675,848.733,437.894,0.953,0.000,0.303,0.000,1.000,0.000,-0.303,0.000,0.953),s="Running",v=Vector3.new(-17.670,-12.326,-54.095)},
        {t=0.888,cf=CFrame.new(2044.585,848.665,437.618,0.953,0.000,0.304,0.000,1.000,0.000,-0.304,0.000,0.953),s="Running",v=Vector3.new(-17.705,-13.082,-54.202)},
        {t=0.894,cf=CFrame.new(2044.441,848.593,437.177,0.953,0.000,0.304,0.000,1.000,0.000,-0.304,0.000,0.953),s="Running",v=Vector3.new(-17.320,-12.363,-53.025)},
        {t=0.898,cf=CFrame.new(2044.364,848.530,436.940,0.953,0.000,0.304,0.000,1.000,0.000,-0.304,0.000,0.953),s="Running",v=Vector3.new(-17.560,-13.890,-53.758)},
        {t=0.903,cf=CFrame.new(2044.285,848.461,436.699,0.952,0.000,0.305,0.000,1.000,0.000,-0.305,0.000,0.952),s="Running",v=Vector3.new(-17.642,-13.964,-54.011)},
        {t=0.909,cf=CFrame.new(2044.144,848.358,436.265,0.952,0.000,0.305,0.000,1.000,0.000,-0.305,0.000,0.952),s="Running",v=Vector3.new(-17.303,-12.416,-52.972)},
        {t=0.913,cf=CFrame.new(2044.068,848.297,436.033,0.952,0.000,0.305,0.000,1.000,0.000,-0.305,0.000,0.952),s="Running",v=Vector3.new(-17.579,-13.577,-53.819)},
        {t=0.918,cf=CFrame.new(2043.990,848.230,435.794,0.952,0.000,0.305,0.000,1.000,0.000,-0.305,0.000,0.952),s="Running",v=Vector3.new(-17.674,-13.510,-54.109)},
        {t=0.926,cf=CFrame.new(2043.901,848.158,435.522,0.952,0.000,0.306,0.000,1.000,0.000,-0.306,0.000,0.952),s="Running",v=Vector3.new(-17.759,-12.569,-54.368)},
        {t=0.930,cf=CFrame.new(2043.760,848.090,435.088,0.952,0.000,0.306,0.000,1.000,0.000,-0.306,0.000,0.952),s="Running",v=Vector3.new(-17.444,-10.690,-53.403)},
        {t=0.935,cf=CFrame.new(2043.681,848.034,434.845,0.952,0.000,0.306,0.000,1.000,0.000,-0.306,0.000,0.952),s="Running",v=Vector3.new(-17.719,-11.584,-54.248)},
        {t=0.940,cf=CFrame.new(2043.601,847.975,434.602,0.952,0.000,0.306,0.000,1.000,0.000,-0.306,0.000,0.952),s="Running",v=Vector3.new(-17.789,-11.801,-54.460)},
        {t=0.945,cf=CFrame.new(2043.461,847.862,434.173,0.952,0.000,0.307,0.000,1.000,0.000,-0.307,0.000,0.952),s="Running",v=Vector3.new(-17.457,-12.058,-53.444)},
        {t=0.950,cf=CFrame.new(2043.385,847.830,433.939,0.952,0.000,0.307,0.000,1.000,0.000,-0.307,0.000,0.952),s="Running",v=Vector3.new(-17.724,-10.294,-54.263)},
        {t=0.953,cf=CFrame.new(2043.376,847.824,433.912,0.952,0.000,0.307,0.000,1.000,0.000,-0.307,0.000,0.952),s="Running",v=Vector3.new(-18.141,-11.252,-55.538)},
        {t=0.958,cf=CFrame.new(2043.294,847.767,433.660,0.952,0.000,0.307,0.000,1.000,0.000,-0.307,0.000,0.952),s="Running",v=Vector3.new(-17.894,-11.728,-54.781)},
        {t=0.962,cf=CFrame.new(2043.214,847.708,433.414,0.952,0.000,0.307,0.000,1.000,0.000,-0.307,0.000,0.952),s="Running",v=Vector3.new(-17.820,-12.035,-54.556)},
        {t=0.967,cf=CFrame.new(2043.075,847.646,432.988,0.952,0.000,0.307,0.000,1.000,0.000,-0.307,0.000,0.952),s="Running",v=Vector3.new(-17.443,-10.861,-53.402)},
        {t=0.972,cf=CFrame.new(2042.997,847.590,432.749,0.952,0.000,0.308,0.000,1.000,0.000,-0.308,0.000,0.952),s="Running",v=Vector3.new(-17.692,-12.070,-54.162)},
        {t=0.977,cf=CFrame.new(2042.918,847.530,432.509,0.951,0.000,0.308,0.000,1.000,0.000,-0.308,0.000,0.951),s="Running",v=Vector3.new(-17.745,-12.509,-54.325)},
        {t=0.981,cf=CFrame.new(2042.839,847.468,432.267,0.951,0.000,0.308,0.000,1.000,0.000,-0.308,0.000,0.951),s="Running",v=Vector3.new(-17.753,-12.696,-54.350)},
        {t=0.985,cf=CFrame.new(2042.762,847.406,432.029,0.951,0.000,0.308,0.000,1.000,0.000,-0.308,0.000,0.951),s="Running",v=Vector3.new(-17.753,-12.774,-54.350)},
        {t=0.990,cf=CFrame.new(2042.683,847.371,431.788,0.951,0.000,0.308,0.000,1.000,0.000,-0.308,0.000,0.951),s="Running",v=Vector3.new(-17.754,-11.088,-54.353)},
        {t=1.000,cf=CFrame.new(2042.526,847.252,431.306,0.951,0.000,0.308,0.000,1.000,0.000,-0.308,0.000,0.951),s="Running",v=Vector3.new(-17.404,-12.577,-53.281)},
        {t=1.006,cf=CFrame.new(2042.385,847.159,430.877,0.951,0.000,0.308,0.000,1.000,0.000,-0.308,0.000,0.951),s="Running",v=Vector3.new(-17.309,-11.274,-52.990)},
        {t=1.026,cf=CFrame.new(2042.094,846.974,429.983,0.951,0.000,0.309,0.000,1.000,0.000,-0.309,0.000,0.951),s="Running",v=Vector3.new(-16.551,-12.038,-50.671)},
        {t=1.039,cf=CFrame.new(2041.838,846.789,429.201,0.951,0.000,0.309,0.000,1.000,0.000,-0.309,0.000,0.951),s="Running",v=Vector3.new(-16.371,-10.829,-50.119)},
        {t=1.056,cf=CFrame.new(2041.565,846.568,428.362,0.951,0.000,0.309,0.000,1.000,0.000,-0.309,0.000,0.951),s="Running",v=Vector3.new(-16.380,-10.800,-50.147)},
        {t=1.062,cf=CFrame.new(2041.484,846.509,428.115,0.951,0.000,0.309,0.000,1.000,0.000,-0.309,0.000,0.951),s="Running",v=Vector3.new(-17.418,-12.169,-53.325)},
        {t=1.066,cf=CFrame.new(2041.404,846.447,427.869,0.951,0.000,0.309,0.000,1.000,0.000,-0.309,0.000,0.951),s="Running",v=Vector3.new(-17.645,-12.990,-54.018)},
        {t=1.073,cf=CFrame.new(2041.254,846.371,427.410,0.951,0.000,0.309,0.000,1.000,0.000,-0.309,0.000,0.951),s="Running",v=Vector3.new(-17.291,-12.523,-52.936)},
        {t=1.079,cf=CFrame.new(2041.166,846.300,427.142,0.951,0.000,0.309,0.000,1.000,0.000,-0.309,0.000,0.951),s="Running",v=Vector3.new(-17.475,-14.861,-53.498)},
        {t=1.092,cf=CFrame.new(2040.933,846.136,426.429,0.951,0.000,0.310,0.000,1.000,0.000,-0.310,0.000,0.951),s="Running",v=Vector3.new(-16.723,-13.836,-51.196)},
        {t=1.099,cf=CFrame.new(2040.791,845.993,425.992,0.951,0.000,0.310,0.000,1.000,0.000,-0.310,0.000,0.951),s="Running",v=Vector3.new(-16.878,-16.647,-51.672)},
        {t=1.107,cf=CFrame.new(2040.642,845.825,425.539,0.951,0.000,0.310,0.000,1.000,0.000,-0.310,0.000,0.951),s="Running",v=Vector3.new(-16.916,-17.366,-51.787)},
        {t=1.114,cf=CFrame.new(2040.498,845.693,425.098,0.951,0.000,0.310,0.000,1.000,0.000,-0.310,0.000,0.951),s="Running",v=Vector3.new(-16.897,-15.490,-51.731)},
        {t=1.120,cf=CFrame.new(2040.417,845.612,424.848,0.951,0.000,0.310,0.000,1.000,0.000,-0.310,0.000,0.951),s="Running",v=Vector3.new(-17.239,-17.203,-52.778)},
        {t=1.126,cf=CFrame.new(2040.270,845.481,424.400,0.951,0.000,0.310,0.000,1.000,0.000,-0.310,0.000,0.951),s="Running",v=Vector3.new(-17.045,-15.413,-51.979)},
        {t=1.133,cf=CFrame.new(2040.183,845.395,424.135,0.951,0.000,0.310,0.000,1.000,0.000,-0.310,0.000,0.951),s="Running",v=Vector3.new(-17.405,-16.889,-52.891)},
        {t=1.139,cf=CFrame.new(2040.039,845.268,423.697,0.950,0.000,0.311,0.000,1.000,0.000,-0.311,0.000,0.950),s="Running",v=Vector3.new(-17.264,-15.054,-52.058)},
        {t=1.144,cf=CFrame.new(2039.958,845.189,423.451,0.950,0.000,0.311,0.000,1.000,0.000,-0.311,0.000,0.950),s="Running",v=Vector3.new(-17.647,-16.455,-52.955)},
        {t=1.150,cf=CFrame.new(2039.871,845.102,423.191,0.950,0.000,0.312,0.000,1.000,0.000,-0.312,0.000,0.950),s="Running",v=Vector3.new(-17.789,-17.067,-53.083)},
        {t=1.157,cf=CFrame.new(2039.718,844.967,422.732,0.950,0.000,0.312,0.000,1.000,0.000,-0.312,0.000,0.950),s="Running",v=Vector3.new(-17.392,-16.028,-51.765)},
        {t=1.162,cf=CFrame.new(2039.637,844.884,422.490,0.950,0.000,0.312,0.000,1.000,0.000,-0.312,0.000,0.950),s="Running",v=Vector3.new(-17.606,-18.287,-52.364)},
        {t=1.171,cf=CFrame.new(2039.478,844.734,422.018,0.950,0.000,0.313,0.000,1.000,0.000,-0.313,0.000,0.950),s="Running",v=Vector3.new(-17.140,-18.161,-51.047)},
        {t=1.177,cf=CFrame.new(2039.337,844.595,421.595,0.950,0.000,0.313,0.000,1.000,0.000,-0.313,0.000,0.950),s="Running",v=Vector3.new(-16.888,-19.064,-50.410)},
        {t=1.182,cf=CFrame.new(2039.255,844.493,421.349,0.950,0.000,0.313,0.000,1.000,0.000,-0.313,0.000,0.950),s="Running",v=Vector3.new(-17.045,-22.352,-51.008)},
        {t=1.188,cf=CFrame.new(2039.173,844.379,421.106,0.950,0.000,0.313,0.000,1.000,0.000,-0.313,0.000,0.950),s="Running",v=Vector3.new(-16.962,-23.792,-50.895)},
        {t=1.193,cf=CFrame.new(2039.036,844.206,420.692,0.950,0.000,0.313,0.000,1.000,0.000,-0.313,0.000,0.950),s="Running",v=Vector3.new(-16.472,-21.994,-49.500)},
        {t=1.199,cf=CFrame.new(2038.958,844.094,420.458,0.950,0.000,0.314,0.000,1.000,0.000,-0.314,0.000,0.950),s="Running",v=Vector3.new(-16.783,-25.248,-50.468)},
        {t=1.207,cf=CFrame.new(2038.817,843.905,420.033,0.950,0.000,0.314,0.000,1.000,0.000,-0.314,0.000,0.950),s="Running",v=Vector3.new(-16.586,-22.475,-49.887)},
        {t=1.214,cf=CFrame.new(2038.678,843.734,419.616,0.949,0.000,0.314,0.000,1.000,0.000,-0.314,0.000,0.949),s="Running",v=Vector3.new(-16.640,-19.944,-50.051)},
        {t=1.220,cf=CFrame.new(2038.599,843.628,419.377,0.949,0.000,0.314,0.000,1.000,0.000,-0.314,0.000,0.949),s="Running",v=Vector3.new(-17.092,-21.087,-51.411)},
        {t=1.228,cf=CFrame.new(2038.454,843.423,418.943,0.949,0.000,0.314,0.000,1.000,0.000,-0.314,0.000,0.949),s="Running",v=Vector3.new(-17.121,-19.101,-51.464)},
        {t=1.232,cf=CFrame.new(2038.371,843.324,418.693,0.949,0.000,0.314,0.000,1.000,0.000,-0.314,0.000,0.949),s="Running",v=Vector3.new(-17.559,-18.089,-52.627)},
        {t=1.236,cf=CFrame.new(2038.292,843.271,418.454,0.949,0.000,0.314,0.000,1.000,0.000,-0.314,0.000,0.949),s="Running",v=Vector3.new(-17.687,-15.463,-52.942)},
        {t=1.241,cf=CFrame.new(2038.210,843.189,418.209,0.949,0.000,0.314,0.000,1.000,0.000,-0.314,0.000,0.949),s="Running",v=Vector3.new(-17.731,-17.000,-53.046)},
        {t=1.245,cf=CFrame.new(2038.129,843.102,417.966,0.949,0.000,0.314,0.000,1.000,0.000,-0.314,0.000,0.949),s="Running",v=Vector3.new(-17.720,-17.341,-53.093)},
        {t=1.249,cf=CFrame.new(2038.048,843.015,417.725,0.949,0.000,0.314,0.000,1.000,0.000,-0.314,0.000,0.949),s="Running",v=Vector3.new(-17.668,-17.400,-53.129)},
        {t=1.253,cf=CFrame.new(2037.969,842.929,417.487,0.949,0.000,0.314,0.000,1.000,0.000,-0.314,0.000,0.949),s="Running",v=Vector3.new(-17.604,-17.434,-53.149)},
