-- CFrame Auto Walk Recording
-- Total Frames: 5074
-- Recorded HipHeight: 5.058475494384766

return {
    hipHeight = 5.058475494384766,
    frames = {
        {t=0.007,cf=CFrame.new(446.816,688.608,-741.907,0.805,0.000,-0.593,0.000,1.000,0.000,0.593,0.000,0.805),s="Running",v=Vector3.new(0.000,0.005,0.000)},
        {t=0.013,cf=CFrame.new(446.816,688.608,-741.907,0.805,0.000,-0.593,0.000,1.000,0.000,0.593,0.000,0.805),s="Running",v=Vector3.new(0.000,0.005,0.000)},
        {t=0.019,cf=CFrame.new(446.816,688.608,-741.907,0.805,0.000,-0.593,0.000,1.000,0.000,0.593,0.000,0.805),s="Running",v=Vector3.new(0.000,0.005,0.000)},
        {t=0.023,cf=CFrame.new(446.816,688.608,-741.907,0.805,0.000,-0.593,0.000,1.000,0.000,0.593,0.000,0.805),s="Running",v=Vector3.new(0.000,0.005,0.000)},
        {t=0.028,cf=CFrame.new(446.816,688.608,-741.907,0.805,0.000,-0.593,0.000,1.000,0.000,0.593,0.000,0.805),s="Running",v=Vector3.new(0.000,0.005,0.000)},
        {t=0.033,cf=CFrame.new(446.816,688.608,-741.907,0.805,0.000,-0.593,0.000,1.000,0.000,0.593,0.000,0.805),s="Running",v=Vector3.new(0.000,0.005,0.000)},
        {t=0.038,cf=CFrame.new(446.816,688.608,-741.907,0.805,0.000,-0.593,0.000,1.000,0.000,0.593,0.000,0.805),s="Running",v=Vector3.new(0.000,0.005,0.000)},
        {t=0.043,cf=CFrame.new(446.816,688.608,-741.907,0.805,0.000,-0.593,0.000,1.000,0.000,0.593,0.000,0.805),s="Running",v=Vector3.new(0.000,0.005,0.000)},
        {t=0.048,cf=CFrame.new(446.816,688.608,-741.907,0.805,0.000,-0.593,0.000,1.000,0.000,0.593,0.000,0.805),s="Running",v=Vector3.new(0.000,0.005,0.000)},
        {t=0.068,cf=CFrame.new(446.816,688.608,-741.907,0.805,0.000,-0.593,0.000,1.000,0.000,0.593,0.000,0.805),s="Running",v=Vector3.new(0.000,0.005,0.000)},
        {t=0.080,cf=CFrame.new(446.816,688.608,-741.907,0.805,0.000,-0.593,0.000,1.000,0.000,0.593,0.000,0.805),s="Running",v=Vector3.new(0.000,0.005,0.000)},
        {t=0.092,cf=CFrame.new(446.816,688.608,-741.907,0.805,0.000,-0.593,0.000,1.000,0.000,0.593,0.000,0.805),s="Running",v=Vector3.new(0.000,0.005,0.000)},
        {t=0.112,cf=CFrame.new(446.816,688.608,-741.907,0.805,0.000,-0.593,0.000,1.000,0.000,0.593,0.000,0.805),s="Running",v=Vector3.new(0.000,0.005,0.000)},
        {t=0.121,cf=CFrame.new(446.816,688.608,-741.907,0.805,0.000,-0.593,0.000,1.000,0.000,0.593,0.000,0.805),s="Running",v=Vector3.new(0.000,0.005,0.000)},
        {t=0.129,cf=CFrame.new(446.816,688.608,-741.907,0.805,0.000,-0.593,0.000,1.000,0.000,0.593,0.000,0.805),s="Running",v=Vector3.new(0.000,0.005,0.000)},
        {t=0.139,cf=CFrame.new(446.816,688.608,-741.907,0.805,0.000,-0.593,0.000,1.000,0.000,0.593,0.000,0.805),s="Running",v=Vector3.new(0.000,0.005,0.000)},
        {t=0.149,cf=CFrame.new(446.816,688.608,-741.907,0.805,-0.000,-0.593,0.000,1.000,-0.000,0.593,0.000,0.805),s="Running",v=Vector3.new(-0.000,0.005,0.000)},
        {t=0.158,cf=CFrame.new(446.816,688.608,-741.907,0.805,-0.000,-0.593,0.000,1.000,-0.000,0.593,0.000,0.805),s="Running",v=Vector3.new(-0.000,0.005,0.000)},
        {t=0.165,cf=CFrame.new(446.816,688.608,-741.907,0.805,-0.000,-0.593,0.000,1.000,-0.000,0.593,0.000,0.805),s="Running",v=Vector3.new(-0.000,0.005,0.000)},
        {t=0.172,cf=CFrame.new(446.816,688.608,-741.907,0.805,-0.000,-0.594,0.000,1.000,-0.000,0.594,0.000,0.805),s="Running",v=Vector3.new(-0.000,0.005,0.000)},
        {t=0.179,cf=CFrame.new(446.816,688.608,-741.907,0.804,-0.000,-0.594,0.000,1.000,-0.000,0.594,0.000,0.804),s="Running",v=Vector3.new(-0.000,0.005,0.000)},
        {t=0.188,cf=CFrame.new(446.816,688.608,-741.907,0.803,-0.000,-0.596,0.000,1.000,-0.000,0.596,0.000,0.803),s="Running",v=Vector3.new(-0.000,0.005,0.000)},
        {t=0.196,cf=CFrame.new(446.816,688.608,-741.907,0.802,-0.000,-0.597,0.000,1.000,-0.000,0.597,0.000,0.802),s="Running",v=Vector3.new(-0.000,0.005,0.000)},
        {t=0.204,cf=CFrame.new(446.816,688.608,-741.907,0.800,-0.000,-0.600,0.000,1.000,-0.000,0.600,0.000,0.800),s="Running",v=Vector3.new(-0.000,0.005,0.000)},
        {t=0.210,cf=CFrame.new(446.816,688.608,-741.907,0.798,-0.000,-0.602,0.000,1.000,-0.000,0.602,0.000,0.798),s="Running",v=Vector3.new(-0.000,0.005,0.000)},
        {t=0.216,cf=CFrame.new(446.816,688.608,-741.907,0.796,-0.000,-0.606,0.000,1.000,-0.000,0.606,0.000,0.796),s="Running",v=Vector3.new(-0.000,0.005,0.000)},
        {t=0.222,cf=CFrame.new(446.816,688.608,-741.907,0.793,-0.000,-0.609,0.000,1.000,-0.000,0.609,0.000,0.793),s="Running",v=Vector3.new(-0.000,0.005,0.000)},
        {t=0.227,cf=CFrame.new(446.816,688.608,-741.907,0.790,-0.000,-0.613,0.000,1.000,-0.000,0.613,0.000,0.790),s="Running",v=Vector3.new(-0.000,0.005,0.000)},
        {t=0.233,cf=CFrame.new(446.816,688.608,-741.907,0.787,-0.000,-0.617,0.000,1.000,-0.000,0.617,0.000,0.787),s="Running",v=Vector3.new(-0.000,0.005,0.000)},
        {t=0.240,cf=CFrame.new(446.819,688.608,-741.909,0.783,-0.000,-0.622,0.000,1.000,-0.000,0.622,0.000,0.783),s="Running",v=Vector3.new(4.177,0.005,-4.453)},
        {t=0.245,cf=CFrame.new(446.830,688.608,-741.921,0.780,-0.000,-0.626,0.000,1.000,-0.000,0.626,0.000,0.780),s="Running",v=Vector3.new(7.518,0.005,-7.896)},
        {t=0.251,cf=CFrame.new(446.861,688.608,-741.954,0.776,-0.000,-0.631,0.000,1.000,-0.000,0.631,0.000,0.776),s="Running",v=Vector3.new(10.472,0.005,-10.900)},
        {t=0.255,cf=CFrame.new(446.899,688.608,-741.993,0.773,-0.000,-0.634,0.000,1.000,-0.000,0.634,0.000,0.773),s="Running",v=Vector3.new(14.371,0.005,-14.877)},
        {t=0.260,cf=CFrame.new(446.954,688.608,-742.050,0.770,-0.000,-0.638,0.000,1.000,-0.000,0.638,0.000,0.770),s="Running",v=Vector3.new(17.732,0.005,-18.220)},
        {t=0.265,cf=CFrame.new(447.026,688.608,-742.124,0.766,-0.000,-0.643,0.000,1.000,-0.000,0.643,0.000,0.766),s="Running",v=Vector3.new(21.352,0.005,-21.667)},
        {t=0.272,cf=CFrame.new(447.181,688.608,-742.281,0.761,-0.000,-0.648,0.000,1.000,-0.000,0.648,0.000,0.761),s="Running",v=Vector3.new(25.910,0.005,-25.626)},
        {t=0.278,cf=CFrame.new(447.301,688.608,-742.400,0.756,-0.000,-0.654,0.000,1.000,-0.000,0.654,0.000,0.756),s="Running",v=Vector3.new(32.266,0.005,-31.128)},
        {t=0.283,cf=CFrame.new(447.441,688.608,-742.535,0.753,-0.000,-0.659,0.000,1.000,-0.000,0.659,0.000,0.753),s="Running",v=Vector3.new(36.459,0.005,-34.435)},
        {t=0.288,cf=CFrame.new(447.720,688.608,-742.799,0.748,-0.000,-0.664,0.000,1.000,-0.000,0.664,0.000,0.748),s="Running",v=Vector3.new(39.323,0.005,-36.138)},
        {t=0.293,cf=CFrame.new(447.888,688.608,-742.954,0.743,-0.000,-0.669,0.000,1.000,-0.000,0.669,0.000,0.743),s="Running",v=Vector3.new(42.193,0.005,-37.737)},
        {t=0.298,cf=CFrame.new(448.078,688.608,-743.124,0.738,-0.000,-0.674,0.000,1.000,-0.000,0.674,0.000,0.738),s="Running",v=Vector3.new(43.808,0.005,-37.918)},
        {t=0.305,cf=CFrame.new(448.429,688.608,-743.428,0.732,-0.000,-0.681,0.000,1.000,-0.000,0.681,0.000,0.732),s="Running",v=Vector3.new(43.819,0.005,-36.772)},
        {t=0.315,cf=CFrame.new(448.803,688.608,-743.742,0.720,-0.000,-0.694,0.000,1.000,-0.000,0.694,0.000,0.720),s="Running",v=Vector3.new(44.593,0.005,-35.562)},
        {t=0.325,cf=CFrame.new(449.192,688.608,-744.053,0.707,-0.000,-0.707,0.000,1.000,-0.000,0.707,0.000,0.707),s="Running",v=Vector3.new(45.577,0.005,-34.225)},
        {t=0.332,cf=CFrame.new(449.562,688.608,-744.332,0.698,-0.000,-0.716,0.000,1.000,-0.000,0.716,0.000,0.698),s="Running",v=Vector3.new(46.385,0.005,-33.106)},
        {t=0.339,cf=CFrame.new(449.930,688.608,-744.596,0.689,-0.000,-0.725,0.000,1.000,-0.000,0.725,0.000,0.689),s="Running",v=Vector3.new(47.031,0.005,-32.181)},
        {t=0.346,cf=CFrame.new(450.168,688.608,-744.760,0.678,-0.000,-0.735,0.000,1.000,-0.000,0.735,0.000,0.678),s="Running",v=Vector3.new(48.751,0.005,-31.630)},
        {t=0.352,cf=CFrame.new(450.564,688.608,-745.019,0.669,-0.000,-0.744,0.000,1.000,-0.000,0.744,0.000,0.669),s="Running",v=Vector3.new(48.579,0.005,-30.330)},
        {t=0.358,cf=CFrame.new(450.789,688.608,-745.161,0.659,-0.000,-0.752,0.000,1.000,-0.000,0.752,0.000,0.659),s="Running",v=Vector3.new(49.855,0.005,-30.001)},
        {t=0.363,cf=CFrame.new(451.185,688.608,-745.402,0.650,-0.000,-0.760,0.000,1.000,-0.000,0.760,0.000,0.650),s="Running",v=Vector3.new(49.644,0.005,-28.587)},
        {t=0.370,cf=CFrame.new(451.419,688.608,-745.539,0.639,-0.000,-0.769,0.000,1.000,-0.000,0.769,0.000,0.639),s="Running",v=Vector3.new(50.972,-0.728,-28.066)},
        {t=0.375,cf=CFrame.new(451.650,688.606,-745.669,0.630,-0.000,-0.777,0.000,1.000,-0.000,0.777,0.000,0.630),s="Running",v=Vector3.new(51.596,-1.638,-27.388)},
        {t=0.382,cf=CFrame.new(452.061,688.599,-745.891,0.618,-0.000,-0.787,0.000,1.000,-0.000,0.787,0.000,0.618),s="Running",v=Vector3.new(50.964,-2.569,-26.294)},
        {t=0.391,cf=CFrame.new(452.501,688.563,-746.121,0.602,-0.000,-0.798,0.000,1.000,-0.000,0.798,0.000,0.602),s="Running",v=Vector3.new(51.249,-5.887,-25.132)},
        {t=0.399,cf=CFrame.new(452.939,688.498,-746.339,0.588,-0.000,-0.809,0.000,1.000,-0.000,0.809,0.000,0.588),s="Running",v=Vector3.new(51.772,-9.011,-23.874)},
        {t=0.407,cf=CFrame.new(453.363,688.409,-746.538,0.574,-0.000,-0.819,0.000,1.000,-0.000,0.819,0.000,0.574),s="Running",v=Vector3.new(51.563,-10.891,-22.657)},
        {t=0.416,cf=CFrame.new(453.810,688.302,-746.740,0.555,-0.000,-0.832,0.000,1.000,-0.000,0.832,0.000,0.555),s="Running",v=Vector3.new(51.814,-12.765,-21.633)},
        {t=0.424,cf=CFrame.new(454.242,688.181,-746.924,0.541,-0.000,-0.841,0.000,1.000,-0.000,0.841,0.000,0.541),s="Running",v=Vector3.new(52.144,-14.381,-20.711)},
        {t=0.432,cf=CFrame.new(454.666,688.049,-747.097,0.527,-0.000,-0.850,0.000,1.000,-0.000,0.850,0.000,0.527),s="Running",v=Vector3.new(52.459,-15.783,-19.867)},
        {t=0.438,cf=CFrame.new(454.918,688.011,-747.196,0.515,-0.000,-0.857,0.000,1.000,-0.000,0.857,0.000,0.515),s="Running",v=Vector3.new(54.099,-8.175,-19.647)},
        {t=0.446,cf=CFrame.new(455.365,687.986,-747.363,0.501,-0.000,-0.866,0.000,1.000,-0.000,0.866,0.000,0.501),s="Running",v=Vector3.new(53.392,-1.019,-18.347)},
        {t=0.452,cf=CFrame.new(455.619,687.986,-747.455,0.489,-0.000,-0.872,0.000,1.000,-0.000,0.872,0.000,0.489),s="Running",v=Vector3.new(54.758,0.892,-18.020)},
        {t=0.459,cf=CFrame.new(456.071,687.996,-747.608,0.475,-0.000,-0.880,0.000,1.000,-0.000,0.880,0.000,0.475),s="Running",v=Vector3.new(53.887,1.933,-16.924)},
        {t=0.465,cf=CFrame.new(456.495,688.008,-747.746,0.464,-0.000,-0.886,0.000,1.000,-0.000,0.886,0.000,0.464),s="Running",v=Vector3.new(53.860,1.987,-16.006)},
        {t=0.470,cf=CFrame.new(456.747,688.014,-747.825,0.453,-0.000,-0.892,0.000,1.000,-0.000,0.892,0.000,0.453),s="Running",v=Vector3.new(55.387,1.851,-15.739)},
        {t=0.475,cf=CFrame.new(457.007,688.020,-747.902,0.444,-0.000,-0.896,0.000,1.000,-0.000,0.896,0.000,0.444),s="Running",v=Vector3.new(55.870,1.587,-15.309)},
        {t=0.481,cf=CFrame.new(457.448,688.029,-748.028,0.434,-0.000,-0.901,0.000,1.000,-0.000,0.901,0.000,0.434),s="Running",v=Vector3.new(54.629,1.354,-14.631)},
        {t=0.487,cf=CFrame.new(457.703,688.032,-748.101,0.422,-0.000,-0.906,0.000,1.000,-0.000,0.906,0.000,0.422),s="Running",v=Vector3.new(55.784,1.233,-14.643)},
        {t=0.494,cf=CFrame.new(458.148,688.038,-748.223,0.411,-0.000,-0.912,0.000,1.000,-0.000,0.912,0.000,0.411),s="Running",v=Vector3.new(54.756,0.951,-13.887)},
        {t=0.502,cf=CFrame.new(458.611,688.043,-748.347,0.398,-0.000,-0.918,0.000,1.000,-0.000,0.918,0.000,0.398),s="Running",v=Vector3.new(54.530,0.666,-13.578)},
        {t=0.509,cf=CFrame.new(458.887,688.045,-748.420,0.388,-0.000,-0.922,0.000,1.000,-0.000,0.922,0.000,0.388),s="Running",v=Vector3.new(55.907,0.533,-13.801)},
        {t=0.516,cf=CFrame.new(459.351,688.047,-748.539,0.378,-0.000,-0.926,0.000,1.000,-0.000,0.926,0.000,0.378),s="Running",v=Vector3.new(54.834,0.393,-13.489)},
        {t=0.524,cf=CFrame.new(459.818,688.049,-748.659,0.368,-0.000,-0.930,0.000,1.000,-0.000,0.930,0.000,0.368),s="Running",v=Vector3.new(54.566,0.294,-13.410)},
        {t=0.541,cf=CFrame.new(460.438,688.050,-748.821,0.348,-0.000,-0.937,0.000,1.000,-0.000,0.937,0.000,0.348),s="Running",v=Vector3.new(54.499,0.177,-13.390)},
        {t=0.550,cf=CFrame.new(461.212,688.052,-749.016,0.339,-0.000,-0.941,0.000,1.000,-0.000,0.941,0.000,0.339),s="Running",v=Vector3.new(51.640,0.113,-12.686)},
        {t=0.561,cf=CFrame.new(461.849,688.053,-749.177,0.328,-0.000,-0.945,0.000,1.000,-0.000,0.945,0.000,0.328),s="Running",v=Vector3.new(52.346,0.074,-12.860)},
        {t=0.570,cf=CFrame.new(462.313,688.053,-749.295,0.321,-0.000,-0.947,0.000,1.000,-0.000,0.947,0.000,0.321),s="Running",v=Vector3.new(53.944,0.056,-13.253)},
        {t=0.579,cf=CFrame.new(462.802,688.053,-749.418,0.314,-0.000,-0.949,0.000,1.000,-0.000,0.949,0.000,0.314),s="Running",v=Vector3.new(54.344,0.041,-13.351)},
        {t=0.590,cf=CFrame.new(463.322,688.053,-749.550,0.306,-0.000,-0.952,0.000,1.000,-0.000,0.952,0.000,0.306),s="Running",v=Vector3.new(54.444,0.028,-13.375)},
        {t=0.600,cf=CFrame.new(463.980,688.054,-749.715,0.300,-0.000,-0.954,0.000,1.000,-0.000,0.954,0.000,0.300),s="Running",v=Vector3.new(53.046,0.019,-13.039)},
        {t=0.609,cf=CFrame.new(464.435,688.054,-749.829,0.295,-0.000,-0.956,0.000,1.000,-0.000,0.956,0.000,0.295),s="Running",v=Vector3.new(54.110,0.016,-13.333)},
        {t=0.619,cf=CFrame.new(465.067,688.054,-749.987,0.289,-0.000,-0.957,0.000,1.000,-0.000,0.957,0.000,0.289),s="Running",v=Vector3.new(52.946,0.010,-13.093)},
        {t=0.627,cf=CFrame.new(465.519,688.054,-750.101,0.286,-0.000,-0.958,0.000,1.000,-0.000,0.958,0.000,0.286),s="Running",v=Vector3.new(54.077,0.007,-13.382)},
        {t=0.636,cf=CFrame.new(465.986,688.054,-750.218,0.282,-0.000,-0.959,0.000,1.000,-0.000,0.959,0.000,0.282),s="Running",v=Vector3.new(54.359,0.005,-13.455)},
        {t=0.642,cf=CFrame.new(466.254,688.054,-750.286,0.280,-0.000,-0.960,0.000,1.000,-0.000,0.960,0.000,0.280),s="Running",v=Vector3.new(55.846,0.005,-13.845)},
        {t=0.648,cf=CFrame.new(466.722,688.054,-750.403,0.278,-0.000,-0.961,0.000,1.000,-0.000,0.961,0.000,0.278),s="Running",v=Vector3.new(54.779,0.004,-13.662)},
        {t=0.656,cf=CFrame.new(467.038,688.054,-750.483,0.275,-0.000,-0.961,0.000,1.000,-0.000,0.961,0.000,0.275),s="Running",v=Vector3.new(55.910,0.005,-14.060)},
        {t=0.663,cf=CFrame.new(467.539,688.054,-750.610,0.274,-0.000,-0.962,0.000,1.000,-0.000,0.962,0.000,0.274),s="Running",v=Vector3.new(54.749,0.004,-13.897)},
        {t=0.672,cf=CFrame.new(468.186,688.054,-750.775,0.272,-0.000,-0.962,0.000,1.000,-0.000,0.962,0.000,0.272),s="Running",v=Vector3.new(52.991,0.004,-13.686)},
        {t=0.680,cf=CFrame.new(468.490,688.054,-750.854,0.271,-0.000,-0.963,0.000,1.000,-0.000,0.963,0.000,0.271),s="Running",v=Vector3.new(55.337,0.005,-14.553)},
        {t=0.687,cf=CFrame.new(468.972,688.054,-750.981,0.271,-0.000,-0.963,0.000,1.000,-0.000,0.963,0.000,0.271),s="Running",v=Vector3.new(54.465,0.004,-14.558)},
        {t=0.692,cf=CFrame.new(469.243,688.054,-751.054,0.271,-0.000,-0.963,0.000,1.000,-0.000,0.963,0.000,0.271),s="Running",v=Vector3.new(55.597,0.005,-15.171)},
        {t=0.698,cf=CFrame.new(469.692,688.054,-751.176,0.271,-0.000,-0.963,0.000,1.000,-0.000,0.963,0.000,0.271),s="Running",v=Vector3.new(54.423,0.004,-15.103)},
        {t=0.703,cf=CFrame.new(469.972,688.054,-751.253,0.271,-0.000,-0.963,0.000,1.000,-0.000,0.963,0.000,0.271),s="Running",v=Vector3.new(55.495,0.005,-15.636)},
        {t=0.708,cf=CFrame.new(470.250,688.054,-751.331,0.272,-0.000,-0.962,0.000,1.000,-0.000,0.962,0.000,0.272),s="Running",v=Vector3.new(55.712,0.005,-15.949)},
        {t=0.713,cf=CFrame.new(470.525,688.054,-751.409,0.272,-0.000,-0.962,0.000,1.000,-0.000,0.962,0.000,0.272),s="Running",v=Vector3.new(55.718,0.005,-16.194)},
        {t=0.718,cf=CFrame.new(470.975,688.054,-751.539,0.273,-0.000,-0.962,0.000,1.000,-0.000,0.962,0.000,0.273),s="Running",v=Vector3.new(54.265,0.004,-16.012)},
        {t=0.723,cf=CFrame.new(471.227,688.054,-751.612,0.274,-0.000,-0.962,0.000,1.000,-0.000,0.962,0.000,0.274),s="Running",v=Vector3.new(55.253,0.005,-16.555)},
        {t=0.727,cf=CFrame.new(471.490,688.054,-751.690,0.275,-0.000,-0.961,0.000,1.000,-0.000,0.961,0.000,0.275),s="Running",v=Vector3.new(55.443,0.005,-16.880)},
        {t=0.732,cf=CFrame.new(471.750,688.054,-751.767,0.277,-0.000,-0.961,0.000,1.000,-0.000,0.961,0.000,0.277),s="Running",v=Vector3.new(55.430,0.005,-17.157)},
        {t=0.737,cf=CFrame.new(472.012,688.054,-751.847,0.278,-0.000,-0.961,0.000,1.000,-0.000,0.961,0.000,0.278),s="Running",v=Vector3.new(55.367,0.005,-17.417)},
        {t=0.741,cf=CFrame.new(472.270,688.054,-751.927,0.279,-0.000,-0.960,0.000,1.000,-0.000,0.960,0.000,0.279),s="Running",v=Vector3.new(55.300,0.005,-17.642)},
        {t=0.747,cf=CFrame.new(472.712,688.054,-752.066,0.281,-0.000,-0.960,0.000,1.000,-0.000,0.960,0.000,0.281),s="Running",v=Vector3.new(53.830,0.004,-17.435)},
        {t=0.751,cf=CFrame.new(472.962,688.054,-752.145,0.283,-0.000,-0.959,0.000,1.000,-0.000,0.959,0.000,0.283),s="Running",v=Vector3.new(54.808,0.005,-17.980)},
        {t=0.756,cf=CFrame.new(473.217,688.054,-752.228,0.285,-0.000,-0.959,0.000,1.000,-0.000,0.959,0.000,0.285),s="Running",v=Vector3.new(55.012,0.005,-18.237)},
        {t=0.761,cf=CFrame.new(473.473,688.054,-752.310,0.286,-0.000,-0.958,0.000,1.000,-0.000,0.958,0.000,0.286),s="Running",v=Vector3.new(55.023,0.005,-18.422)},
        {t=0.766,cf=CFrame.new(473.728,688.054,-752.394,0.288,-0.000,-0.958,0.000,1.000,-0.000,0.958,0.000,0.288),s="Running",v=Vector3.new(54.996,0.005,-18.557)},
        {t=0.772,cf=CFrame.new(474.171,688.054,-752.541,0.290,-0.000,-0.957,0.000,1.000,-0.000,0.957,0.000,0.290),s="Running",v=Vector3.new(53.567,0.004,-18.226)},
        {t=0.777,cf=CFrame.new(474.422,688.054,-752.625,0.292,-0.000,-0.956,0.000,1.000,-0.000,0.956,0.000,0.292),s="Running",v=Vector3.new(54.581,0.005,-18.657)},
        {t=0.782,cf=CFrame.new(474.681,688.054,-752.711,0.294,-0.000,-0.956,0.000,1.000,-0.000,0.956,0.000,0.294),s="Running",v=Vector3.new(54.817,0.005,-18.817)},
        {t=0.786,cf=CFrame.new(474.939,688.054,-752.799,0.295,-0.000,-0.955,0.000,1.000,-0.000,0.955,0.000,0.295),s="Running",v=Vector3.new(54.870,0.005,-18.875)},
        {t=0.791,cf=CFrame.new(475.368,688.054,-752.945,0.296,-0.000,-0.955,0.000,1.000,-0.000,0.955,0.000,0.296),s="Running",v=Vector3.new(53.495,0.004,-18.425)},
        {t=0.796,cf=CFrame.new(475.616,688.054,-753.028,0.298,-0.000,-0.955,0.000,1.000,-0.000,0.955,0.000,0.298),s="Running",v=Vector3.new(54.521,0.005,-18.831)},
        {t=0.802,cf=CFrame.new(475.865,688.054,-753.113,0.300,-0.000,-0.954,0.000,1.000,-0.000,0.954,0.000,0.300),s="Running",v=Vector3.new(54.772,0.005,-18.948)},
        {t=0.807,cf=CFrame.new(476.127,688.054,-753.202,0.301,-0.000,-0.954,0.000,1.000,-0.000,0.954,0.000,0.301),s="Running",v=Vector3.new(54.787,0.005,-19.114)},
        {t=0.812,cf=CFrame.new(476.561,688.054,-753.351,0.303,-0.000,-0.953,0.000,1.000,-0.000,0.953,0.000,0.303),s="Running",v=Vector3.new(53.394,0.004,-18.715)},
        {t=0.819,cf=CFrame.new(476.820,688.054,-753.440,0.305,-0.000,-0.952,0.000,1.000,-0.000,0.952,0.000,0.305),s="Running",v=Vector3.new(54.392,0.005,-19.200)},
        {t=0.824,cf=CFrame.new(477.076,688.054,-753.529,0.307,-0.000,-0.952,0.000,1.000,-0.000,0.952,0.000,0.307),s="Running",v=Vector3.new(54.604,0.005,-19.426)},
        {t=0.830,cf=CFrame.new(477.339,688.054,-753.621,0.309,-0.000,-0.951,0.000,1.000,-0.000,0.951,0.000,0.309),s="Running",v=Vector3.new(54.611,0.005,-19.610)},
        {t=0.836,cf=CFrame.new(477.787,688.054,-753.781,0.311,-0.000,-0.950,0.000,1.000,-0.000,0.950,0.000,0.311),s="Running",v=Vector3.new(53.185,0.004,-19.300)},
        {t=0.844,cf=CFrame.new(478.241,688.054,-753.943,0.314,-0.000,-0.949,0.000,1.000,-0.000,0.949,0.000,0.314),s="Running",v=Vector3.new(52.753,0.004,-19.428)},
        {t=0.850,cf=CFrame.new(478.503,688.054,-754.037,0.317,-0.000,-0.948,0.000,1.000,-0.000,0.948,0.000,0.317),s="Running",v=Vector3.new(53.946,0.005,-20.161)},
        {t=0.856,cf=CFrame.new(478.943,688.054,-754.200,0.320,-0.000,-0.948,0.000,1.000,-0.000,0.948,0.000,0.320),s="Running",v=Vector3.new(52.797,0.004,-20.033)},
        {t=0.864,cf=CFrame.new(479.213,688.054,-754.300,0.323,-0.000,-0.946,0.000,1.000,-0.000,0.946,0.000,0.323),s="Running",v=Vector3.new(53.792,0.005,-20.743)},
        {t=0.870,cf=CFrame.new(479.672,688.054,-754.475,0.326,-0.000,-0.945,0.000,1.000,-0.000,0.945,0.000,0.326),s="Running",v=Vector3.new(52.577,0.004,-20.645)},
        {t=0.876,cf=CFrame.new(480.102,688.054,-754.642,0.329,-0.000,-0.944,0.000,1.000,-0.000,0.944,0.000,0.329),s="Running",v=Vector3.new(52.233,0.004,-20.724)},
        {t=0.881,cf=CFrame.new(480.348,688.054,-754.738,0.331,-0.000,-0.944,0.000,1.000,-0.000,0.944,0.000,0.331),s="Running",v=Vector3.new(53.475,0.005,-21.364)},
        {t=0.887,cf=CFrame.new(480.610,688.054,-754.840,0.334,-0.000,-0.943,0.000,1.000,-0.000,0.943,0.000,0.334),s="Running",v=Vector3.new(53.727,0.005,-21.669)},
        {t=0.893,cf=CFrame.new(481.045,688.054,-755.014,0.336,-0.000,-0.942,0.000,1.000,-0.000,0.942,0.000,0.336),s="Running",v=Vector3.new(52.405,0.004,-21.265)},
        {t=0.899,cf=CFrame.new(481.303,688.054,-755.116,0.339,-0.000,-0.941,0.000,1.000,-0.000,0.941,0.000,0.339),s="Running",v=Vector3.new(53.413,0.005,-21.760)},
        {t=0.905,cf=CFrame.new(481.573,688.054,-755.224,0.341,-0.000,-0.940,0.000,1.000,-0.000,0.940,0.000,0.341),s="Running",v=Vector3.new(53.639,0.005,-21.946)},
        {t=0.910,cf=CFrame.new(481.998,688.054,-755.396,0.343,-0.000,-0.939,0.000,1.000,-0.000,0.939,0.000,0.343),s="Running",v=Vector3.new(52.316,0.004,-21.498)},
        {t=0.917,cf=CFrame.new(482.263,688.054,-755.503,0.346,-0.000,-0.938,0.000,1.000,-0.000,0.938,0.000,0.346),s="Running",v=Vector3.new(53.302,0.005,-22.034)},
        {t=0.923,cf=CFrame.new(482.702,688.054,-755.682,0.349,-0.000,-0.937,0.000,1.000,-0.000,0.937,0.000,0.349),s="Running",v=Vector3.new(52.156,0.004,-21.703)},
        {t=0.932,cf=CFrame.new(483.154,688.054,-755.868,0.352,-0.000,-0.936,0.000,1.000,-0.000,0.936,0.000,0.352),s="Running",v=Vector3.new(51.777,0.004,-21.841)},
        {t=0.939,cf=CFrame.new(483.587,688.054,-756.048,0.356,-0.000,-0.935,0.000,1.000,-0.000,0.935,0.000,0.356),s="Running",v=Vector3.new(51.594,0.004,-22.081)},
        {t=0.946,cf=CFrame.new(484.008,688.054,-756.226,0.359,-0.000,-0.933,0.000,1.000,-0.000,0.933,0.000,0.359),s="Running",v=Vector3.new(51.456,0.004,-22.356)},
        {t=0.953,cf=CFrame.new(484.268,688.054,-756.337,0.363,-0.000,-0.932,0.000,1.000,-0.000,0.932,0.000,0.363),s="Running",v=Vector3.new(52.646,0.005,-23.275)},
        {t=0.961,cf=CFrame.new(484.703,688.054,-756.527,0.367,-0.000,-0.930,0.000,1.000,-0.000,0.930,0.000,0.367),s="Running",v=Vector3.new(51.495,0.004,-23.158)},
        {t=0.970,cf=CFrame.new(485.163,688.054,-756.731,0.372,-0.000,-0.928,0.000,1.000,-0.000,0.928,0.000,0.372),s="Running",v=Vector3.new(51.045,0.004,-23.483)},
        {t=0.977,cf=CFrame.new(485.603,688.054,-756.931,0.377,-0.000,-0.926,0.000,1.000,-0.000,0.926,0.000,0.377),s="Running",v=Vector3.new(50.784,0.004,-23.880)},
        {t=0.985,cf=CFrame.new(486.042,688.054,-757.134,0.382,-0.000,-0.924,0.000,1.000,-0.000,0.924,0.000,0.382),s="Running",v=Vector3.new(50.600,0.004,-24.229)},
        {t=0.993,cf=CFrame.new(486.474,688.054,-757.338,0.386,-0.000,-0.922,0.000,1.000,-0.000,0.922,0.000,0.386),s="Running",v=Vector3.new(50.419,0.004,-24.594)},
        {t=1.001,cf=CFrame.new(486.753,688.054,-757.470,0.392,-0.000,-0.920,0.000,1.000,-0.000,0.920,0.000,0.392),s="Running",v=Vector3.new(51.574,0.005,-25.559)},
        {t=1.008,cf=CFrame.new(487.184,688.054,-757.681,0.396,-0.000,-0.918,0.000,1.000,-0.000,0.918,0.000,0.396),s="Running",v=Vector3.new(50.425,0.004,-25.402)},
        {t=1.014,cf=CFrame.new(487.592,688.054,-757.884,0.400,-0.000,-0.917,0.000,1.000,-0.000,0.917,0.000,0.400),s="Running",v=Vector3.new(50.055,0.004,-25.525)},
        {t=1.021,cf=CFrame.new(487.850,688.054,-758.012,0.405,-0.000,-0.915,0.000,1.000,-0.000,0.915,0.000,0.405),s="Running",v=Vector3.new(51.149,0.005,-26.449)},
        {t=1.027,cf=CFrame.new(488.267,688.054,-758.225,0.408,-0.000,-0.913,0.000,1.000,-0.000,0.913,0.000,0.408),s="Running",v=Vector3.new(50.007,0.004,-26.227)},
        {t=1.034,cf=CFrame.new(488.536,688.054,-758.363,0.413,-0.000,-0.911,0.000,1.000,-0.000,0.911,0.000,0.413),s="Running",v=Vector3.new(50.867,0.005,-27.136)},
        {t=1.041,cf=CFrame.new(488.966,688.054,-758.589,0.418,-0.000,-0.908,0.000,1.000,-0.000,0.908,0.000,0.418),s="Running",v=Vector3.new(49.656,0.004,-26.923)},
        {t=1.048,cf=CFrame.new(489.382,688.054,-758.811,0.423,-0.000,-0.906,0.000,1.000,-0.000,0.906,0.000,0.423),s="Running",v=Vector3.new(49.186,0.004,-27.173)},
        {t=1.054,cf=CFrame.new(489.626,688.054,-758.943,0.428,-0.000,-0.904,0.000,1.000,-0.000,0.904,0.000,0.428),s="Running",v=Vector3.new(50.205,0.005,-28.201)},
        {t=1.060,cf=CFrame.new(490.036,688.054,-759.169,0.433,-0.000,-0.902,0.000,1.000,-0.000,0.902,0.000,0.433),s="Running",v=Vector3.new(49.018,0.004,-28.032)},
        {t=1.073,cf=CFrame.new(490.543,688.054,-759.453,0.443,-0.000,-0.896,0.000,1.000,-0.000,0.896,0.000,0.443),s="Running",v=Vector3.new(48.386,0.004,-28.563)},
        {t=1.079,cf=CFrame.new(490.946,688.054,-759.687,0.448,-0.000,-0.894,0.000,1.000,-0.000,0.894,0.000,0.448),s="Running",v=Vector3.new(48.125,0.004,-28.867)},
        {t=1.087,cf=CFrame.new(491.356,688.054,-759.929,0.454,-0.000,-0.891,0.000,1.000,-0.000,0.891,0.000,0.454),s="Running",v=Vector3.new(47.845,0.004,-29.294)},
        {t=1.092,cf=CFrame.new(491.603,688.054,-760.076,0.459,-0.000,-0.889,0.000,1.000,-0.000,0.889,0.000,0.459),s="Running",v=Vector3.new(48.872,0.005,-30.410)},
        {t=1.099,cf=CFrame.new(492.009,688.054,-760.324,0.464,-0.000,-0.886,0.000,1.000,-0.000,0.886,0.000,0.464),s="Running",v=Vector3.new(47.811,0.004,-30.034)},
        {t=1.106,cf=CFrame.new(492.262,688.054,-760.479,0.469,-0.000,-0.883,0.000,1.000,-0.000,0.883,0.000,0.469),s="Running",v=Vector3.new(48.628,0.005,-30.968)},
        {t=1.111,cf=CFrame.new(492.662,688.054,-760.729,0.473,-0.000,-0.881,0.000,1.000,-0.000,0.881,0.000,0.473),s="Running",v=Vector3.new(47.476,0.004,-30.603)},
        {t=1.117,cf=CFrame.new(492.900,688.054,-760.879,0.477,-0.000,-0.879,0.000,1.000,-0.000,0.879,0.000,0.477),s="Running",v=Vector3.new(48.369,0.005,-31.381)},
        {t=1.122,cf=CFrame.new(493.290,688.054,-761.128,0.481,-0.000,-0.877,0.000,1.000,-0.000,0.877,0.000,0.481),s="Running",v=Vector3.new(47.297,0.004,-30.883)},
        {t=1.127,cf=CFrame.new(493.518,688.054,-761.273,0.485,-0.000,-0.874,0.000,1.000,-0.000,0.874,0.000,0.485),s="Running",v=Vector3.new(48.199,0.005,-31.643)},
        {t=1.133,cf=CFrame.new(493.754,688.054,-761.424,0.489,-0.000,-0.872,0.000,1.000,-0.000,0.872,0.000,0.489),s="Running",v=Vector3.new(48.369,0.005,-31.917)},
        {t=1.139,cf=CFrame.new(494.146,688.054,-761.679,0.493,-0.000,-0.870,0.000,1.000,-0.000,0.870,0.000,0.493),s="Running",v=Vector3.new(47.140,0.004,-31.255)},
        {t=1.144,cf=CFrame.new(494.367,688.054,-761.822,0.496,-0.000,-0.868,0.000,1.000,-0.000,0.868,0.000,0.496),s="Running",v=Vector3.new(48.001,0.005,-31.975)},
        {t=1.149,cf=CFrame.new(494.590,688.054,-761.967,0.499,-0.000,-0.866,0.000,1.000,-0.000,0.866,0.000,0.499),s="Running",v=Vector3.new(48.171,0.005,-32.224)},
        {t=1.155,cf=CFrame.new(494.817,688.054,-762.116,0.502,-0.000,-0.865,0.000,1.000,-0.000,0.865,0.000,0.502),s="Running",v=Vector3.new(48.184,0.005,-32.330)},
        {t=1.160,cf=CFrame.new(495.201,688.054,-762.371,0.505,-0.000,-0.863,0.000,1.000,-0.000,0.863,0.000,0.505),s="Running",v=Vector3.new(46.933,0.004,-31.598)},
        {t=1.165,cf=CFrame.new(495.427,688.054,-762.520,0.508,-0.000,-0.861,0.000,1.000,-0.000,0.861,0.000,0.508),s="Running",v=Vector3.new(47.797,0.005,-32.289)},
        {t=1.170,cf=CFrame.new(495.807,688.054,-762.773,0.511,-0.000,-0.859,0.000,1.000,-0.000,0.859,0.000,0.511),s="Running",v=Vector3.new(46.757,0.004,-31.705)},
        {t=1.176,cf=CFrame.new(496.022,688.054,-762.916,0.514,-0.000,-0.858,0.000,1.000,-0.000,0.858,0.000,0.514),s="Running",v=Vector3.new(47.697,0.005,-32.398)},
        {t=1.181,cf=CFrame.new(496.243,688.054,-763.063,0.517,-0.000,-0.856,0.000,1.000,-0.000,0.856,0.000,0.517),s="Running",v=Vector3.new(47.895,0.005,-32.626)},
        {t=1.187,cf=CFrame.new(496.470,688.054,-763.215,0.520,-0.000,-0.854,0.000,1.000,-0.000,0.854,0.000,0.520),s="Running",v=Vector3.new(47.888,0.005,-32.764)},
        {t=1.192,cf=CFrame.new(496.697,688.056,-763.368,0.522,-0.000,-0.853,0.000,1.000,-0.000,0.853,0.000,0.522),s="Running",v=Vector3.new(47.813,9.326,-32.907)},
        {t=1.197,cf=CFrame.new(497.138,688.487,-763.669,0.525,-0.000,-0.851,0.000,1.000,-0.000,0.851,0.000,0.525),s="Jumping",v=Vector3.new(49.002,52.772,-33.769)},
        {t=1.203,cf=CFrame.new(497.386,688.699,-763.837,0.528,-0.000,-0.849,0.000,1.000,-0.000,0.849,0.000,0.528),s="Freefall",v=Vector3.new(49.118,51.859,-33.984)},
        {t=1.208,cf=CFrame.new(497.626,688.909,-764.001,0.530,-0.000,-0.848,0.000,1.000,-0.000,0.848,0.000,0.530),s="Freefall",v=Vector3.new(49.045,50.956,-34.184)},
        {t=1.213,cf=CFrame.new(498.058,689.312,-764.300,0.533,-0.000,-0.846,0.000,1.000,-0.000,0.846,0.000,0.533),s="Freefall",v=Vector3.new(48.800,49.819,-34.298)},
        {t=1.219,cf=CFrame.new(498.304,689.518,-764.470,0.536,-0.000,-0.844,0.000,1.000,-0.000,0.844,0.000,0.536),s="Freefall",v=Vector3.new(48.719,48.388,-34.612)},
        {t=1.225,cf=CFrame.new(498.551,689.721,-764.643,0.539,-0.000,-0.842,0.000,1.000,-0.000,0.842,0.000,0.539),s="Freefall",v=Vector3.new(48.602,47.226,-34.826)},
        {t=1.231,cf=CFrame.new(498.985,690.102,-764.952,0.542,-0.000,-0.841,0.000,1.000,-0.000,0.841,0.000,0.542),s="Freefall",v=Vector3.new(48.340,45.940,-34.947)},
        {t=1.237,cf=CFrame.new(499.228,690.293,-765.124,0.545,-0.000,-0.838,0.000,1.000,-0.000,0.838,0.000,0.545),s="Freefall",v=Vector3.new(48.292,44.914,-35.206)},
        {t=1.242,cf=CFrame.new(499.648,690.651,-765.429,0.548,-0.000,-0.837,0.000,1.000,-0.000,0.837,0.000,0.548),s="Freefall",v=Vector3.new(48.082,45.417,-35.290)},
        {t=1.248,cf=CFrame.new(499.877,690.834,-765.594,0.550,-0.000,-0.835,0.000,1.000,-0.000,0.835,0.000,0.550),s="Freefall",v=Vector3.new(48.102,43.244,-35.463)},
        {t=1.254,cf=CFrame.new(500.107,691.012,-765.762,0.553,-0.000,-0.833,0.000,1.000,-0.000,0.833,0.000,0.553),s="Freefall",v=Vector3.new(48.078,41.860,-35.545)},
        {t=1.262,cf=CFrame.new(500.541,691.349,-766.080,0.556,-0.000,-0.831,0.000,1.000,-0.000,0.831,0.000,0.556),s="Freefall",v=Vector3.new(47.945,40.188,-35.487)},
        {t=1.270,cf=CFrame.new(500.977,691.674,-766.399,0.559,-0.000,-0.829,0.000,1.000,-0.000,0.829,0.000,0.559),s="Freefall",v=Vector3.new(47.911,38.489,-35.474)},
        {t=1.277,cf=CFrame.new(501.392,691.979,-766.705,0.561,-0.000,-0.828,0.000,1.000,-0.000,0.828,0.000,0.561),s="Freefall",v=Vector3.new(47.902,37.159,-35.471)},
        {t=1.282,cf=CFrame.new(501.612,692.129,-766.866,0.563,-0.000,-0.826,0.000,1.000,-0.000,0.826,0.000,0.563),s="Freefall",v=Vector3.new(48.020,36.261,-35.559)},
        {t=1.288,cf=CFrame.new(501.832,692.276,-767.027,0.565,-0.000,-0.825,0.000,1.000,-0.000,0.825,0.000,0.565),s="Freefall",v=Vector3.new(48.049,35.335,-35.581)},
        {t=1.294,cf=CFrame.new(502.251,692.560,-767.336,0.567,-0.000,-0.824,0.000,1.000,-0.000,0.824,0.000,0.567),s="Freefall",v=Vector3.new(47.937,33.577,-35.498)},
        {t=1.299,cf=CFrame.new(502.467,692.694,-767.494,0.568,-0.000,-0.823,0.000,1.000,-0.000,0.823,0.000,0.568),s="Freefall",v=Vector3.new(48.028,33.016,-35.566)},
        {t=1.305,cf=CFrame.new(502.877,692.954,-767.797,0.570,-0.000,-0.822,0.000,1.000,-0.000,0.822,0.000,0.570),s="Freefall",v=Vector3.new(47.932,31.540,-35.494)},
        {t=1.311,cf=CFrame.new(503.093,693.081,-767.955,0.571,-0.000,-0.821,0.000,1.000,-0.000,0.821,0.000,0.571),s="Freefall",v=Vector3.new(48.027,30.542,-35.565)},
        {t=1.317,cf=CFrame.new(503.308,693.203,-768.113,0.573,-0.000,-0.820,0.000,1.000,-0.000,0.820,0.000,0.573),s="Freefall",v=Vector3.new(48.051,29.708,-35.583)},
        {t=1.322,cf=CFrame.new(503.706,693.432,-768.407,0.574,-0.000,-0.819,0.000,1.000,-0.000,0.819,0.000,0.574),s="Freefall",v=Vector3.new(47.937,28.756,-35.498)},
        {t=1.327,cf=CFrame.new(503.910,693.543,-768.557,0.575,-0.000,-0.818,0.000,1.000,-0.000,0.818,0.000,0.575),s="Freefall",v=Vector3.new(48.028,27.935,-35.566)},
        {t=1.332,cf=CFrame.new(504.121,693.654,-768.713,0.576,-0.000,-0.817,0.000,1.000,-0.000,0.817,0.000,0.576),s="Freefall",v=Vector3.new(48.051,26.723,-35.583)},
        {t=1.339,cf=CFrame.new(504.526,693.861,-769.011,0.577,-0.000,-0.817,0.000,1.000,-0.000,0.817,0.000,0.577),s="Freefall",v=Vector3.new(47.967,25.285,-35.459)},
        {t=1.345,cf=CFrame.new(504.749,693.966,-769.175,0.578,-0.000,-0.816,0.000,1.000,-0.000,0.816,0.000,0.578),s="Freefall",v=Vector3.new(48.091,23.681,-35.481)},
        {t=1.352,cf=CFrame.new(505.161,694.153,-769.478,0.579,-0.000,-0.815,0.000,1.000,-0.000,0.815,0.000,0.579),s="Freefall",v=Vector3.new(48.031,22.213,-35.360)},
        {t=1.357,cf=CFrame.new(505.376,694.243,-769.635,0.579,-0.000,-0.815,0.000,1.000,-0.000,0.815,0.000,0.579),s="Freefall",v=Vector3.new(48.173,21.284,-35.367)},
        {t=1.363,cf=CFrame.new(505.784,694.408,-769.934,0.580,-0.000,-0.815,0.000,1.000,-0.000,0.815,0.000,0.580),s="Freefall",v=Vector3.new(48.136,19.934,-35.215)},
        {t=1.369,cf=CFrame.new(505.999,694.488,-770.090,0.580,-0.000,-0.814,0.000,1.000,-0.000,0.814,0.000,0.580),s="Freefall",v=Vector3.new(48.286,18.958,-35.213)},
        {t=1.374,cf=CFrame.new(506.209,694.564,-770.243,0.581,-0.000,-0.814,0.000,1.000,-0.000,0.814,0.000,0.581),s="Freefall",v=Vector3.new(48.338,18.130,-35.192)},
        {t=1.379,cf=CFrame.new(506.422,694.636,-770.397,0.581,-0.000,-0.814,0.000,1.000,-0.000,0.814,0.000,0.581),s="Freefall",v=Vector3.new(48.386,17.228,-35.139)},
        {t=1.384,cf=CFrame.new(506.824,694.768,-770.689,0.581,-0.000,-0.814,0.000,1.000,-0.000,0.814,0.000,0.581),s="Freefall",v=Vector3.new(48.291,16.051,-35.018)},
        {t=1.389,cf=CFrame.new(507.028,694.830,-770.837,0.582,-0.000,-0.814,0.000,1.000,-0.000,0.814,0.000,0.582),s="Freefall",v=Vector3.new(48.392,15.321,-35.070)},
        {t=1.395,cf=CFrame.new(507.240,694.889,-770.989,0.582,-0.000,-0.813,0.000,1.000,-0.000,0.813,0.000,0.582),s="Freefall",v=Vector3.new(48.436,14.317,-35.057)},
        {t=1.402,cf=CFrame.new(507.640,694.995,-771.278,0.582,-0.000,-0.813,0.000,1.000,-0.000,0.813,0.000,0.582),s="Freefall",v=Vector3.new(48.348,13.069,-34.937)},
        {t=1.407,cf=CFrame.new(507.855,695.047,-771.433,0.582,-0.000,-0.813,0.000,1.000,-0.000,0.813,0.000,0.582),s="Freefall",v=Vector3.new(48.494,11.596,-34.929)},
        {t=1.414,cf=CFrame.new(508.262,695.133,-771.726,0.582,-0.000,-0.813,0.000,1.000,-0.000,0.813,0.000,0.582),s="Freefall",v=Vector3.new(48.415,10.137,-34.833)},
        {t=1.419,cf=CFrame.new(508.474,695.171,-771.877,0.582,-0.000,-0.813,0.000,1.000,-0.000,0.813,0.000,0.582),s="Freefall",v=Vector3.new(48.540,9.198,-34.861)},
        {t=1.425,cf=CFrame.new(508.691,695.207,-772.033,0.582,-0.000,-0.813,0.000,1.000,-0.000,0.813,0.000,0.582),s="Freefall",v=Vector3.new(48.589,8.108,-34.845)},
        {t=1.431,cf=CFrame.new(509.094,695.263,-772.321,0.582,-0.000,-0.813,0.000,1.000,-0.000,0.813,0.000,0.582),s="Freefall",v=Vector3.new(48.492,6.957,-34.736)},
        {t=1.436,cf=CFrame.new(509.302,695.289,-772.470,0.582,-0.000,-0.813,0.000,1.000,-0.000,0.813,0.000,0.582),s="Freefall",v=Vector3.new(48.633,6.101,-34.735)},
        {t=1.448,cf=CFrame.new(509.738,695.330,-772.780,0.581,-0.000,-0.814,0.000,1.000,-0.000,0.814,0.000,0.581),s="Freefall",v=Vector3.new(48.617,3.917,-34.550)},
        {t=1.455,cf=CFrame.new(510.340,695.359,-773.207,0.581,-0.000,-0.814,0.000,1.000,-0.000,0.814,0.000,0.581),s="Freefall",v=Vector3.new(48.519,1.915,-34.378)},
        {t=1.471,cf=CFrame.new(510.630,695.363,-773.411,0.580,-0.000,-0.815,0.000,1.000,-0.000,0.815,0.000,0.580),s="Freefall",v=Vector3.new(48.838,-0.270,-34.365)},
        {t=1.478,cf=CFrame.new(511.425,695.326,-773.970,0.580,-0.000,-0.815,0.000,1.000,-0.000,0.815,0.000,0.580),s="Freefall",v=Vector3.new(48.569,-2.319,-34.080)},
        {t=1.486,cf=CFrame.new(511.834,695.298,-774.256,0.579,-0.000,-0.815,0.000,1.000,-0.000,0.815,0.000,0.579),s="Freefall",v=Vector3.new(48.751,-3.999,-34.173)},
        {t=1.495,cf=CFrame.new(512.248,695.256,-774.546,0.579,-0.000,-0.816,0.000,1.000,-0.000,0.816,0.000,0.579),s="Freefall",v=Vector3.new(48.825,-5.707,-34.155)},
        {t=1.504,cf=CFrame.new(512.663,695.199,-774.835,0.578,-0.000,-0.816,0.000,1.000,-0.000,0.816,0.000,0.578),s="Freefall",v=Vector3.new(48.858,-7.384,-34.130)},
        {t=1.519,cf=CFrame.new(513.462,695.047,-775.393,0.577,-0.000,-0.816,0.000,1.000,-0.000,0.816,0.000,0.577),s="Freefall",v=Vector3.new(48.612,-10.271,-33.968)},
        {t=1.529,cf=CFrame.new(513.869,694.953,-775.677,0.577,-0.000,-0.817,0.000,1.000,-0.000,0.817,0.000,0.577),s="Freefall",v=Vector3.new(48.766,-11.933,-34.139)},
        {t=1.539,cf=CFrame.new(514.285,694.844,-775.968,0.577,-0.000,-0.817,0.000,1.000,-0.000,0.817,0.000,0.577),s="Freefall",v=Vector3.new(48.801,-13.810,-34.187)},
        {t=1.555,cf=CFrame.new(515.100,694.581,-776.538,0.576,-0.000,-0.817,0.000,1.000,-0.000,0.817,0.000,0.576),s="Freefall",v=Vector3.new(48.565,-17.042,-34.028)},
        {t=1.566,cf=CFrame.new(515.701,694.352,-776.959,0.576,-0.000,-0.817,0.000,1.000,-0.000,0.817,0.000,0.576),s="Freefall",v=Vector3.new(48.628,-19.247,-34.074)},
        {t=1.575,cf=CFrame.new(516.116,694.180,-777.249,0.576,-0.000,-0.817,0.000,1.000,-0.000,0.817,0.000,0.576),s="Freefall",v=Vector3.new(48.747,-21.150,-34.199)},
        {t=1.585,cf=CFrame.new(516.543,693.987,-777.549,0.576,-0.000,-0.817,0.000,1.000,-0.000,0.817,0.000,0.576),s="Freefall",v=Vector3.new(48.752,-23.199,-34.264)},
        {t=1.605,cf=CFrame.new(517.245,693.635,-778.043,0.577,-0.000,-0.817,0.000,1.000,-0.000,0.817,0.000,0.577),s="Freefall",v=Vector3.new(48.485,-26.713,-34.402)},
        {t=1.621,cf=CFrame.new(518.428,692.908,-778.883,0.578,-0.000,-0.816,0.000,1.000,-0.000,0.816,0.000,0.578),s="Freefall",v=Vector3.new(47.911,-30.531,-34.377)},
        {t=1.641,cf=CFrame.new(519.113,692.464,-779.377,0.581,-0.000,-0.814,0.000,1.000,-0.000,0.814,0.000,0.581),s="Freefall",v=Vector3.new(47.877,-34.058,-34.980)},
        {t=1.649,cf=CFrame.new(519.891,691.874,-779.946,0.583,-0.000,-0.813,0.000,1.000,-0.000,0.813,0.000,0.583),s="Freefall",v=Vector3.new(47.661,-36.192,-35.162)},
        {t=1.658,cf=CFrame.new(520.282,691.576,-780.235,0.584,-0.000,-0.811,0.000,1.000,-0.000,0.811,0.000,0.584),s="Freefall",v=Vector3.new(47.683,-37.484,-35.603)},
        {t=1.679,cf=CFrame.new(520.852,691.152,-780.668,0.591,-0.000,-0.806,0.000,1.000,-0.000,0.806,0.000,0.591),s="Landed",v=Vector3.new(43.427,-10.948,-33.653)},
        {t=1.689,cf=CFrame.new(521.490,690.878,-781.164,0.595,-0.000,-0.803,0.000,1.000,-0.000,0.803,0.000,0.595),s="Landed",v=Vector3.new(39.929,-11.152,-31.863)},
        {t=1.710,cf=CFrame.new(522.031,690.766,-781.605,0.607,-0.000,-0.794,0.000,1.000,-0.000,0.794,0.000,0.607),s="Landed",v=Vector3.new(39.938,-16.770,-33.644)},
        {t=1.719,cf=CFrame.new(522.557,690.488,-782.049,0.613,-0.000,-0.790,0.000,1.000,-0.000,0.790,0.000,0.613),s="Running",v=Vector3.new(37.944,-19.328,-32.920)},
        {t=1.726,cf=CFrame.new(522.858,690.373,-782.311,0.617,-0.000,-0.787,0.000,1.000,-0.000,0.787,0.000,0.617),s="Running",v=Vector3.new(39.727,34.511,-34.671)},
        {t=1.731,cf=CFrame.new(523.037,690.557,-782.467,0.620,-0.000,-0.784,0.000,1.000,-0.000,0.784,0.000,0.620),s="Running",v=Vector3.new(41.361,47.437,-36.271)},
