-- CFrame Auto Walk Recording
-- Total Frames: 8006
-- Recorded HipHeight: 5.058475494384766

return {
    hipHeight = 5.058475494384766,
    frames = {
        {t=0.007,cf=CFrame.new(7696.867,1192.608,-2562.930,-0.044,0.000,-0.999,0.000,1.000,0.000,0.999,0.000,-0.044),s="Running",v=Vector3.new(0.000,0.010,0.000)},
        {t=0.012,cf=CFrame.new(7696.867,1192.608,-2562.930,-0.044,0.000,-0.999,0.000,1.000,0.000,0.999,0.000,-0.044),s="Running",v=Vector3.new(0.000,0.010,0.000)},
        {t=0.017,cf=CFrame.new(7696.867,1192.608,-2562.930,-0.044,0.000,-0.999,0.000,1.000,0.000,0.999,0.000,-0.044),s="Running",v=Vector3.new(0.000,0.010,0.000)},
        {t=0.021,cf=CFrame.new(7696.867,1192.608,-2562.930,-0.044,0.000,-0.999,0.000,1.000,0.000,0.999,0.000,-0.044),s="Running",v=Vector3.new(0.000,0.010,0.000)},
        {t=0.025,cf=CFrame.new(7696.867,1192.608,-2562.930,-0.044,0.000,-0.999,0.000,1.000,0.000,0.999,0.000,-0.044),s="Running",v=Vector3.new(0.000,0.010,0.000)},
        {t=0.029,cf=CFrame.new(7696.867,1192.608,-2562.930,-0.044,0.000,-0.999,0.000,1.000,0.000,0.999,0.000,-0.044),s="Running",v=Vector3.new(0.000,0.010,0.000)},
        {t=0.032,cf=CFrame.new(7696.867,1192.608,-2562.930,-0.044,0.000,-0.999,0.000,1.000,0.000,0.999,0.000,-0.044),s="Running",v=Vector3.new(0.000,0.010,0.000)},
        {t=0.037,cf=CFrame.new(7696.867,1192.608,-2562.930,-0.044,0.000,-0.999,0.000,1.000,0.000,0.999,0.000,-0.044),s="Running",v=Vector3.new(0.000,0.010,0.000)},
        {t=0.041,cf=CFrame.new(7696.867,1192.608,-2562.930,-0.044,0.000,-0.999,0.000,1.000,0.000,0.999,0.000,-0.044),s="Running",v=Vector3.new(0.000,0.010,0.000)},
        {t=0.047,cf=CFrame.new(7696.867,1192.608,-2562.930,-0.044,0.000,-0.999,0.000,1.000,0.000,0.999,0.000,-0.044),s="Running",v=Vector3.new(0.000,0.010,0.000)},
        {t=0.052,cf=CFrame.new(7696.867,1192.608,-2562.930,-0.044,0.000,-0.999,0.000,1.000,0.000,0.999,0.000,-0.044),s="Running",v=Vector3.new(0.000,0.010,0.000)},
        {t=0.056,cf=CFrame.new(7696.867,1192.608,-2562.930,-0.044,0.000,-0.999,0.000,1.000,0.000,0.999,0.000,-0.044),s="Running",v=Vector3.new(0.000,0.010,0.000)},
        {t=0.060,cf=CFrame.new(7696.867,1192.608,-2562.930,-0.044,0.000,-0.999,0.000,1.000,0.000,0.999,0.000,-0.044),s="Running",v=Vector3.new(0.000,0.010,0.000)},
        {t=0.064,cf=CFrame.new(7696.867,1192.608,-2562.930,-0.044,0.000,-0.999,0.000,1.000,0.000,0.999,0.000,-0.044),s="Running",v=Vector3.new(0.000,0.010,0.000)},
        {t=0.068,cf=CFrame.new(7696.867,1192.608,-2562.930,-0.044,0.000,-0.999,0.000,1.000,0.000,0.999,0.000,-0.044),s="Running",v=Vector3.new(0.000,0.010,0.000)},
        {t=0.072,cf=CFrame.new(7696.867,1192.608,-2562.930,-0.044,0.000,-0.999,0.000,1.000,0.000,0.999,0.000,-0.044),s="Running",v=Vector3.new(0.000,0.010,0.000)},
        {t=0.076,cf=CFrame.new(7696.867,1192.608,-2562.930,-0.044,0.000,-0.999,0.000,1.000,0.000,0.999,0.000,-0.044),s="Running",v=Vector3.new(0.000,0.010,0.000)},
        {t=0.081,cf=CFrame.new(7696.867,1192.608,-2562.930,-0.044,0.000,-0.999,0.000,1.000,0.000,0.999,0.000,-0.044),s="Running",v=Vector3.new(0.000,0.010,0.000)},
        {t=0.086,cf=CFrame.new(7696.867,1192.608,-2562.930,-0.044,0.000,-0.999,0.000,1.000,0.000,0.999,0.000,-0.044),s="Running",v=Vector3.new(0.000,0.010,0.000)},
        {t=0.090,cf=CFrame.new(7696.867,1192.608,-2562.930,-0.044,0.000,-0.999,0.000,1.000,0.000,0.999,0.000,-0.044),s="Running",v=Vector3.new(0.000,0.010,0.000)},
        {t=0.093,cf=CFrame.new(7696.867,1192.608,-2562.930,-0.044,0.000,-0.999,0.000,1.000,0.000,0.999,0.000,-0.044),s="Running",v=Vector3.new(0.000,0.010,0.000)},
        {t=0.098,cf=CFrame.new(7696.867,1192.608,-2562.930,-0.044,0.000,-0.999,0.000,1.000,0.000,0.999,0.000,-0.044),s="Running",v=Vector3.new(0.000,0.010,0.000)},
        {t=0.102,cf=CFrame.new(7696.867,1192.608,-2562.930,-0.044,0.000,-0.999,0.000,1.000,0.000,0.999,0.000,-0.044),s="Running",v=Vector3.new(0.000,0.010,0.000)},
        {t=0.106,cf=CFrame.new(7696.867,1192.608,-2562.930,-0.044,0.000,-0.999,0.000,1.000,0.000,0.999,0.000,-0.044),s="Running",v=Vector3.new(0.000,0.010,0.000)},
        {t=0.110,cf=CFrame.new(7696.867,1192.608,-2562.930,-0.044,0.000,-0.999,0.000,1.000,0.000,0.999,0.000,-0.044),s="Running",v=Vector3.new(0.000,0.010,0.000)},
        {t=0.114,cf=CFrame.new(7696.867,1192.608,-2562.930,-0.044,0.000,-0.999,0.000,1.000,0.000,0.999,0.000,-0.044),s="Running",v=Vector3.new(0.000,0.010,0.000)},
        {t=0.118,cf=CFrame.new(7696.867,1192.608,-2562.930,-0.044,0.000,-0.999,0.000,1.000,0.000,0.999,0.000,-0.044),s="Running",v=Vector3.new(0.000,0.010,0.000)},
        {t=0.122,cf=CFrame.new(7696.867,1192.608,-2562.930,-0.044,0.000,-0.999,0.000,1.000,0.000,0.999,0.000,-0.044),s="Running",v=Vector3.new(0.000,0.010,0.000)},
        {t=0.126,cf=CFrame.new(7696.867,1192.608,-2562.930,-0.044,0.000,-0.999,0.000,1.000,0.000,0.999,0.000,-0.044),s="Running",v=Vector3.new(0.000,0.010,0.000)},
        {t=0.131,cf=CFrame.new(7696.867,1192.608,-2562.930,-0.044,0.000,-0.999,0.000,1.000,0.000,0.999,0.000,-0.044),s="Running",v=Vector3.new(0.000,0.010,0.000)},
        {t=0.136,cf=CFrame.new(7696.867,1192.608,-2562.930,-0.044,0.000,-0.999,0.000,1.000,0.000,0.999,0.000,-0.044),s="Running",v=Vector3.new(0.000,0.010,0.000)},
        {t=0.140,cf=CFrame.new(7696.867,1192.608,-2562.930,-0.044,0.000,-0.999,0.000,1.000,0.000,0.999,0.000,-0.044),s="Running",v=Vector3.new(0.000,0.010,0.000)},
        {t=0.145,cf=CFrame.new(7696.867,1192.608,-2562.930,-0.044,0.000,-0.999,0.000,1.000,0.000,0.999,0.000,-0.044),s="Running",v=Vector3.new(0.000,0.010,0.000)},
        {t=0.149,cf=CFrame.new(7696.867,1192.608,-2562.930,-0.044,0.000,-0.999,0.000,1.000,0.000,0.999,0.000,-0.044),s="Running",v=Vector3.new(0.000,0.010,0.000)},
        {t=0.154,cf=CFrame.new(7696.867,1192.608,-2562.930,-0.044,0.000,-0.999,0.000,1.000,0.000,0.999,0.000,-0.044),s="Running",v=Vector3.new(0.000,0.010,0.000)},
        {t=0.158,cf=CFrame.new(7696.867,1192.608,-2562.930,-0.044,0.000,-0.999,0.000,1.000,0.000,0.999,0.000,-0.044),s="Running",v=Vector3.new(0.000,0.010,0.000)},
        {t=0.163,cf=CFrame.new(7696.867,1192.608,-2562.930,-0.044,0.000,-0.999,0.000,1.000,0.000,0.999,0.000,-0.044),s="Running",v=Vector3.new(0.000,0.010,0.000)},
        {t=0.166,cf=CFrame.new(7696.867,1192.608,-2562.930,-0.044,0.000,-0.999,0.000,1.000,0.000,0.999,0.000,-0.044),s="Running",v=Vector3.new(0.000,0.010,0.000)},
        {t=0.171,cf=CFrame.new(7696.867,1192.608,-2562.930,-0.044,0.000,-0.999,0.000,1.000,0.000,0.999,0.000,-0.044),s="Running",v=Vector3.new(0.000,0.010,0.000)},
        {t=0.176,cf=CFrame.new(7696.867,1192.608,-2562.930,-0.044,0.000,-0.999,0.000,1.000,0.000,0.999,0.000,-0.044),s="Running",v=Vector3.new(0.000,0.010,0.000)},
        {t=0.181,cf=CFrame.new(7696.867,1192.608,-2562.930,-0.044,0.000,-0.999,0.000,1.000,0.000,0.999,0.000,-0.044),s="Running",v=Vector3.new(0.000,0.010,0.000)},
        {t=0.186,cf=CFrame.new(7696.867,1192.608,-2562.930,-0.044,0.000,-0.999,0.000,1.000,0.000,0.999,0.000,-0.044),s="Running",v=Vector3.new(0.000,0.010,0.000)},
        {t=0.190,cf=CFrame.new(7696.867,1192.608,-2562.930,-0.044,0.000,-0.999,0.000,1.000,0.000,0.999,0.000,-0.044),s="Running",v=Vector3.new(0.000,0.010,0.000)},
        {t=0.195,cf=CFrame.new(7696.867,1192.608,-2562.930,-0.044,0.000,-0.999,0.000,1.000,0.000,0.999,0.000,-0.044),s="Running",v=Vector3.new(0.000,0.010,0.000)},
        {t=0.200,cf=CFrame.new(7696.867,1192.608,-2562.930,-0.044,-0.000,-0.999,0.000,1.000,-0.000,0.999,0.000,-0.044),s="Running",v=Vector3.new(0.000,0.010,0.000)},
        {t=0.205,cf=CFrame.new(7696.867,1192.608,-2562.930,-0.044,-0.000,-0.999,0.000,1.000,-0.000,0.999,0.000,-0.044),s="Running",v=Vector3.new(0.000,0.010,0.000)},
        {t=0.211,cf=CFrame.new(7696.867,1192.608,-2562.930,-0.044,0.000,-0.999,0.000,1.000,0.000,0.999,0.000,-0.044),s="Running",v=Vector3.new(0.000,0.010,0.000)},
        {t=0.216,cf=CFrame.new(7696.868,1192.608,-2562.930,-0.044,-0.000,-0.999,0.000,1.000,-0.000,0.999,0.000,-0.044),s="Running",v=Vector3.new(3.491,0.010,0.153)},
        {t=0.222,cf=CFrame.new(7696.879,1192.608,-2562.930,-0.044,-0.000,-0.999,0.000,1.000,-0.000,0.999,0.000,-0.044),s="Running",v=Vector3.new(8.298,0.010,0.364)},
        {t=0.226,cf=CFrame.new(7696.900,1192.608,-2562.929,-0.044,-0.000,-0.999,0.000,1.000,-0.000,0.999,0.000,-0.044),s="Running",v=Vector3.new(12.460,0.010,0.546)},
        {t=0.232,cf=CFrame.new(7696.945,1192.608,-2562.927,-0.044,-0.000,-0.999,0.000,1.000,-0.000,0.999,0.000,-0.044),s="Running",v=Vector3.new(18.310,0.010,0.810)},
        {t=0.238,cf=CFrame.new(7697.055,1192.608,-2562.922,-0.044,-0.000,-0.999,0.000,1.000,-0.000,0.999,0.000,-0.044),s="Running",v=Vector3.new(23.566,0.010,1.057)},
        {t=0.243,cf=CFrame.new(7697.151,1192.608,-2562.917,-0.044,-0.000,-0.999,0.000,1.000,-0.000,0.999,0.000,-0.044),s="Running",v=Vector3.new(30.157,0.010,1.380)},
        {t=0.249,cf=CFrame.new(7697.290,1192.608,-2562.911,-0.045,-0.000,-0.999,0.000,1.000,-0.000,0.999,0.000,-0.045),s="Running",v=Vector3.new(38.239,0.010,1.823)},
        {t=0.254,cf=CFrame.new(7697.466,1192.608,-2562.903,-0.046,-0.000,-0.999,0.000,1.000,-0.000,0.999,0.000,-0.046),s="Running",v=Vector3.new(45.541,0.010,2.284)},
        {t=0.260,cf=CFrame.new(7697.812,1192.608,-2562.886,-0.047,-0.000,-0.999,0.000,1.000,-0.000,0.999,0.000,-0.047),s="Running",v=Vector3.new(47.897,0.010,2.575)},
        {t=0.265,cf=CFrame.new(7698.020,1192.608,-2562.875,-0.049,-0.000,-0.999,0.000,1.000,-0.000,0.999,0.000,-0.049),s="Running",v=Vector3.new(53.158,0.010,3.239)},
        {t=0.271,cf=CFrame.new(7698.255,1192.608,-2562.860,-0.051,-0.000,-0.999,0.000,1.000,-0.000,0.999,0.000,-0.051),s="Running",v=Vector3.new(56.430,0.010,4.134)},
        {t=0.276,cf=CFrame.new(7698.696,1192.608,-2562.828,-0.054,-0.000,-0.999,0.000,1.000,-0.000,0.999,0.000,-0.054),s="Running",v=Vector3.new(56.513,0.010,4.822)},
        {t=0.282,cf=CFrame.new(7698.950,1192.608,-2562.806,-0.058,-0.000,-0.998,0.000,1.000,-0.000,0.998,0.000,-0.058),s="Running",v=Vector3.new(57.720,0.010,5.830)},
        {t=0.288,cf=CFrame.new(7699.208,1192.608,-2562.780,-0.062,-0.000,-0.998,0.000,1.000,-0.000,0.998,0.000,-0.062),s="Running",v=Vector3.new(57.970,0.010,6.740)},
        {t=0.293,cf=CFrame.new(7699.667,1192.608,-2562.727,-0.068,-0.000,-0.998,0.000,1.000,-0.000,0.998,0.000,-0.068),s="Running",v=Vector3.new(56.808,0.010,7.699)},
        {t=0.299,cf=CFrame.new(7699.923,1192.608,-2562.693,-0.075,-0.000,-0.997,0.000,1.000,-0.000,0.997,0.000,-0.075),s="Running",v=Vector3.new(57.427,-0.977,9.387)},
        {t=0.304,cf=CFrame.new(7700.180,1192.605,-2562.652,-0.082,-0.000,-0.997,0.000,1.000,-0.000,0.997,0.000,-0.082),s="Running",v=Vector3.new(57.464,-1.929,10.476)},
        {t=0.310,cf=CFrame.new(7700.638,1192.597,-2562.569,-0.092,-0.000,-0.996,0.000,1.000,-0.000,0.996,0.000,-0.092),s="Running",v=Vector3.new(56.068,-3.571,11.955)},
        {t=0.316,cf=CFrame.new(7700.891,1192.576,-2562.516,-0.104,-0.000,-0.995,0.000,1.000,-0.000,0.995,0.000,-0.104),s="Running",v=Vector3.new(56.518,-5.696,13.835)},
        {t=0.322,cf=CFrame.new(7701.341,1192.516,-2562.407,-0.116,-0.000,-0.993,0.000,1.000,-0.000,0.993,0.000,-0.116),s="Running",v=Vector3.new(55.084,-7.887,15.666)},
        {t=0.328,cf=CFrame.new(7701.589,1192.478,-2562.339,-0.130,-0.000,-0.991,0.000,1.000,-0.000,0.991,0.000,-0.130),s="Running",v=Vector3.new(55.498,-9.351,17.439)},
        {t=0.333,cf=CFrame.new(7701.836,1192.432,-2562.263,-0.143,-0.000,-0.990,0.000,1.000,-0.000,0.990,0.000,-0.143),s="Running",v=Vector3.new(54.960,-10.520,19.694)},
        {t=0.339,cf=CFrame.new(7702.281,1192.333,-2562.107,-0.162,-0.000,-0.987,0.000,1.000,-0.000,0.987,0.000,-0.162),s="Running",v=Vector3.new(53.284,-3.039,21.124)},
        {t=0.344,cf=CFrame.new(7702.528,1192.309,-2562.012,-0.181,-0.000,-0.984,0.000,1.000,-0.000,0.984,0.000,-0.181),s="Running",v=Vector3.new(53.198,-1.111,23.529)},
        {t=0.350,cf=CFrame.new(7702.782,1192.286,-2561.904,-0.203,-0.000,-0.979,0.000,1.000,-0.000,0.979,0.000,-0.203),s="Running",v=Vector3.new(52.677,-0.776,25.199)},
        {t=0.356,cf=CFrame.new(7703.202,1192.250,-2561.707,-0.221,-0.000,-0.975,0.000,1.000,-0.000,0.975,0.000,-0.221),s="Running",v=Vector3.new(50.651,-12.211,26.805)},
        {t=0.363,cf=CFrame.new(7703.442,1192.185,-2561.583,-0.244,-0.000,-0.970,0.000,1.000,-0.000,0.970,0.000,-0.244),s="Running",v=Vector3.new(50.153,-6.781,29.454)},
        {t=0.368,cf=CFrame.new(7703.670,1192.146,-2561.454,-0.261,-0.000,-0.965,0.000,1.000,-0.000,0.965,0.000,-0.261),s="Running",v=Vector3.new(49.309,-2.767,31.265)},
        {t=0.374,cf=CFrame.new(7704.069,1192.107,-2561.207,-0.284,-0.000,-0.959,0.000,1.000,-0.000,0.959,0.000,-0.284),s="Running",v=Vector3.new(47.420,-0.340,32.206)},
        {t=0.380,cf=CFrame.new(7704.297,1192.101,-2561.057,-0.309,-0.000,-0.951,0.000,1.000,-0.000,0.951,0.000,-0.309),s="Running",v=Vector3.new(46.568,1.387,34.855)},
        {t=0.388,cf=CFrame.new(7704.689,1192.103,-2560.772,-0.337,-0.000,-0.942,0.000,1.000,-0.000,0.942,0.000,-0.337),s="Running",v=Vector3.new(44.383,1.608,36.181)},
        {t=0.393,cf=CFrame.new(7704.894,1192.104,-2560.612,-0.357,-0.000,-0.934,0.000,1.000,-0.000,0.934,0.000,-0.357),s="Running",v=Vector3.new(44.032,1.618,38.010)},
        {t=0.399,cf=CFrame.new(7705.252,1192.107,-2560.311,-0.380,-0.000,-0.925,0.000,1.000,-0.000,0.925,0.000,-0.380),s="Running",v=Vector3.new(41.758,1.317,39.176)},
        {t=0.404,cf=CFrame.new(7705.443,1192.109,-2560.139,-0.400,-0.000,-0.917,0.000,1.000,-0.000,0.917,0.000,-0.400),s="Running",v=Vector3.new(41.331,1.212,40.932)},
        {t=0.409,cf=CFrame.new(7705.774,1192.109,-2559.818,-0.420,-0.000,-0.908,0.000,1.000,-0.000,0.908,0.000,-0.420),s="Running",v=Vector3.new(39.508,0.804,41.460)},
        {t=0.415,cf=CFrame.new(7705.966,1192.108,-2559.626,-0.444,-0.000,-0.896,0.000,1.000,-0.000,0.896,0.000,-0.444),s="Running",v=Vector3.new(38.926,0.642,43.239)},
        {t=0.421,cf=CFrame.new(7706.146,1192.108,-2559.436,-0.464,-0.000,-0.886,0.000,1.000,-0.000,0.886,0.000,-0.464),s="Running",v=Vector3.new(38.478,0.684,43.943)},
        {t=0.425,cf=CFrame.new(7706.450,1192.107,-2559.097,-0.482,-0.000,-0.876,0.000,1.000,-0.000,0.876,0.000,-0.482),s="Running",v=Vector3.new(36.631,0.402,44.101)},
        {t=0.431,cf=CFrame.new(7706.618,1192.107,-2558.904,-0.504,-0.000,-0.864,0.000,1.000,-0.000,0.864,0.000,-0.504),s="Running",v=Vector3.new(35.689,0.470,45.951)},
        {t=0.436,cf=CFrame.new(7706.781,1192.108,-2558.704,-0.523,0.000,-0.852,0.000,1.000,0.000,0.852,0.000,-0.523),s="Running",v=Vector3.new(34.739,0.408,46.952)},
        {t=0.441,cf=CFrame.new(7706.941,1192.108,-2558.496,-0.540,0.000,-0.841,0.000,1.000,0.000,0.841,0.000,-0.540),s="Running",v=Vector3.new(33.827,0.333,47.687)},
        {t=0.447,cf=CFrame.new(7707.220,1192.106,-2558.114,-0.559,0.000,-0.829,0.000,1.000,0.000,0.829,0.000,-0.559),s="Running",v=Vector3.new(32.291,0.048,47.406)},
        {t=0.453,cf=CFrame.new(7707.372,1192.106,-2557.903,-0.579,0.000,-0.816,0.000,1.000,0.000,0.816,0.000,-0.579),s="Running",v=Vector3.new(32.325,0.200,48.411)},
        {t=0.458,cf=CFrame.new(7707.521,1192.106,-2557.688,-0.595,0.000,-0.804,0.000,1.000,0.000,0.804,0.000,-0.595),s="Running",v=Vector3.new(31.462,0.189,49.220)},
        {t=0.463,cf=CFrame.new(7707.780,1192.107,-2557.295,-0.612,0.000,-0.791,0.000,1.000,0.000,0.791,0.000,-0.612),s="Running",v=Vector3.new(29.966,0.140,48.895)},
        {t=0.468,cf=CFrame.new(7707.917,1192.107,-2557.081,-0.626,0.000,-0.780,0.000,1.000,0.000,0.780,0.000,-0.626),s="Running",v=Vector3.new(29.952,0.125,49.911)},
        {t=0.473,cf=CFrame.new(7708.056,1192.108,-2556.860,-0.640,0.000,-0.768,0.000,1.000,0.000,0.768,0.000,-0.640),s="Running",v=Vector3.new(29.391,0.105,50.490)},
        {t=0.483,cf=CFrame.new(7708.225,1192.108,-2556.590,-0.669,0.000,-0.744,0.000,1.000,0.000,0.744,0.000,-0.669),s="Running",v=Vector3.new(28.662,0.082,50.969)},
        {t=0.489,cf=CFrame.new(7708.551,1192.108,-2556.023,-0.684,0.000,-0.730,0.000,1.000,0.000,0.730,0.000,-0.684),s="Running",v=Vector3.new(26.802,0.057,49.439)},
        {t=0.494,cf=CFrame.new(7708.673,1192.108,-2555.807,-0.696,0.000,-0.718,0.000,1.000,0.000,0.718,0.000,-0.696),s="Running",v=Vector3.new(27.132,0.051,51.185)},
        {t=0.499,cf=CFrame.new(7708.800,1192.108,-2555.580,-0.708,0.000,-0.706,0.000,1.000,0.000,0.706,0.000,-0.708),s="Running",v=Vector3.new(26.912,0.043,51.779)},
        {t=0.504,cf=CFrame.new(7709.013,1192.109,-2555.181,-0.719,0.000,-0.695,0.000,1.000,0.000,0.695,0.000,-0.719),s="Running",v=Vector3.new(26.120,0.032,51.041)},
        {t=0.509,cf=CFrame.new(7709.130,1192.109,-2554.962,-0.729,0.000,-0.684,0.000,1.000,0.000,0.684,0.000,-0.729),s="Running",v=Vector3.new(26.092,0.028,52.031)},
        {t=0.514,cf=CFrame.new(7709.248,1192.105,-2554.737,-0.739,0.000,-0.673,0.000,1.000,0.000,0.673,0.000,-0.739),s="Running",v=Vector3.new(25.850,-0.177,52.395)},
        {t=0.519,cf=CFrame.new(7709.366,1192.105,-2554.507,-0.749,0.000,-0.662,0.000,1.000,0.000,0.662,0.000,-0.749),s="Running",v=Vector3.new(25.593,0.002,52.582)},
        {t=0.524,cf=CFrame.new(7709.482,1192.106,-2554.278,-0.758,0.000,-0.652,0.000,1.000,0.000,0.652,0.000,-0.758),s="Running",v=Vector3.new(25.233,0.024,52.770)},
        {t=0.528,cf=CFrame.new(7709.598,1192.106,-2554.046,-0.766,0.000,-0.643,0.000,1.000,0.000,0.643,0.000,-0.766),s="Running",v=Vector3.new(24.952,0.023,52.908)},
        {t=0.533,cf=CFrame.new(7709.710,1192.106,-2553.816,-0.774,0.000,-0.634,0.000,1.000,0.000,0.634,0.000,-0.774),s="Running",v=Vector3.new(24.685,0.020,53.034)},
        {t=0.537,cf=CFrame.new(7709.820,1192.107,-2553.587,-0.780,0.000,-0.625,0.000,1.000,0.000,0.625,0.000,-0.780),s="Running",v=Vector3.new(24.334,0.018,53.196)},
        {t=0.541,cf=CFrame.new(7710.014,1192.107,-2553.174,-0.788,0.000,-0.616,0.000,1.000,0.000,0.616,0.000,-0.788),s="Running",v=Vector3.new(23.488,0.018,52.342)},
        {t=0.546,cf=CFrame.new(7710.119,1192.107,-2552.949,-0.795,0.000,-0.606,0.000,1.000,0.000,0.606,0.000,-0.795),s="Running",v=Vector3.new(23.448,0.016,53.284)},
        {t=0.550,cf=CFrame.new(7710.221,1192.107,-2552.724,-0.802,0.000,-0.598,0.000,1.000,0.000,0.598,0.000,-0.802),s="Running",v=Vector3.new(23.197,0.015,53.624)},
        {t=0.555,cf=CFrame.new(7710.323,1192.107,-2552.496,-0.808,0.000,-0.589,0.000,1.000,0.000,0.589,0.000,-0.808),s="Running",v=Vector3.new(22.752,0.014,53.870)},
        {t=0.559,cf=CFrame.new(7710.424,1192.107,-2552.265,-0.815,0.000,-0.580,0.000,1.000,0.000,0.580,0.000,-0.815),s="Running",v=Vector3.new(22.224,0.014,54.104)},
        {t=0.564,cf=CFrame.new(7710.522,1192.107,-2552.033,-0.821,0.000,-0.571,0.000,1.000,0.000,0.571,0.000,-0.821),s="Running",v=Vector3.new(21.819,0.013,54.273)},
        {t=0.568,cf=CFrame.new(7710.619,1192.108,-2551.802,-0.827,0.000,-0.563,0.000,1.000,0.000,0.563,0.000,-0.827),s="Running",v=Vector3.new(21.371,0.013,54.452)},
        {t=0.572,cf=CFrame.new(7710.712,1192.108,-2551.570,-0.832,0.000,-0.555,0.000,1.000,0.000,0.555,0.000,-0.832),s="Running",v=Vector3.new(20.940,0.012,54.619)},
        {t=0.576,cf=CFrame.new(7710.806,1192.108,-2551.336,-0.838,0.000,-0.546,0.000,1.000,0.000,0.546,0.000,-0.838),s="Running",v=Vector3.new(20.516,0.012,54.780)},
        {t=0.581,cf=CFrame.new(7710.900,1192.108,-2551.094,-0.844,0.000,-0.536,0.000,1.000,0.000,0.536,0.000,-0.844),s="Running",v=Vector3.new(19.979,0.011,54.978)},
        {t=0.585,cf=CFrame.new(7710.988,1192.108,-2550.859,-0.850,0.000,-0.527,0.000,1.000,0.000,0.527,0.000,-0.850),s="Running",v=Vector3.new(19.520,0.011,55.142)},
        {t=0.590,cf=CFrame.new(7711.076,1192.108,-2550.620,-0.855,0.000,-0.518,0.000,1.000,0.000,0.518,0.000,-0.855),s="Running",v=Vector3.new(18.985,0.011,55.328)},
        {t=0.594,cf=CFrame.new(7711.161,1192.108,-2550.381,-0.860,0.000,-0.509,0.000,1.000,0.000,0.509,0.000,-0.860),s="Running",v=Vector3.new(18.246,0.011,55.574)},
        {t=0.598,cf=CFrame.new(7711.243,1192.108,-2550.141,-0.866,0.000,-0.500,0.000,1.000,0.000,0.500,0.000,-0.866),s="Running",v=Vector3.new(17.787,0.011,55.724)},
        {t=0.602,cf=CFrame.new(7711.321,1192.108,-2549.905,-0.870,0.000,-0.492,0.000,1.000,0.000,0.492,0.000,-0.870),s="Running",v=Vector3.new(17.390,0.011,55.850)},
        {t=0.607,cf=CFrame.new(7711.399,1192.108,-2549.664,-0.875,0.000,-0.484,0.000,1.000,0.000,0.484,0.000,-0.875),s="Running",v=Vector3.new(17.041,0.011,55.959)},
        {t=0.612,cf=CFrame.new(7711.478,1192.108,-2549.417,-0.880,0.000,-0.475,0.000,1.000,0.000,0.475,0.000,-0.880),s="Running",v=Vector3.new(16.757,0.011,56.046)},
        {t=0.616,cf=CFrame.new(7711.554,1192.108,-2549.170,-0.884,0.000,-0.467,0.000,1.000,0.000,0.467,0.000,-0.884),s="Running",v=Vector3.new(16.626,0.011,56.086)},
        {t=0.621,cf=CFrame.new(7711.686,1192.108,-2548.735,-0.888,0.000,-0.459,0.000,1.000,0.000,0.459,0.000,-0.888),s="Running",v=Vector3.new(16.258,0.011,55.021)},
        {t=0.625,cf=CFrame.new(7711.758,1192.108,-2548.502,-0.892,0.000,-0.452,0.000,1.000,0.000,0.452,0.000,-0.892),s="Running",v=Vector3.new(16.480,0.011,55.836)},
        {t=0.630,cf=CFrame.new(7711.832,1192.108,-2548.261,-0.896,0.000,-0.444,0.000,1.000,0.000,0.444,0.000,-0.896),s="Running",v=Vector3.new(16.532,0.010,56.041)},
        {t=0.634,cf=CFrame.new(7711.906,1192.108,-2548.021,-0.899,0.000,-0.437,0.000,1.000,0.000,0.437,0.000,-0.899),s="Running",v=Vector3.new(16.545,0.010,56.092)},
        {t=0.639,cf=CFrame.new(7711.979,1192.108,-2547.781,-0.902,0.000,-0.431,0.000,1.000,0.000,0.431,0.000,-0.902),s="Running",v=Vector3.new(16.547,0.010,56.105)},
        {t=0.643,cf=CFrame.new(7712.052,1192.108,-2547.540,-0.905,0.000,-0.425,0.000,1.000,0.000,0.425,0.000,-0.905),s="Running",v=Vector3.new(16.548,0.010,56.108)},
        {t=0.648,cf=CFrame.new(7712.127,1192.108,-2547.295,-0.908,0.000,-0.418,0.000,1.000,0.000,0.418,0.000,-0.908),s="Running",v=Vector3.new(16.548,0.010,56.109)},
        {t=0.652,cf=CFrame.new(7712.201,1192.108,-2547.052,-0.911,0.000,-0.412,0.000,1.000,0.000,0.412,0.000,-0.911),s="Running",v=Vector3.new(16.548,0.010,56.109)},
        {t=0.656,cf=CFrame.new(7712.274,1192.108,-2546.811,-0.913,0.000,-0.408,0.000,1.000,0.000,0.408,0.000,-0.913),s="Running",v=Vector3.new(16.548,0.010,56.109)},
        {t=0.660,cf=CFrame.new(7712.347,1192.108,-2546.571,-0.915,0.000,-0.403,0.000,1.000,0.000,0.403,0.000,-0.915),s="Running",v=Vector3.new(16.548,0.010,56.109)},
        {t=0.665,cf=CFrame.new(7712.422,1192.108,-2546.322,-0.918,0.000,-0.397,0.000,1.000,0.000,0.397,0.000,-0.918),s="Running",v=Vector3.new(16.548,0.010,56.109)},
        {t=0.670,cf=CFrame.new(7712.495,1192.108,-2546.081,-0.920,0.000,-0.393,0.000,1.000,0.000,0.393,0.000,-0.920),s="Running",v=Vector3.new(16.548,0.010,56.109)},
        {t=0.674,cf=CFrame.new(7712.568,1192.108,-2545.838,-0.922,0.000,-0.388,0.000,1.000,0.000,0.388,0.000,-0.922),s="Running",v=Vector3.new(16.548,0.010,56.109)},
        {t=0.678,cf=CFrame.new(7712.642,1192.108,-2545.593,-0.923,0.000,-0.384,0.000,1.000,0.000,0.384,0.000,-0.923),s="Running",v=Vector3.new(16.548,0.010,56.109)},
        {t=0.683,cf=CFrame.new(7712.718,1192.108,-2545.340,-0.926,0.000,-0.379,0.000,1.000,0.000,0.379,0.000,-0.926),s="Running",v=Vector3.new(16.548,0.010,56.109)},
        {t=0.688,cf=CFrame.new(7712.849,1192.108,-2544.901,-0.927,0.000,-0.374,0.000,1.000,0.000,0.374,0.000,-0.927),s="Running",v=Vector3.new(16.230,0.011,55.030)},
        {t=0.693,cf=CFrame.new(7712.921,1192.108,-2544.664,-0.929,0.000,-0.370,0.000,1.000,0.000,0.370,0.000,-0.929),s="Running",v=Vector3.new(16.468,0.010,55.839)},
        {t=0.698,cf=CFrame.new(7712.995,1192.108,-2544.419,-0.931,0.000,-0.366,0.000,1.000,0.000,0.366,0.000,-0.931),s="Running",v=Vector3.new(16.528,0.010,56.042)},
        {t=0.703,cf=CFrame.new(7713.070,1192.108,-2544.169,-0.932,0.000,-0.362,0.000,1.000,0.000,0.362,0.000,-0.932),s="Running",v=Vector3.new(16.543,0.010,56.093)},
        {t=0.707,cf=CFrame.new(7713.144,1192.108,-2543.924,-0.933,0.000,-0.359,0.000,1.000,0.000,0.359,0.000,-0.933),s="Running",v=Vector3.new(16.547,0.010,56.105)},
        {t=0.713,cf=CFrame.new(7713.223,1192.108,-2543.660,-0.935,0.000,-0.355,0.000,1.000,0.000,0.355,0.000,-0.935),s="Running",v=Vector3.new(16.548,0.010,56.108)},
        {t=0.717,cf=CFrame.new(7713.354,1192.108,-2543.220,-0.936,0.000,-0.351,0.000,1.000,0.000,0.351,0.000,-0.936),s="Running",v=Vector3.new(16.229,0.011,55.029)},
        {t=0.722,cf=CFrame.new(7713.426,1192.108,-2542.980,-0.937,0.000,-0.348,0.000,1.000,0.000,0.348,0.000,-0.937),s="Running",v=Vector3.new(16.468,0.010,55.839)},
        {t=0.727,cf=CFrame.new(7713.499,1192.108,-2542.739,-0.938,0.000,-0.345,0.000,1.000,0.000,0.345,0.000,-0.938),s="Running",v=Vector3.new(16.528,0.010,56.042)},
        {t=0.732,cf=CFrame.new(7713.573,1192.108,-2542.491,-0.940,0.000,-0.342,0.000,1.000,0.000,0.342,0.000,-0.940),s="Running",v=Vector3.new(16.543,0.010,56.093)},
        {t=0.736,cf=CFrame.new(7713.647,1192.108,-2542.244,-0.941,0.000,-0.340,0.000,1.000,0.000,0.340,0.000,-0.941),s="Running",v=Vector3.new(16.547,0.010,56.105)},
        {t=0.743,cf=CFrame.new(7713.784,1192.108,-2541.783,-0.942,0.000,-0.336,0.000,1.000,0.000,0.336,0.000,-0.942),s="Running",v=Vector3.new(16.229,0.011,55.028)},
        {t=0.751,cf=CFrame.new(7713.868,1192.108,-2541.504,-0.943,0.000,-0.332,0.000,1.000,0.000,0.332,0.000,-0.943),s="Running",v=Vector3.new(16.468,0.010,55.839)},
        {t=0.755,cf=CFrame.new(7713.999,1192.108,-2541.067,-0.944,0.000,-0.330,0.000,1.000,0.000,0.330,0.000,-0.944),s="Running",v=Vector3.new(16.210,0.011,54.962)},
        {t=0.760,cf=CFrame.new(7714.070,1192.108,-2540.828,-0.945,0.000,-0.328,0.000,1.000,0.000,0.328,0.000,-0.945),s="Running",v=Vector3.new(16.463,0.010,55.823)},
        {t=0.764,cf=CFrame.new(7714.142,1192.108,-2540.586,-0.945,0.000,-0.326,0.000,1.000,0.000,0.326,0.000,-0.945),s="Running",v=Vector3.new(16.527,0.010,56.038)},
        {t=0.769,cf=CFrame.new(7714.214,1192.108,-2540.344,-0.946,0.000,-0.324,0.000,1.000,0.000,0.324,0.000,-0.946),s="Running",v=Vector3.new(16.543,0.010,56.092)},
        {t=0.774,cf=CFrame.new(7714.290,1192.108,-2540.090,-0.947,0.000,-0.322,0.000,1.000,0.000,0.322,0.000,-0.947),s="Running",v=Vector3.new(16.547,0.010,56.105)},
        {t=0.778,cf=CFrame.new(7714.362,1192.108,-2539.846,-0.947,0.000,-0.321,0.000,1.000,0.000,0.321,0.000,-0.947),s="Running",v=Vector3.new(16.548,0.010,56.108)},
        {t=0.783,cf=CFrame.new(7714.436,1192.108,-2539.597,-0.948,0.000,-0.319,0.000,1.000,0.000,0.319,0.000,-0.948),s="Running",v=Vector3.new(16.548,0.010,56.109)},
        {t=0.788,cf=CFrame.new(7714.566,1192.108,-2539.157,-0.948,0.000,-0.317,0.000,1.000,0.000,0.317,0.000,-0.948),s="Running",v=Vector3.new(16.230,0.011,55.029)},
        {t=0.792,cf=CFrame.new(7714.636,1192.108,-2538.924,-0.949,0.000,-0.316,0.000,1.000,0.000,0.316,0.000,-0.949),s="Running",v=Vector3.new(16.468,0.010,55.839)},
        {t=0.797,cf=CFrame.new(7714.707,1192.108,-2538.686,-0.949,0.000,-0.314,0.000,1.000,0.000,0.314,0.000,-0.949),s="Running",v=Vector3.new(16.528,0.010,56.042)},
        {t=0.801,cf=CFrame.new(7714.779,1192.108,-2538.440,-0.950,0.000,-0.313,0.000,1.000,0.000,0.313,0.000,-0.950),s="Running",v=Vector3.new(16.543,0.010,56.093)},
        {t=0.806,cf=CFrame.new(7714.852,1192.108,-2538.195,-0.950,0.000,-0.311,0.000,1.000,0.000,0.311,0.000,-0.950),s="Running",v=Vector3.new(16.547,0.010,56.105)},
        {t=0.811,cf=CFrame.new(7714.925,1192.108,-2537.949,-0.951,0.000,-0.310,0.000,1.000,0.000,0.310,0.000,-0.951),s="Running",v=Vector3.new(16.548,0.010,56.108)},
        {t=0.816,cf=CFrame.new(7715.001,1192.108,-2537.694,-0.951,0.000,-0.308,0.000,1.000,0.000,0.308,0.000,-0.951),s="Running",v=Vector3.new(16.532,0.010,56.114)},
        {t=0.821,cf=CFrame.new(7715.076,1192.108,-2537.440,-0.952,0.000,-0.307,0.000,1.000,0.000,0.307,0.000,-0.952),s="Running",v=Vector3.new(16.416,0.010,56.148)},
        {t=0.826,cf=CFrame.new(7715.207,1192.108,-2536.996,-0.952,0.000,-0.305,0.000,1.000,0.000,0.305,0.000,-0.952),s="Running",v=Vector3.new(15.909,0.011,55.123)},
        {t=0.831,cf=CFrame.new(7715.276,1192.108,-2536.756,-0.953,0.000,-0.303,0.000,1.000,0.000,0.303,0.000,-0.953),s="Running",v=Vector3.new(15.949,0.010,55.989)},
        {t=0.835,cf=CFrame.new(7715.346,1192.108,-2536.514,-0.953,0.000,-0.301,0.000,1.000,0.000,0.301,0.000,-0.953),s="Running",v=Vector3.new(15.809,0.010,56.248)},
        {t=0.840,cf=CFrame.new(7715.417,1192.108,-2536.265,-0.954,0.000,-0.299,0.000,1.000,0.000,0.299,0.000,-0.954),s="Running",v=Vector3.new(15.452,0.010,56.402)},
        {t=0.846,cf=CFrame.new(7715.488,1192.108,-2536.007,-0.955,0.000,-0.297,0.000,1.000,0.000,0.297,0.000,-0.955),s="Running",v=Vector3.new(15.161,0.010,56.495)},
        {t=0.850,cf=CFrame.new(7715.607,1192.108,-2535.566,-0.955,0.000,-0.295,0.000,1.000,0.000,0.295,0.000,-0.955),s="Running",v=Vector3.new(14.737,0.011,55.446)},
        {t=0.859,cf=CFrame.new(7715.680,1192.108,-2535.297,-0.956,0.000,-0.292,0.000,1.000,0.000,0.292,0.000,-0.956),s="Running",v=Vector3.new(14.802,0.010,56.304)},
        {t=0.869,cf=CFrame.new(7715.813,1192.108,-2534.795,-0.958,0.000,-0.288,0.000,1.000,0.000,0.288,0.000,-0.958),s="Running",v=Vector3.new(14.498,0.011,55.438)},
        {t=0.874,cf=CFrame.new(7715.930,1192.108,-2534.353,-0.958,0.000,-0.286,0.000,1.000,0.000,0.286,0.000,-0.958),s="Running",v=Vector3.new(14.395,0.011,55.229)},
        {t=0.882,cf=CFrame.new(7716.052,1192.108,-2533.889,-0.959,0.000,-0.283,0.000,1.000,0.000,0.283,0.000,-0.959),s="Running",v=Vector3.new(14.325,0.011,55.188)},
        {t=0.889,cf=CFrame.new(7716.122,1192.108,-2533.622,-0.960,0.000,-0.281,0.000,1.000,0.000,0.281,0.000,-0.960),s="Running",v=Vector3.new(14.590,0.010,56.267)},
        {t=0.895,cf=CFrame.new(7716.241,1192.108,-2533.167,-0.960,0.000,-0.280,0.000,1.000,0.000,0.280,0.000,-0.960),s="Running",v=Vector3.new(14.373,0.011,55.448)},
        {t=0.901,cf=CFrame.new(7716.311,1192.108,-2532.900,-0.961,0.000,-0.278,0.000,1.000,0.000,0.278,0.000,-0.961),s="Running",v=Vector3.new(14.601,0.010,56.333)},
        {t=0.907,cf=CFrame.new(7716.429,1192.108,-2532.444,-0.961,0.000,-0.276,0.000,1.000,0.000,0.276,0.000,-0.961),s="Running",v=Vector3.new(14.376,0.011,55.464)},
        {t=0.914,cf=CFrame.new(7716.500,1192.108,-2532.175,-0.962,0.000,-0.275,0.000,1.000,0.000,0.275,0.000,-0.962),s="Running",v=Vector3.new(14.602,0.010,56.337)},
        {t=0.920,cf=CFrame.new(7716.617,1192.108,-2531.723,-0.962,0.000,-0.273,0.000,1.000,0.000,0.273,0.000,-0.962),s="Running",v=Vector3.new(14.346,0.011,55.473)},
        {t=0.925,cf=CFrame.new(7716.684,1192.108,-2531.468,-0.962,0.000,-0.272,0.000,1.000,0.000,0.272,0.000,-0.962),s="Running",v=Vector3.new(14.529,0.010,56.356)},
        {t=0.931,cf=CFrame.new(7716.801,1192.108,-2531.015,-0.963,0.000,-0.271,0.000,1.000,0.000,0.271,0.000,-0.963),s="Running",v=Vector3.new(14.287,0.011,55.488)},
        {t=0.938,cf=CFrame.new(7716.870,1192.108,-2530.748,-0.963,0.000,-0.269,0.000,1.000,0.000,0.269,0.000,-0.963),s="Running",v=Vector3.new(14.506,0.010,56.362)},
        {t=0.943,cf=CFrame.new(7716.988,1192.108,-2530.292,-0.963,0.000,-0.268,0.000,1.000,0.000,0.268,0.000,-0.963),s="Running",v=Vector3.new(14.247,0.011,55.498)},
        {t=0.949,cf=CFrame.new(7717.053,1192.108,-2530.040,-0.964,0.000,-0.267,0.000,1.000,0.000,0.267,0.000,-0.964),s="Running",v=Vector3.new(14.434,0.010,56.380)},
        {t=0.954,cf=CFrame.new(7717.167,1192.108,-2529.596,-0.964,0.000,-0.266,0.000,1.000,0.000,0.266,0.000,-0.964),s="Running",v=Vector3.new(14.192,0.011,55.512)},
        {t=0.960,cf=CFrame.new(7717.233,1192.108,-2529.339,-0.964,0.000,-0.265,0.000,1.000,0.000,0.265,0.000,-0.964),s="Running",v=Vector3.new(14.408,0.010,56.387)},
        {t=0.968,cf=CFrame.new(7717.354,1192.108,-2528.868,-0.965,0.000,-0.264,0.000,1.000,0.000,0.264,0.000,-0.965),s="Running",v=Vector3.new(14.183,0.011,55.515)},
        {t=0.976,cf=CFrame.new(7717.430,1192.108,-2528.575,-0.965,0.000,-0.262,0.000,1.000,0.000,0.262,0.000,-0.965),s="Running",v=Vector3.new(14.405,0.010,56.388)},
        {t=0.983,cf=CFrame.new(7717.551,1192.108,-2528.101,-0.965,0.000,-0.261,0.000,1.000,0.000,0.261,0.000,-0.965),s="Running",v=Vector3.new(14.182,0.011,55.515)},
        {t=0.992,cf=CFrame.new(7717.676,1192.108,-2527.616,-0.966,0.000,-0.260,0.000,1.000,0.000,0.260,0.000,-0.966),s="Running",v=Vector3.new(14.126,0.011,55.297)},
        {t=1.001,cf=CFrame.new(7717.844,1192.108,-2526.964,-0.966,0.000,-0.259,0.000,1.000,0.000,0.259,0.000,-0.966),s="Running",v=Vector3.new(13.834,0.011,54.151)},
        {t=1.007,cf=CFrame.new(7717.910,1192.108,-2526.706,-0.966,0.000,-0.258,0.000,1.000,0.000,0.258,0.000,-0.966),s="Running",v=Vector3.new(14.318,0.010,56.047)},
        {t=1.013,cf=CFrame.new(7718.026,1192.108,-2526.253,-0.966,0.000,-0.258,0.000,1.000,0.000,0.258,0.000,-0.966),s="Running",v=Vector3.new(14.160,0.011,55.430)},
        {t=1.019,cf=CFrame.new(7718.092,1192.108,-2525.995,-0.966,0.000,-0.257,0.000,1.000,0.000,0.257,0.000,-0.966),s="Running",v=Vector3.new(14.399,0.010,56.366)},
        {t=1.025,cf=CFrame.new(7718.159,1192.108,-2525.734,-0.967,0.000,-0.257,0.000,1.000,0.000,0.257,0.000,-0.967),s="Running",v=Vector3.new(14.459,0.010,56.601)},
        {t=1.031,cf=CFrame.new(7718.278,1192.108,-2525.271,-0.967,0.000,-0.256,0.000,1.000,0.000,0.256,0.000,-0.967),s="Running",v=Vector3.new(14.196,0.011,55.568)},
        {t=1.037,cf=CFrame.new(7718.347,1192.108,-2525.004,-0.967,0.000,-0.256,0.000,1.000,0.000,0.256,0.000,-0.967),s="Running",v=Vector3.new(14.408,0.010,56.401)},
        {t=1.043,cf=CFrame.new(7718.463,1192.108,-2524.548,-0.967,0.000,-0.255,0.000,1.000,0.000,0.255,0.000,-0.967),s="Running",v=Vector3.new(14.183,0.011,55.518)},
        {t=1.050,cf=CFrame.new(7718.532,1192.108,-2524.280,-0.967,0.000,-0.255,0.000,1.000,0.000,0.255,0.000,-0.967),s="Running",v=Vector3.new(14.405,0.010,56.389)},
        {t=1.056,cf=CFrame.new(7718.650,1192.108,-2523.818,-0.967,0.000,-0.254,0.000,1.000,0.000,0.254,0.000,-0.967),s="Running",v=Vector3.new(14.182,0.011,55.515)},
        {t=1.062,cf=CFrame.new(7718.720,1192.108,-2523.548,-0.967,0.000,-0.254,0.000,1.000,0.000,0.254,0.000,-0.967),s="Running",v=Vector3.new(14.405,0.010,56.388)},
        {t=1.068,cf=CFrame.new(7718.836,1192.108,-2523.094,-0.967,0.000,-0.253,0.000,1.000,0.000,0.253,0.000,-0.967),s="Running",v=Vector3.new(14.182,0.011,55.515)},
        {t=1.074,cf=CFrame.new(7718.902,1192.108,-2522.836,-0.967,0.000,-0.253,0.000,1.000,0.000,0.253,0.000,-0.967),s="Running",v=Vector3.new(14.405,0.010,56.388)},
        {t=1.080,cf=CFrame.new(7719.021,1192.108,-2522.372,-0.968,0.000,-0.253,0.000,1.000,0.000,0.253,0.000,-0.968),s="Running",v=Vector3.new(14.182,0.011,55.515)},
        {t=1.086,cf=CFrame.new(7719.089,1192.108,-2522.106,-0.968,0.000,-0.252,0.000,1.000,0.000,0.252,0.000,-0.968),s="Running",v=Vector3.new(14.405,0.010,56.388)},
        {t=1.093,cf=CFrame.new(7719.158,1192.108,-2521.837,-0.968,0.000,-0.252,0.000,1.000,0.000,0.252,0.000,-0.968),s="Running",v=Vector3.new(14.461,0.010,56.606)},
        {t=1.099,cf=CFrame.new(7719.280,1192.108,-2521.361,-0.968,0.000,-0.252,0.000,1.000,0.000,0.252,0.000,-0.968),s="Running",v=Vector3.new(14.196,0.011,55.570)},
        {t=1.104,cf=CFrame.new(7719.393,1192.108,-2520.919,-0.968,0.000,-0.252,0.000,1.000,0.000,0.252,0.000,-0.968),s="Running",v=Vector3.new(14.130,0.011,55.310)},
        {t=1.109,cf=CFrame.new(7719.456,1192.108,-2520.675,-0.968,0.000,-0.251,0.000,1.000,0.000,0.251,0.000,-0.968),s="Running",v=Vector3.new(14.392,0.010,56.337)},
        {t=1.114,cf=CFrame.new(7719.521,1192.108,-2520.420,-0.968,0.000,-0.251,0.000,1.000,0.000,0.251,0.000,-0.968),s="Running",v=Vector3.new(14.457,0.010,56.593)},
        {t=1.119,cf=CFrame.new(7719.586,1192.108,-2520.164,-0.968,0.000,-0.251,0.000,1.000,0.000,0.251,0.000,-0.968),s="Running",v=Vector3.new(14.474,0.010,56.657)},
        {t=1.124,cf=CFrame.new(7719.652,1192.108,-2519.909,-0.968,0.000,-0.251,0.000,1.000,0.000,0.251,0.000,-0.968),s="Running",v=Vector3.new(14.478,0.010,56.673)},
        {t=1.130,cf=CFrame.new(7719.720,1192.108,-2519.644,-0.968,0.000,-0.251,0.000,1.000,0.000,0.251,0.000,-0.968),s="Running",v=Vector3.new(14.479,0.010,56.677)},
        {t=1.135,cf=CFrame.new(7719.836,1192.108,-2519.189,-0.968,0.000,-0.251,0.000,1.000,0.000,0.251,0.000,-0.968),s="Running",v=Vector3.new(14.200,0.011,55.587)},
        {t=1.140,cf=CFrame.new(7719.901,1192.108,-2518.937,-0.968,0.000,-0.250,0.000,1.000,0.000,0.250,0.000,-0.968),s="Running",v=Vector3.new(14.410,0.010,56.406)},
        {t=1.145,cf=CFrame.new(7719.968,1192.108,-2518.677,-0.968,0.000,-0.250,0.000,1.000,0.000,0.250,0.000,-0.968),s="Running",v=Vector3.new(14.462,0.010,56.610)},
        {t=1.150,cf=CFrame.new(7720.036,1192.108,-2518.410,-0.968,0.000,-0.250,0.000,1.000,0.000,0.250,0.000,-0.968),s="Running",v=Vector3.new(14.475,0.010,56.662)},
        {t=1.155,cf=CFrame.new(7720.151,1192.108,-2517.960,-0.968,0.000,-0.250,0.000,1.000,0.000,0.250,0.000,-0.968),s="Running",v=Vector3.new(14.199,0.011,55.583)},
        {t=1.160,cf=CFrame.new(7720.217,1192.108,-2517.704,-0.968,0.000,-0.250,0.000,1.000,0.000,0.250,0.000,-0.968),s="Running",v=Vector3.new(14.409,0.010,56.405)},
        {t=1.166,cf=CFrame.new(7720.284,1192.108,-2517.439,-0.968,0.000,-0.250,0.000,1.000,0.000,0.250,0.000,-0.968),s="Running",v=Vector3.new(14.462,0.010,56.610)},
        {t=1.171,cf=CFrame.new(7720.351,1192.108,-2517.181,-0.968,0.000,-0.250,0.000,1.000,0.000,0.250,0.000,-0.968),s="Running",v=Vector3.new(14.475,0.010,56.661)},
        {t=1.176,cf=CFrame.new(7720.467,1192.108,-2516.726,-0.968,0.000,-0.250,0.000,1.000,0.000,0.250,0.000,-0.968),s="Running",v=Vector3.new(14.199,0.011,55.583)},
        {t=1.181,cf=CFrame.new(7720.531,1192.108,-2516.475,-0.968,0.000,-0.249,0.000,1.000,0.000,0.249,0.000,-0.968),s="Running",v=Vector3.new(14.409,0.010,56.405)},
        {t=1.186,cf=CFrame.new(7720.596,1192.108,-2516.220,-0.968,0.000,-0.249,0.000,1.000,0.000,0.249,0.000,-0.968),s="Running",v=Vector3.new(14.462,0.010,56.610)},
        {t=1.191,cf=CFrame.new(7720.661,1192.108,-2515.967,-0.968,0.000,-0.249,0.000,1.000,0.000,0.249,0.000,-0.968),s="Running",v=Vector3.new(14.475,0.010,56.661)},
        {t=1.196,cf=CFrame.new(7720.728,1192.108,-2515.708,-0.968,0.000,-0.249,0.000,1.000,0.000,0.249,0.000,-0.968),s="Running",v=Vector3.new(14.478,0.010,56.674)},
        {t=1.201,cf=CFrame.new(7720.793,1192.108,-2515.450,-0.968,0.000,-0.249,0.000,1.000,0.000,0.249,0.000,-0.968),s="Running",v=Vector3.new(14.479,0.010,56.677)},
        {t=1.206,cf=CFrame.new(7720.909,1192.108,-2515.001,-0.969,0.000,-0.249,0.000,1.000,0.000,0.249,0.000,-0.969),s="Running",v=Vector3.new(14.200,0.011,55.587)},
        {t=1.211,cf=CFrame.new(7720.974,1192.108,-2514.748,-0.969,0.000,-0.249,0.000,1.000,0.000,0.249,0.000,-0.969),s="Running",v=Vector3.new(14.410,0.010,56.406)},
        {t=1.217,cf=CFrame.new(7721.039,1192.108,-2514.492,-0.969,0.000,-0.249,0.000,1.000,0.000,0.249,0.000,-0.969),s="Running",v=Vector3.new(14.462,0.010,56.610)},
        {t=1.221,cf=CFrame.new(7721.153,1192.108,-2514.046,-0.969,0.000,-0.249,0.000,1.000,0.000,0.249,0.000,-0.969),s="Running",v=Vector3.new(14.196,0.011,55.571)},
        {t=1.226,cf=CFrame.new(7721.215,1192.108,-2513.805,-0.969,0.000,-0.249,0.000,1.000,0.000,0.249,0.000,-0.969),s="Running",v=Vector3.new(14.408,0.010,56.402)},
        {t=1.231,cf=CFrame.new(7721.279,1192.108,-2513.556,-0.969,0.000,-0.249,0.000,1.000,0.000,0.249,0.000,-0.969),s="Running",v=Vector3.new(14.462,0.010,56.609)},
        {t=1.236,cf=CFrame.new(7721.343,1192.108,-2513.306,-0.969,0.000,-0.249,0.000,1.000,0.000,0.249,0.000,-0.969),s="Running",v=Vector3.new(14.475,0.010,56.661)},
        {t=1.241,cf=CFrame.new(7721.408,1192.108,-2513.050,-0.969,0.000,-0.249,0.000,1.000,0.000,0.249,0.000,-0.969),s="Running",v=Vector3.new(14.478,0.010,56.674)},
        {t=1.246,cf=CFrame.new(7721.475,1192.108,-2512.792,-0.969,0.000,-0.249,0.000,1.000,0.000,0.249,0.000,-0.969),s="Running",v=Vector3.new(14.479,0.010,56.677)},
