-- CFrame Auto Walk Recording
-- Total Frames: 1624
-- Recorded HipHeight: 5.058475494384766

return {
    hipHeight = 5.058475494384766,
    frames = {
        {t=0.005,cf=CFrame.new(-581.058,240.108,641.065,0.477,-0.000,-0.879,0.000,1.000,-0.000,0.879,0.000,0.477),s="Running",v=Vector3.new(1.626,0.001,-0.816)},
        {t=0.009,cf=CFrame.new(-581.054,240.108,641.063,0.476,-0.000,-0.880,0.000,1.000,-0.000,0.880,0.000,0.476),s="Running",v=Vector3.new(6.248,0.001,-3.117)},
        {t=0.014,cf=CFrame.new(-581.037,240.108,641.054,0.474,-0.000,-0.881,0.000,1.000,-0.000,0.881,0.000,0.474),s="Running",v=Vector3.new(12.839,0.001,-6.368)},
        {t=0.019,cf=CFrame.new(-580.995,240.108,641.034,0.472,-0.000,-0.881,0.000,1.000,-0.000,0.881,0.000,0.472),s="Running",v=Vector3.new(17.356,0.001,-8.581)},
        {t=0.023,cf=CFrame.new(-580.935,240.108,641.004,0.471,-0.000,-0.882,0.000,1.000,-0.000,0.882,0.000,0.471),s="Running",v=Vector3.new(21.546,0.001,-10.618)},
        {t=0.027,cf=CFrame.new(-580.855,240.108,640.965,0.470,-0.000,-0.883,0.000,1.000,-0.000,0.883,0.000,0.470),s="Running",v=Vector3.new(25.644,0.001,-12.595)},
        {t=0.031,cf=CFrame.new(-580.755,240.108,640.916,0.468,-0.000,-0.884,0.000,1.000,-0.000,0.884,0.000,0.468),s="Running",v=Vector3.new(30.096,0.001,-14.709)},
        {t=0.035,cf=CFrame.new(-580.638,240.108,640.859,0.467,-0.000,-0.885,0.000,1.000,-0.000,0.885,0.000,0.467),s="Running",v=Vector3.new(34.046,0.001,-16.567)},
        {t=0.040,cf=CFrame.new(-580.404,240.108,640.744,0.465,-0.000,-0.885,0.000,1.000,-0.000,0.885,0.000,0.465),s="Running",v=Vector3.new(37.518,0.001,-18.150)},
        {t=0.045,cf=CFrame.new(-580.244,240.108,640.667,0.463,-0.000,-0.886,0.000,1.000,-0.000,0.886,0.000,0.463),s="Running",v=Vector3.new(46.782,0.001,-22.379)},
        {t=0.049,cf=CFrame.new(-580.053,240.108,640.576,0.462,-0.000,-0.887,0.000,1.000,-0.000,0.887,0.000,0.462),s="Running",v=Vector3.new(49.366,0.001,-23.530)},
        {t=0.053,cf=CFrame.new(-579.847,240.108,640.477,0.460,-0.000,-0.888,0.000,1.000,-0.000,0.888,0.000,0.460),s="Running",v=Vector3.new(51.307,0.001,-24.249)},
        {t=0.057,cf=CFrame.new(-579.635,240.108,640.377,0.458,-0.000,-0.889,0.000,1.000,-0.000,0.889,0.000,0.458),s="Running",v=Vector3.new(52.221,0.001,-24.514)},
        {t=0.063,cf=CFrame.new(-579.413,240.108,640.273,0.456,-0.000,-0.890,0.000,1.000,-0.000,0.890,0.000,0.456),s="Running",v=Vector3.new(52.605,0.001,-24.541)},
        {t=0.067,cf=CFrame.new(-579.192,240.108,640.170,0.455,-0.000,-0.891,0.000,1.000,-0.000,0.891,0.000,0.455),s="Running",v=Vector3.new(52.798,0.001,-24.445)},
        {t=0.071,cf=CFrame.new(-578.965,240.108,640.065,0.453,-0.000,-0.892,0.000,1.000,-0.000,0.892,0.000,0.453),s="Running",v=Vector3.new(52.948,0.001,-24.259)},
        {t=0.075,cf=CFrame.new(-578.742,240.108,639.962,0.451,-0.000,-0.893,0.000,1.000,-0.000,0.893,0.000,0.451),s="Running",v=Vector3.new(53.042,0.001,-24.096)},
        {t=0.080,cf=CFrame.new(-578.511,240.108,639.857,0.448,-0.000,-0.894,0.000,1.000,-0.000,0.894,0.000,0.448),s="Running",v=Vector3.new(53.158,0.001,-23.853)},
        {t=0.084,cf=CFrame.new(-578.288,240.108,639.757,0.446,-0.000,-0.895,0.000,1.000,-0.000,0.895,0.000,0.446),s="Running",v=Vector3.new(53.271,0.001,-23.603)},
        {t=0.088,cf=CFrame.new(-578.062,240.108,639.657,0.444,-0.000,-0.896,0.000,1.000,-0.000,0.896,0.000,0.444),s="Running",v=Vector3.new(53.391,0.001,-23.332)},
        {t=0.093,cf=CFrame.new(-577.833,240.108,639.556,0.442,-0.000,-0.897,0.000,1.000,-0.000,0.897,0.000,0.442),s="Running",v=Vector3.new(53.504,0.001,-23.072)},
        {t=0.097,cf=CFrame.new(-577.602,240.108,639.456,0.439,-0.000,-0.898,0.000,1.000,-0.000,0.898,0.000,0.439),s="Running",v=Vector3.new(53.597,0.001,-22.855)},
        {t=0.101,cf=CFrame.new(-577.375,240.108,639.359,0.437,-0.000,-0.900,0.000,1.000,-0.000,0.900,0.000,0.437),s="Running",v=Vector3.new(53.705,0.001,-22.601)},
        {t=0.105,cf=CFrame.new(-577.149,240.108,639.264,0.434,-0.000,-0.901,0.000,1.000,-0.000,0.901,0.000,0.434),s="Running",v=Vector3.new(53.808,0.001,-22.353)},
        {t=0.110,cf=CFrame.new(-576.921,240.108,639.168,0.432,-0.000,-0.902,0.000,1.000,-0.000,0.902,0.000,0.432),s="Running",v=Vector3.new(53.919,0.001,-22.084)},
        {t=0.115,cf=CFrame.new(-576.680,240.108,639.069,0.429,-0.000,-0.904,0.000,1.000,-0.000,0.904,0.000,0.429),s="Running",v=Vector3.new(54.036,0.001,-21.797)},
        {t=0.120,cf=CFrame.new(-576.443,240.108,638.973,0.426,-0.000,-0.905,0.000,1.000,-0.000,0.905,0.000,0.426),s="Running",v=Vector3.new(54.115,0.001,-21.602)},
        {t=0.124,cf=CFrame.new(-576.033,240.108,638.809,0.423,-0.000,-0.906,0.000,1.000,-0.000,0.906,0.000,0.423),s="Running",v=Vector3.new(52.963,0.001,-20.984)},
        {t=0.129,cf=CFrame.new(-575.803,240.108,638.717,0.420,-0.000,-0.908,0.000,1.000,-0.000,0.908,0.000,0.420),s="Running",v=Vector3.new(53.938,0.001,-21.167)},
        {t=0.134,cf=CFrame.new(-575.570,240.108,638.625,0.417,-0.000,-0.909,0.000,1.000,-0.000,0.909,0.000,0.417),s="Running",v=Vector3.new(54.236,0.001,-21.075)},
        {t=0.138,cf=CFrame.new(-575.338,240.108,638.534,0.415,-0.000,-0.910,0.000,1.000,-0.000,0.910,0.000,0.415),s="Running",v=Vector3.new(54.330,0.001,-20.999)},
        {t=0.142,cf=CFrame.new(-575.107,240.108,638.444,0.413,-0.000,-0.911,0.000,1.000,-0.000,0.911,0.000,0.413),s="Running",v=Vector3.new(54.377,0.001,-20.920)},
        {t=0.148,cf=CFrame.new(-574.867,240.108,638.351,0.409,-0.000,-0.912,0.000,1.000,-0.000,0.912,0.000,0.409),s="Running",v=Vector3.new(54.414,0.001,-20.835)},
        {t=0.153,cf=CFrame.new(-574.449,240.108,638.190,0.406,-0.000,-0.914,0.000,1.000,-0.000,0.914,0.000,0.406),s="Running",v=Vector3.new(53.223,0.001,-20.315)},
        {t=0.158,cf=CFrame.new(-574.219,240.108,638.102,0.404,-0.000,-0.915,0.000,1.000,-0.000,0.915,0.000,0.404),s="Running",v=Vector3.new(54.152,0.001,-20.615)},
        {t=0.163,cf=CFrame.new(-573.981,240.108,638.011,0.401,-0.000,-0.916,0.000,1.000,-0.000,0.916,0.000,0.401),s="Running",v=Vector3.new(54.404,0.001,-20.636)},
        {t=0.168,cf=CFrame.new(-573.561,240.108,637.851,0.399,-0.000,-0.917,0.000,1.000,-0.000,0.917,0.000,0.399),s="Running",v=Vector3.new(53.289,0.001,-20.084)},
        {t=0.173,cf=CFrame.new(-573.338,240.108,637.766,0.397,-0.000,-0.918,0.000,1.000,-0.000,0.918,0.000,0.397),s="Running",v=Vector3.new(54.235,0.001,-20.381)},
        {t=0.178,cf=CFrame.new(-573.105,240.108,637.678,0.394,-0.000,-0.919,0.000,1.000,-0.000,0.919,0.000,0.394),s="Running",v=Vector3.new(54.491,0.001,-20.401)},
        {t=0.184,cf=CFrame.new(-572.856,240.108,637.584,0.392,-0.000,-0.920,0.000,1.000,-0.000,0.920,0.000,0.392),s="Running",v=Vector3.new(54.580,0.001,-20.342)},
        {t=0.189,cf=CFrame.new(-572.611,240.108,637.492,0.390,-0.000,-0.921,0.000,1.000,-0.000,0.921,0.000,0.390),s="Running",v=Vector3.new(54.620,0.001,-20.277)},
        {t=0.193,cf=CFrame.new(-572.366,240.108,637.401,0.388,-0.000,-0.922,0.000,1.000,-0.000,0.922,0.000,0.388),s="Running",v=Vector3.new(54.647,0.001,-20.217)},
        {t=0.198,cf=CFrame.new(-571.941,240.108,637.243,0.386,-0.000,-0.923,0.000,1.000,-0.000,0.923,0.000,0.386),s="Running",v=Vector3.new(53.448,0.001,-19.714)},
        {t=0.204,cf=CFrame.new(-571.696,240.108,637.152,0.383,-0.000,-0.924,0.000,1.000,-0.000,0.924,0.000,0.383),s="Running",v=Vector3.new(54.383,0.001,-19.996)},
        {t=0.211,cf=CFrame.new(-571.439,240.108,637.057,0.380,-0.000,-0.925,0.000,1.000,-0.000,0.925,0.000,0.380),s="Running",v=Vector3.new(54.629,0.001,-20.033)},
        {t=0.217,cf=CFrame.new(-571.004,240.108,636.897,0.378,-0.000,-0.926,0.000,1.000,-0.000,0.926,0.000,0.378),s="Running",v=Vector3.new(53.482,0.001,-19.565)},
        {t=0.222,cf=CFrame.new(-570.760,240.108,636.807,0.376,-0.000,-0.927,0.000,1.000,-0.000,0.927,0.000,0.376),s="Running",v=Vector3.new(54.425,0.001,-19.868)},
        {t=0.231,cf=CFrame.new(-570.138,240.108,636.579,0.373,-0.000,-0.928,0.000,1.000,-0.000,0.928,0.000,0.373),s="Running",v=Vector3.new(52.257,0.001,-18.949)},
        {t=0.239,cf=CFrame.new(-569.878,240.108,636.484,0.371,-0.000,-0.929,0.000,1.000,-0.000,0.929,0.000,0.371),s="Running",v=Vector3.new(54.169,0.001,-19.576)},
        {t=0.244,cf=CFrame.new(-569.623,240.108,636.391,0.369,-0.000,-0.929,0.000,1.000,-0.000,0.929,0.000,0.369),s="Running",v=Vector3.new(54.648,0.001,-19.730)},
        {t=0.249,cf=CFrame.new(-569.198,240.108,636.238,0.368,-0.000,-0.930,0.000,1.000,-0.000,0.930,0.000,0.368),s="Running",v=Vector3.new(53.546,0.001,-19.326)},
        {t=0.253,cf=CFrame.new(-568.961,240.108,636.152,0.366,-0.000,-0.930,0.000,1.000,-0.000,0.930,0.000,0.366),s="Running",v=Vector3.new(54.492,0.001,-19.666)},
        {t=0.257,cf=CFrame.new(-568.720,240.108,636.064,0.365,-0.000,-0.931,0.000,1.000,-0.000,0.931,0.000,0.365),s="Running",v=Vector3.new(54.729,0.001,-19.751)},
        {t=0.262,cf=CFrame.new(-568.475,240.108,635.976,0.364,-0.000,-0.931,0.000,1.000,-0.000,0.931,0.000,0.364),s="Running",v=Vector3.new(54.788,0.001,-19.772)},
        {t=0.266,cf=CFrame.new(-568.243,240.108,635.892,0.363,-0.000,-0.932,0.000,1.000,-0.000,0.932,0.000,0.363),s="Running",v=Vector3.new(54.803,0.001,-19.778)},
        {t=0.271,cf=CFrame.new(-568.017,240.108,635.810,0.362,-0.000,-0.932,0.000,1.000,-0.000,0.932,0.000,0.362),s="Running",v=Vector3.new(54.807,0.001,-19.779)},
        {t=0.274,cf=CFrame.new(-567.802,240.108,635.732,0.361,-0.000,-0.932,0.000,1.000,-0.000,0.932,0.000,0.361),s="Running",v=Vector3.new(54.808,0.001,-19.779)},
        {t=0.279,cf=CFrame.new(-567.594,240.108,635.657,0.360,-0.000,-0.933,0.000,1.000,-0.000,0.933,0.000,0.360),s="Running",v=Vector3.new(54.808,0.001,-19.780)},
        {t=0.283,cf=CFrame.new(-567.395,240.108,635.584,0.359,-0.000,-0.933,0.000,1.000,-0.000,0.933,0.000,0.359),s="Running",v=Vector3.new(54.808,0.001,-19.780)},
        {t=0.288,cf=CFrame.new(-567.202,240.108,635.515,0.359,-0.000,-0.933,0.000,1.000,-0.000,0.933,0.000,0.359),s="Running",v=Vector3.new(54.808,0.001,-19.780)},
        {t=0.292,cf=CFrame.new(-567.018,240.108,635.448,0.358,-0.000,-0.934,0.000,1.000,-0.000,0.934,0.000,0.358),s="Running",v=Vector3.new(54.808,0.001,-19.780)},
        {t=0.297,cf=CFrame.new(-566.841,240.108,635.384,0.357,-0.000,-0.934,0.000,1.000,-0.000,0.934,0.000,0.357),s="Running",v=Vector3.new(54.808,0.001,-19.780)},
        {t=0.302,cf=CFrame.new(-566.674,240.108,635.323,0.356,-0.000,-0.934,0.000,1.000,-0.000,0.934,0.000,0.356),s="Running",v=Vector3.new(54.808,0.001,-19.780)},
        {t=0.306,cf=CFrame.new(-566.506,240.108,635.262,0.355,-0.000,-0.935,0.000,1.000,-0.000,0.935,0.000,0.355),s="Running",v=Vector3.new(54.808,0.001,-19.780)},
        {t=0.311,cf=CFrame.new(-566.322,240.108,635.196,0.355,-0.000,-0.935,0.000,1.000,-0.000,0.935,0.000,0.355),s="Running",v=Vector3.new(54.808,0.001,-19.780)},
        {t=0.315,cf=CFrame.new(-566.104,240.108,635.117,0.354,-0.000,-0.935,0.000,1.000,-0.000,0.935,0.000,0.354),s="Running",v=Vector3.new(54.808,0.001,-19.780)},
        {t=0.319,cf=CFrame.new(-565.858,240.108,635.028,0.353,-0.000,-0.935,0.000,1.000,-0.000,0.935,0.000,0.353),s="Running",v=Vector3.new(54.808,0.001,-19.780)},
        {t=0.323,cf=CFrame.new(-565.423,240.108,634.871,0.353,-0.000,-0.936,0.000,1.000,-0.000,0.936,0.000,0.353),s="Running",v=Vector3.new(53.586,0.001,-19.339)},
        {t=0.328,cf=CFrame.new(-565.172,240.108,634.780,0.352,-0.000,-0.936,0.000,1.000,-0.000,0.936,0.000,0.352),s="Running",v=Vector3.new(54.502,0.001,-19.669)},
        {t=0.333,cf=CFrame.new(-564.911,240.108,634.686,0.352,-0.000,-0.936,0.000,1.000,-0.000,0.936,0.000,0.352),s="Running",v=Vector3.new(54.732,0.001,-19.752)},
        {t=0.338,cf=CFrame.new(-564.646,240.108,634.590,0.351,-0.000,-0.936,0.000,1.000,-0.000,0.936,0.000,0.351),s="Running",v=Vector3.new(54.789,0.001,-19.773)},
        {t=0.343,cf=CFrame.new(-564.385,240.108,634.496,0.351,-0.000,-0.937,0.000,1.000,-0.000,0.937,0.000,0.351),s="Running",v=Vector3.new(54.803,0.001,-19.778)},
        {t=0.348,cf=CFrame.new(-564.115,240.108,634.398,0.350,-0.000,-0.937,0.000,1.000,-0.000,0.937,0.000,0.350),s="Running",v=Vector3.new(54.807,0.001,-19.779)},
        {t=0.353,cf=CFrame.new(-563.668,240.108,634.236,0.349,-0.000,-0.937,0.000,1.000,-0.000,0.937,0.000,0.349),s="Running",v=Vector3.new(53.586,0.001,-19.338)},
        {t=0.358,cf=CFrame.new(-563.418,240.108,634.146,0.349,-0.000,-0.937,0.000,1.000,-0.000,0.937,0.000,0.349),s="Running",v=Vector3.new(54.502,0.001,-19.669)},
        {t=0.364,cf=CFrame.new(-563.146,240.108,634.048,0.348,-0.000,-0.937,0.000,1.000,-0.000,0.937,0.000,0.348),s="Running",v=Vector3.new(54.732,0.001,-19.752)},
        {t=0.368,cf=CFrame.new(-562.885,240.108,633.954,0.348,-0.000,-0.937,0.000,1.000,-0.000,0.937,0.000,0.348),s="Running",v=Vector3.new(54.789,0.001,-19.773)},
        {t=0.374,cf=CFrame.new(-562.444,240.108,633.794,0.348,-0.000,-0.938,0.000,1.000,-0.000,0.938,0.000,0.348),s="Running",v=Vector3.new(53.581,0.001,-19.337)},
        {t=0.379,cf=CFrame.new(-562.203,240.108,633.707,0.347,-0.000,-0.938,0.000,1.000,-0.000,0.938,0.000,0.347),s="Running",v=Vector3.new(54.501,0.001,-19.669)},
        {t=0.384,cf=CFrame.new(-561.950,240.108,633.616,0.347,-0.000,-0.938,0.000,1.000,-0.000,0.938,0.000,0.347),s="Running",v=Vector3.new(54.731,0.001,-19.752)},
        {t=0.389,cf=CFrame.new(-561.695,240.108,633.524,0.346,-0.000,-0.938,0.000,1.000,-0.000,0.938,0.000,0.346),s="Running",v=Vector3.new(54.789,0.001,-19.773)},
        {t=0.394,cf=CFrame.new(-561.422,240.108,633.425,0.346,-0.000,-0.938,0.000,1.000,-0.000,0.938,0.000,0.346),s="Running",v=Vector3.new(54.803,0.001,-19.778)},
        {t=0.400,cf=CFrame.new(-560.974,240.108,633.263,0.346,-0.000,-0.938,0.000,1.000,-0.000,0.938,0.000,0.346),s="Running",v=Vector3.new(53.585,0.001,-19.338)},
        {t=0.405,cf=CFrame.new(-560.717,240.108,633.171,0.345,-0.000,-0.938,0.000,1.000,-0.000,0.938,0.000,0.345),s="Running",v=Vector3.new(54.502,0.001,-19.669)},
        {t=0.410,cf=CFrame.new(-560.460,240.108,633.078,0.345,-0.000,-0.939,0.000,1.000,-0.000,0.939,0.000,0.345),s="Running",v=Vector3.new(54.731,0.001,-19.752)},
        {t=0.415,cf=CFrame.new(-560.016,240.108,632.918,0.345,-0.000,-0.939,0.000,1.000,-0.000,0.939,0.000,0.345),s="Running",v=Vector3.new(53.567,0.001,-19.332)},
        {t=0.421,cf=CFrame.new(-559.758,240.108,632.825,0.345,-0.000,-0.939,0.000,1.000,-0.000,0.939,0.000,0.345),s="Running",v=Vector3.new(54.498,0.001,-19.668)},
        {t=0.428,cf=CFrame.new(-559.487,240.108,632.727,0.344,-0.000,-0.939,0.000,1.000,-0.000,0.939,0.000,0.344),s="Running",v=Vector3.new(54.730,0.001,-19.752)},
        {t=0.434,cf=CFrame.new(-559.026,240.108,632.560,0.344,-0.000,-0.939,0.000,1.000,-0.000,0.939,0.000,0.344),s="Running",v=Vector3.new(53.567,0.001,-19.332)},
        {t=0.439,cf=CFrame.new(-558.773,240.108,632.469,0.344,-0.000,-0.939,0.000,1.000,-0.000,0.939,0.000,0.344),s="Running",v=Vector3.new(54.498,0.001,-19.668)},
        {t=0.444,cf=CFrame.new(-558.328,240.108,632.308,0.343,-0.000,-0.939,0.000,1.000,-0.000,0.939,0.000,0.343),s="Running",v=Vector3.new(53.508,0.001,-19.311)},
        {t=0.456,cf=CFrame.new(-557.835,240.108,632.130,0.343,-0.000,-0.939,0.000,1.000,-0.000,0.939,0.000,0.343),s="Running",v=Vector3.new(53.261,0.001,-19.221)},
        {t=0.461,cf=CFrame.new(-557.403,240.108,631.974,0.343,-0.000,-0.939,0.000,1.000,-0.000,0.939,0.000,0.343),s="Running",v=Vector3.new(53.199,0.001,-19.199)},
        {t=0.467,cf=CFrame.new(-557.144,240.108,631.881,0.343,-0.000,-0.939,0.000,1.000,-0.000,0.939,0.000,0.343),s="Running",v=Vector3.new(54.406,0.001,-19.634)},
        {t=0.472,cf=CFrame.new(-556.884,240.108,631.787,0.343,-0.000,-0.940,0.000,1.000,-0.000,0.940,0.000,0.343),s="Running",v=Vector3.new(54.707,0.001,-19.743)},
        {t=0.477,cf=CFrame.new(-556.621,240.108,631.692,0.342,-0.000,-0.940,0.000,1.000,-0.000,0.940,0.000,0.342),s="Running",v=Vector3.new(54.783,0.001,-19.770)},
        {t=0.482,cf=CFrame.new(-556.352,240.108,631.595,0.342,-0.000,-0.940,0.000,1.000,-0.000,0.940,0.000,0.342),s="Running",v=Vector3.new(54.802,0.001,-19.777)},
        {t=0.488,cf=CFrame.new(-555.909,240.108,631.435,0.342,-0.000,-0.940,0.000,1.000,-0.000,0.940,0.000,0.342),s="Running",v=Vector3.new(53.584,0.001,-19.338)},
        {t=0.494,cf=CFrame.new(-555.650,240.108,631.342,0.342,-0.000,-0.940,0.000,1.000,-0.000,0.940,0.000,0.342),s="Running",v=Vector3.new(54.502,0.001,-19.669)},
        {t=0.499,cf=CFrame.new(-555.219,240.108,631.186,0.342,-0.000,-0.940,0.000,1.000,-0.000,0.940,0.000,0.342),s="Running",v=Vector3.new(53.509,0.001,-19.311)},
        {t=0.504,cf=CFrame.new(-554.973,240.108,631.097,0.342,-0.000,-0.940,0.000,1.000,-0.000,0.940,0.000,0.342),s="Running",v=Vector3.new(54.483,0.001,-19.662)},
        {t=0.510,cf=CFrame.new(-554.711,240.108,631.003,0.342,-0.000,-0.940,0.000,1.000,-0.000,0.940,0.000,0.342),s="Running",v=Vector3.new(54.727,0.001,-19.750)},
        {t=0.516,cf=CFrame.new(-554.436,240.108,630.904,0.341,-0.000,-0.940,0.000,1.000,-0.000,0.940,0.000,0.341),s="Running",v=Vector3.new(54.788,0.001,-19.772)},
        {t=0.522,cf=CFrame.new(-553.990,240.108,630.743,0.341,-0.000,-0.940,0.000,1.000,-0.000,0.940,0.000,0.341),s="Running",v=Vector3.new(53.581,0.001,-19.337)},
        {t=0.528,cf=CFrame.new(-553.738,240.108,630.651,0.341,-0.000,-0.940,0.000,1.000,-0.000,0.940,0.000,0.341),s="Running",v=Vector3.new(54.501,0.001,-19.669)},
        {t=0.534,cf=CFrame.new(-553.284,240.108,630.488,0.341,-0.000,-0.940,0.000,1.000,-0.000,0.940,0.000,0.341),s="Running",v=Vector3.new(53.509,0.001,-19.311)},
        {t=0.539,cf=CFrame.new(-553.028,240.108,630.395,0.341,-0.000,-0.940,0.000,1.000,-0.000,0.940,0.000,0.341),s="Running",v=Vector3.new(54.483,0.001,-19.662)},
        {t=0.545,cf=CFrame.new(-552.586,240.108,630.236,0.341,-0.000,-0.940,0.000,1.000,-0.000,0.940,0.000,0.341),s="Running",v=Vector3.new(53.505,0.001,-19.309)},
        {t=0.551,cf=CFrame.new(-552.328,240.108,630.143,0.341,-0.000,-0.940,0.000,1.000,-0.000,0.940,0.000,0.341),s="Running",v=Vector3.new(54.482,0.001,-19.662)},
        {t=0.557,cf=CFrame.new(-551.896,240.108,629.987,0.341,-0.000,-0.940,0.000,1.000,-0.000,0.940,0.000,0.341),s="Running",v=Vector3.new(53.505,0.001,-19.309)},
        {t=0.563,cf=CFrame.new(-551.644,240.108,629.896,0.341,-0.000,-0.940,0.000,1.000,-0.000,0.940,0.000,0.341),s="Running",v=Vector3.new(54.482,0.001,-19.662)},
        {t=0.568,cf=CFrame.new(-551.206,240.108,629.738,0.340,-0.000,-0.940,0.000,1.000,-0.000,0.940,0.000,0.340),s="Running",v=Vector3.new(53.520,0.001,-19.265)},
        {t=0.574,cf=CFrame.new(-550.958,240.108,629.649,0.340,-0.000,-0.940,0.000,1.000,-0.000,0.940,0.000,0.340),s="Running",v=Vector3.new(54.509,0.001,-19.586)},
        {t=0.579,cf=CFrame.new(-550.715,240.108,629.562,0.340,-0.000,-0.940,0.000,1.000,-0.000,0.940,0.000,0.340),s="Running",v=Vector3.new(54.758,0.001,-19.663)},
        {t=0.585,cf=CFrame.new(-550.275,240.108,629.404,0.340,-0.000,-0.940,0.000,1.000,-0.000,0.940,0.000,0.340),s="Running",v=Vector3.new(53.598,0.001,-19.240)},
        {t=0.590,cf=CFrame.new(-550.037,240.108,629.318,0.340,-0.000,-0.940,0.000,1.000,-0.000,0.940,0.000,0.340),s="Running",v=Vector3.new(54.531,0.001,-19.573)},
        {t=0.595,cf=CFrame.new(-549.782,240.108,629.226,0.340,-0.000,-0.940,0.000,1.000,-0.000,0.940,0.000,0.340),s="Running",v=Vector3.new(54.765,0.001,-19.656)},
        {t=0.601,cf=CFrame.new(-549.524,240.108,629.134,0.340,-0.000,-0.941,0.000,1.000,-0.000,0.941,0.000,0.340),s="Running",v=Vector3.new(54.823,0.001,-19.677)},
        {t=0.606,cf=CFrame.new(-549.271,240.108,629.043,0.340,-0.000,-0.941,0.000,1.000,-0.000,0.941,0.000,0.340),s="Running",v=Vector3.new(54.838,0.001,-19.682)},
        {t=0.611,cf=CFrame.new(-548.836,240.108,628.887,0.340,-0.000,-0.941,0.000,1.000,-0.000,0.941,0.000,0.340),s="Running",v=Vector3.new(53.618,0.001,-19.244)},
        {t=0.617,cf=CFrame.new(-548.584,240.108,628.796,0.339,-0.000,-0.941,0.000,1.000,-0.000,0.941,0.000,0.339),s="Running",v=Vector3.new(54.536,0.001,-19.574)},
        {t=0.624,cf=CFrame.new(-548.147,240.108,628.639,0.339,-0.000,-0.941,0.000,1.000,-0.000,0.941,0.000,0.339),s="Running",v=Vector3.new(53.543,0.001,-19.217)},
        {t=0.629,cf=CFrame.new(-547.896,240.108,628.549,0.339,-0.000,-0.941,0.000,1.000,-0.000,0.941,0.000,0.339),s="Running",v=Vector3.new(54.518,0.001,-19.567)},
        {t=0.634,cf=CFrame.new(-547.640,240.108,628.457,0.339,-0.000,-0.941,0.000,1.000,-0.000,0.941,0.000,0.339),s="Running",v=Vector3.new(54.761,0.001,-19.655)},
        {t=0.638,cf=CFrame.new(-547.394,240.108,628.369,0.339,-0.000,-0.941,0.000,1.000,-0.000,0.941,0.000,0.339),s="Running",v=Vector3.new(54.822,0.001,-19.676)},
        {t=0.643,cf=CFrame.new(-547.145,240.108,628.280,0.339,-0.000,-0.941,0.000,1.000,-0.000,0.941,0.000,0.339),s="Running",v=Vector3.new(54.837,0.001,-19.682)},
        {t=0.647,cf=CFrame.new(-546.899,240.108,628.192,0.339,-0.000,-0.941,0.000,1.000,-0.000,0.941,0.000,0.339),s="Running",v=Vector3.new(54.841,0.001,-19.683)},
        {t=0.652,cf=CFrame.new(-546.655,240.108,628.104,0.339,-0.000,-0.941,0.000,1.000,-0.000,0.941,0.000,0.339),s="Running",v=Vector3.new(54.842,0.001,-19.684)},
        {t=0.656,cf=CFrame.new(-546.412,240.108,628.017,0.339,-0.000,-0.941,0.000,1.000,-0.000,0.941,0.000,0.339),s="Running",v=Vector3.new(54.842,0.001,-19.684)},
        {t=0.661,cf=CFrame.new(-546.168,240.108,627.929,0.339,-0.000,-0.941,0.000,1.000,-0.000,0.941,0.000,0.339),s="Running",v=Vector3.new(54.842,0.001,-19.684)},
        {t=0.666,cf=CFrame.new(-545.739,240.108,627.775,0.339,-0.000,-0.941,0.000,1.000,-0.000,0.941,0.000,0.339),s="Running",v=Vector3.new(53.620,0.001,-19.245)},
        {t=0.671,cf=CFrame.new(-545.508,240.108,627.692,0.339,-0.000,-0.941,0.000,1.000,-0.000,0.941,0.000,0.339),s="Running",v=Vector3.new(54.537,0.001,-19.574)},
        {t=0.675,cf=CFrame.new(-545.277,240.108,627.609,0.339,-0.000,-0.941,0.000,1.000,-0.000,0.941,0.000,0.339),s="Running",v=Vector3.new(54.766,0.001,-19.656)},
        {t=0.680,cf=CFrame.new(-545.042,240.108,627.525,0.339,-0.000,-0.941,0.000,1.000,-0.000,0.941,0.000,0.339),s="Running",v=Vector3.new(54.823,0.001,-19.677)},
        {t=0.684,cf=CFrame.new(-544.810,240.108,627.442,0.339,-0.000,-0.941,0.000,1.000,-0.000,0.941,0.000,0.339),s="Running",v=Vector3.new(54.838,0.001,-19.682)},
        {t=0.688,cf=CFrame.new(-544.581,240.108,627.359,0.339,-0.000,-0.941,0.000,1.000,-0.000,0.941,0.000,0.339),s="Running",v=Vector3.new(54.841,0.001,-19.683)},
        {t=0.692,cf=CFrame.new(-544.350,240.108,627.276,0.339,-0.000,-0.941,0.000,1.000,-0.000,0.941,0.000,0.339),s="Running",v=Vector3.new(54.842,0.001,-19.684)},
        {t=0.697,cf=CFrame.new(-544.114,240.108,627.192,0.339,-0.000,-0.941,0.000,1.000,-0.000,0.941,0.000,0.339),s="Running",v=Vector3.new(54.842,0.001,-19.684)},
        {t=0.701,cf=CFrame.new(-543.871,240.108,627.104,0.339,-0.000,-0.941,0.000,1.000,-0.000,0.941,0.000,0.339),s="Running",v=Vector3.new(54.842,0.001,-19.684)},
        {t=0.705,cf=CFrame.new(-543.631,240.108,627.018,0.338,-0.000,-0.941,0.000,1.000,-0.000,0.941,0.000,0.338),s="Running",v=Vector3.new(54.842,0.001,-19.684)},
        {t=0.709,cf=CFrame.new(-543.394,240.108,626.933,0.338,-0.000,-0.941,0.000,1.000,-0.000,0.941,0.000,0.338),s="Running",v=Vector3.new(54.842,0.001,-19.684)},
        {t=0.714,cf=CFrame.new(-543.153,240.108,626.846,0.338,-0.000,-0.941,0.000,1.000,-0.000,0.941,0.000,0.338),s="Running",v=Vector3.new(54.842,0.001,-19.684)},
        {t=0.728,cf=CFrame.new(-542.458,240.108,626.597,0.338,-0.000,-0.941,0.000,1.000,-0.000,0.941,0.000,0.338),s="Running",v=Vector3.new(52.397,0.001,-18.806)},
        {t=0.745,cf=CFrame.new(-541.592,240.108,626.286,0.338,-0.000,-0.941,0.000,1.000,-0.000,0.941,0.000,0.338),s="Running",v=Vector3.new(50.563,0.001,-18.148)},
        {t=0.751,cf=CFrame.new(-541.174,240.108,626.136,0.338,-0.000,-0.941,0.000,1.000,-0.000,0.941,0.000,0.338),s="Running",v=Vector3.new(52.550,0.001,-18.861)},
        {t=0.756,cf=CFrame.new(-540.921,240.108,626.045,0.338,-0.000,-0.941,0.000,1.000,-0.000,0.941,0.000,0.338),s="Running",v=Vector3.new(54.269,0.001,-19.478)},
        {t=0.763,cf=CFrame.new(-540.455,240.108,625.878,0.338,-0.000,-0.941,0.000,1.000,-0.000,0.941,0.000,0.338),s="Running",v=Vector3.new(53.476,0.001,-19.193)},
        {t=0.782,cf=CFrame.new(-539.522,240.108,625.543,0.338,-0.000,-0.941,0.000,1.000,-0.000,0.941,0.000,0.338),s="Running",v=Vector3.new(50.833,0.001,-18.245)},
        {t=0.790,cf=CFrame.new(-539.067,240.108,625.380,0.338,-0.000,-0.941,0.000,1.000,-0.000,0.941,0.000,0.338),s="Running",v=Vector3.new(52.617,0.001,-18.885)},
        {t=0.811,cf=CFrame.new(-538.107,240.108,625.035,0.337,-0.000,-0.941,0.000,1.000,-0.000,0.941,0.000,0.337),s="Running",v=Vector3.new(50.644,0.001,-18.094)},
        {t=0.817,cf=CFrame.new(-537.529,240.108,624.829,0.337,-0.000,-0.941,0.000,1.000,-0.000,0.941,0.000,0.337),s="Running",v=Vector3.new(51.393,0.001,-18.280)},
        {t=0.824,cf=CFrame.new(-537.252,240.108,624.730,0.337,-0.000,-0.942,0.000,1.000,-0.000,0.942,0.000,0.337),s="Running",v=Vector3.new(54.050,0.001,-19.138)},
        {t=0.831,cf=CFrame.new(-536.775,240.108,624.561,0.336,-0.000,-0.942,0.000,1.000,-0.000,0.942,0.000,0.336),s="Running",v=Vector3.new(53.497,0.001,-18.897)},
        {t=0.837,cf=CFrame.new(-536.339,240.108,624.406,0.336,-0.000,-0.942,0.000,1.000,-0.000,0.942,0.000,0.336),s="Running",v=Vector3.new(53.374,0.001,-18.792)},
        {t=0.841,cf=CFrame.new(-536.086,240.108,624.317,0.336,-0.000,-0.942,0.000,1.000,-0.000,0.942,0.000,0.336),s="Running",v=Vector3.new(54.576,0.001,-19.179)},
        {t=0.846,cf=CFrame.new(-535.831,240.108,624.227,0.335,-0.000,-0.942,0.000,1.000,-0.000,0.942,0.000,0.335),s="Running",v=Vector3.new(54.890,0.001,-19.235)},
        {t=0.850,cf=CFrame.new(-535.577,240.108,624.138,0.335,-0.000,-0.942,0.000,1.000,-0.000,0.942,0.000,0.335),s="Running",v=Vector3.new(55.001,0.001,-19.157)},
        {t=0.854,cf=CFrame.new(-535.328,240.108,624.051,0.335,-0.000,-0.942,0.000,1.000,-0.000,0.942,0.000,0.335),s="Running",v=Vector3.new(55.056,0.001,-19.058)},
        {t=0.858,cf=CFrame.new(-535.082,240.108,623.966,0.334,-0.000,-0.943,0.000,1.000,-0.000,0.943,0.000,0.334),s="Running",v=Vector3.new(55.100,0.001,-18.945)},
        {t=0.863,cf=CFrame.new(-534.826,240.108,623.878,0.333,-0.000,-0.943,0.000,1.000,-0.000,0.943,0.000,0.333),s="Running",v=Vector3.new(55.152,0.001,-18.798)},
        {t=0.867,cf=CFrame.new(-534.574,240.108,623.791,0.332,-0.000,-0.943,0.000,1.000,-0.000,0.943,0.000,0.332),s="Running",v=Vector3.new(55.195,0.001,-18.672)},
        {t=0.871,cf=CFrame.new(-534.322,240.108,623.706,0.332,-0.000,-0.943,0.000,1.000,-0.000,0.943,0.000,0.332),s="Running",v=Vector3.new(55.249,0.001,-18.512)},
        {t=0.876,cf=CFrame.new(-534.064,240.108,623.619,0.330,-0.000,-0.944,0.000,1.000,-0.000,0.944,0.000,0.330),s="Running",v=Vector3.new(55.325,0.001,-18.282)},
        {t=0.881,cf=CFrame.new(-533.626,240.108,623.473,0.329,-0.000,-0.944,0.000,1.000,-0.000,0.944,0.000,0.329),s="Running",v=Vector3.new(54.198,0.001,-17.547)},
        {t=0.886,cf=CFrame.new(-533.378,240.108,623.392,0.327,-0.000,-0.945,0.000,1.000,-0.000,0.945,0.000,0.327),s="Running",v=Vector3.new(55.254,0.001,-17.441)},
        {t=0.891,cf=CFrame.new(-533.121,240.108,623.310,0.325,-0.000,-0.946,0.000,1.000,-0.000,0.946,0.000,0.325),s="Running",v=Vector3.new(55.612,0.001,-17.112)},
        {t=0.896,cf=CFrame.new(-532.860,240.108,623.229,0.323,-0.000,-0.946,0.000,1.000,-0.000,0.946,0.000,0.323),s="Running",v=Vector3.new(55.756,0.001,-16.852)},
        {t=0.901,cf=CFrame.new(-532.592,240.108,623.146,0.320,-0.000,-0.947,0.000,1.000,-0.000,0.947,0.000,0.320),s="Running",v=Vector3.new(55.858,0.001,-16.561)},
        {t=0.906,cf=CFrame.new(-532.152,240.108,623.015,0.318,-0.000,-0.948,0.000,1.000,-0.000,0.948,0.000,0.318),s="Running",v=Vector3.new(54.693,0.001,-15.931)},
        {t=0.912,cf=CFrame.new(-531.895,240.108,622.938,0.315,-0.000,-0.949,0.000,1.000,-0.000,0.949,0.000,0.315),s="Running",v=Vector3.new(55.717,0.001,-15.900)},
        {t=0.917,cf=CFrame.new(-531.637,240.108,622.863,0.313,-0.000,-0.950,0.000,1.000,-0.000,0.950,0.000,0.313),s="Running",v=Vector3.new(56.024,0.001,-15.713)},
        {t=0.922,cf=CFrame.new(-531.375,240.108,622.788,0.310,-0.000,-0.951,0.000,1.000,-0.000,0.951,0.000,0.310),s="Running",v=Vector3.new(56.157,0.001,-15.461)},
        {t=0.927,cf=CFrame.new(-530.937,240.108,622.666,0.307,-0.000,-0.952,0.000,1.000,-0.000,0.952,0.000,0.307),s="Running",v=Vector3.new(54.968,0.001,-14.942)},
        {t=0.932,cf=CFrame.new(-530.679,240.108,622.594,0.304,-0.000,-0.953,0.000,1.000,-0.000,0.953,0.000,0.304),s="Running",v=Vector3.new(55.990,0.001,-14.910)},
        {t=0.938,cf=CFrame.new(-530.416,240.108,622.523,0.302,-0.000,-0.953,0.000,1.000,-0.000,0.953,0.000,0.302),s="Running",v=Vector3.new(56.286,0.001,-14.747)},
        {t=0.943,cf=CFrame.new(-530.155,240.108,622.452,0.299,-0.000,-0.954,0.000,1.000,-0.000,0.954,0.000,0.299),s="Running",v=Vector3.new(56.397,0.001,-14.562)},
        {t=0.948,cf=CFrame.new(-529.887,240.108,622.382,0.296,-0.000,-0.955,0.000,1.000,-0.000,0.955,0.000,0.296),s="Running",v=Vector3.new(56.470,0.001,-14.340)},
        {t=0.953,cf=CFrame.new(-529.437,240.108,622.266,0.293,-0.000,-0.956,0.000,1.000,-0.000,0.956,0.000,0.293),s="Running",v=Vector3.new(55.272,0.001,-13.793)},
        {t=0.958,cf=CFrame.new(-529.187,240.108,622.201,0.290,-0.000,-0.957,0.000,1.000,-0.000,0.957,0.000,0.290),s="Running",v=Vector3.new(56.263,0.001,-13.848)},
        {t=0.964,cf=CFrame.new(-528.924,240.108,622.135,0.287,-0.000,-0.958,0.000,1.000,-0.000,0.958,0.000,0.287),s="Running",v=Vector3.new(56.547,0.001,-13.715)},
        {t=0.968,cf=CFrame.new(-528.486,240.108,622.027,0.284,-0.000,-0.959,0.000,1.000,-0.000,0.959,0.000,0.284),s="Running",v=Vector3.new(55.378,0.001,-13.282)},
        {t=0.973,cf=CFrame.new(-528.233,240.108,621.965,0.281,-0.000,-0.960,0.000,1.000,-0.000,0.960,0.000,0.281),s="Running",v=Vector3.new(56.388,0.001,-13.309)},
        {t=0.978,cf=CFrame.new(-527.975,240.108,621.902,0.278,-0.000,-0.960,0.000,1.000,-0.000,0.960,0.000,0.278),s="Running",v=Vector3.new(56.662,0.001,-13.226)},
        {t=0.984,cf=CFrame.new(-527.710,240.108,621.838,0.275,-0.000,-0.961,0.000,1.000,-0.000,0.961,0.000,0.275),s="Running",v=Vector3.new(56.762,0.001,-13.070)},
        {t=0.989,cf=CFrame.new(-527.449,240.108,621.777,0.273,-0.000,-0.962,0.000,1.000,-0.000,0.962,0.000,0.273),s="Running",v=Vector3.new(56.816,0.001,-12.903)},
        {t=0.994,cf=CFrame.new(-527.001,240.108,621.673,0.270,-0.000,-0.963,0.000,1.000,-0.000,0.963,0.000,0.270),s="Running",v=Vector3.new(55.586,0.001,-12.467)},
        {t=1.000,cf=CFrame.new(-526.737,240.108,621.612,0.266,-0.000,-0.964,0.000,1.000,-0.000,0.964,0.000,0.266),s="Running",v=Vector3.new(56.585,0.001,-12.467)},
        {t=1.005,cf=CFrame.new(-526.473,240.108,621.552,0.264,-0.000,-0.965,0.000,1.000,-0.000,0.965,0.000,0.264),s="Running",v=Vector3.new(56.852,0.001,-12.392)},
        {t=1.010,cf=CFrame.new(-526.210,240.108,621.493,0.261,-0.000,-0.965,0.000,1.000,-0.000,0.965,0.000,0.261),s="Running",v=Vector3.new(56.933,0.001,-12.302)},
        {t=1.015,cf=CFrame.new(-525.757,240.108,621.394,0.258,-0.000,-0.966,0.000,1.000,-0.000,0.966,0.000,0.258),s="Running",v=Vector3.new(55.702,0.001,-11.924)},
        {t=1.020,cf=CFrame.new(-525.505,240.108,621.338,0.256,-0.000,-0.967,0.000,1.000,-0.000,0.967,0.000,0.256),s="Running",v=Vector3.new(56.676,0.001,-12.046)},
        {t=1.025,cf=CFrame.new(-525.254,240.108,621.283,0.253,-0.000,-0.967,0.000,1.000,-0.000,0.967,0.000,0.253),s="Running",v=Vector3.new(56.923,0.001,-12.061)},
        {t=1.030,cf=CFrame.new(-524.993,240.108,621.227,0.251,-0.000,-0.968,0.000,1.000,-0.000,0.968,0.000,0.251),s="Running",v=Vector3.new(56.986,0.001,-12.058)},
        {t=1.035,cf=CFrame.new(-524.552,240.108,621.132,0.249,-0.000,-0.969,0.000,1.000,-0.000,0.969,0.000,0.249),s="Running",v=Vector3.new(55.731,0.001,-11.786)},
        {t=1.039,cf=CFrame.new(-524.522,240.108,621.124,0.247,-0.000,-0.969,0.000,1.000,-0.000,0.969,0.000,0.247),s="Running",v=Vector3.new(57.959,0.001,-12.255)},
        {t=1.044,cf=CFrame.new(-524.258,240.108,621.067,0.245,-0.000,-0.969,0.000,1.000,-0.000,0.969,0.000,0.245),s="Running",v=Vector3.new(57.246,0.001,-12.103)},
        {t=1.049,cf=CFrame.new(-523.813,240.108,620.972,0.243,-0.000,-0.970,0.000,1.000,-0.000,0.970,0.000,0.243),s="Running",v=Vector3.new(55.796,0.001,-11.797)},
        {t=1.054,cf=CFrame.new(-523.557,240.108,620.917,0.242,-0.000,-0.970,0.000,1.000,-0.000,0.970,0.000,0.242),s="Running",v=Vector3.new(56.705,0.001,-11.988)},
        {t=1.058,cf=CFrame.new(-523.304,240.108,620.862,0.240,-0.000,-0.971,0.000,1.000,-0.000,0.971,0.000,0.240),s="Running",v=Vector3.new(56.932,0.001,-12.036)},
        {t=1.064,cf=CFrame.new(-523.039,240.108,620.805,0.238,-0.000,-0.971,0.000,1.000,-0.000,0.971,0.000,0.238),s="Running",v=Vector3.new(56.989,0.001,-12.048)},
        {t=1.069,cf=CFrame.new(-522.785,240.108,620.750,0.237,-0.000,-0.972,0.000,1.000,-0.000,0.972,0.000,0.237),s="Running",v=Vector3.new(57.003,0.001,-12.051)},
        {t=1.074,cf=CFrame.new(-522.344,240.108,620.656,0.235,-0.000,-0.972,0.000,1.000,-0.000,0.972,0.000,0.235),s="Running",v=Vector3.new(55.735,0.001,-11.784)},
        {t=1.079,cf=CFrame.new(-522.091,240.108,620.602,0.234,-0.000,-0.972,0.000,1.000,-0.000,0.972,0.000,0.234),s="Running",v=Vector3.new(56.690,0.001,-11.985)},
        {t=1.084,cf=CFrame.new(-521.834,240.108,620.547,0.232,-0.000,-0.973,0.000,1.000,-0.000,0.973,0.000,0.232),s="Running",v=Vector3.new(56.935,0.001,-12.004)},
        {t=1.089,cf=CFrame.new(-521.581,240.108,620.492,0.231,-0.000,-0.973,0.000,1.000,-0.000,0.973,0.000,0.231),s="Running",v=Vector3.new(57.002,0.001,-11.981)},
        {t=1.094,cf=CFrame.new(-521.322,240.108,620.437,0.230,-0.000,-0.973,0.000,1.000,-0.000,0.973,0.000,0.230),s="Running",v=Vector3.new(57.021,0.001,-11.965)},
        {t=1.099,cf=CFrame.new(-520.883,240.108,620.344,0.229,-0.000,-0.973,0.000,1.000,-0.000,0.973,0.000,0.229),s="Running",v=Vector3.new(55.755,0.001,-11.691)},
        {t=1.104,cf=CFrame.new(-520.638,240.108,620.292,0.228,-0.000,-0.974,0.000,1.000,-0.000,0.974,0.000,0.228),s="Running",v=Vector3.new(56.718,0.001,-11.851)},
        {t=1.108,cf=CFrame.new(-520.384,240.108,620.238,0.226,-0.000,-0.974,0.000,1.000,-0.000,0.974,0.000,0.226),s="Running",v=Vector3.new(56.965,0.001,-11.858)},
        {t=1.114,cf=CFrame.new(-520.116,240.108,620.182,0.225,-0.000,-0.974,0.000,1.000,-0.000,0.974,0.000,0.225),s="Running",v=Vector3.new(57.028,0.001,-11.856)},
        {t=1.119,cf=CFrame.new(-519.658,240.108,620.086,0.224,-0.000,-0.975,0.000,1.000,-0.000,0.975,0.000,0.224),s="Running",v=Vector3.new(55.772,0.001,-11.590)},
        {t=1.125,cf=CFrame.new(-519.399,240.108,620.032,0.223,-0.000,-0.975,0.000,1.000,-0.000,0.975,0.000,0.223),s="Running",v=Vector3.new(56.738,0.001,-11.751)},
        {t=1.130,cf=CFrame.new(-519.137,240.108,619.977,0.222,-0.000,-0.975,0.000,1.000,-0.000,0.975,0.000,0.222),s="Running",v=Vector3.new(56.984,0.001,-11.766)},
        {t=1.136,cf=CFrame.new(-518.873,240.108,619.921,0.221,-0.000,-0.975,0.000,1.000,-0.000,0.975,0.000,0.221),s="Running",v=Vector3.new(57.048,0.001,-11.760)},
        {t=1.141,cf=CFrame.new(-518.419,240.108,619.827,0.220,-0.000,-0.976,0.000,1.000,-0.000,0.976,0.000,0.220),s="Running",v=Vector3.new(55.792,0.001,-11.494)},
        {t=1.147,cf=CFrame.new(-518.163,240.108,619.774,0.219,-0.000,-0.976,0.000,1.000,-0.000,0.976,0.000,0.219),s="Running",v=Vector3.new(56.750,0.001,-11.689)},
        {t=1.152,cf=CFrame.new(-517.904,240.108,619.720,0.218,-0.000,-0.976,0.000,1.000,-0.000,0.976,0.000,0.218),s="Running",v=Vector3.new(56.990,0.001,-11.737)},
        {t=1.158,cf=CFrame.new(-517.444,240.108,619.625,0.217,-0.000,-0.976,0.000,1.000,-0.000,0.976,0.000,0.217),s="Running",v=Vector3.new(55.778,0.001,-11.488)},
        {t=1.163,cf=CFrame.new(-517.192,240.108,619.572,0.216,-0.000,-0.976,0.000,1.000,-0.000,0.976,0.000,0.216),s="Running",v=Vector3.new(56.752,0.001,-11.664)},
        {t=1.168,cf=CFrame.new(-516.934,240.108,619.519,0.215,-0.000,-0.977,0.000,1.000,-0.000,0.977,0.000,0.215),s="Running",v=Vector3.new(57.004,0.001,-11.664)},
        {t=1.172,cf=CFrame.new(-516.678,240.108,619.466,0.214,-0.000,-0.977,0.000,1.000,-0.000,0.977,0.000,0.214),s="Running",v=Vector3.new(57.068,0.001,-11.660)},
        {t=1.177,cf=CFrame.new(-516.423,240.108,619.414,0.214,-0.000,-0.977,0.000,1.000,-0.000,0.977,0.000,0.214),s="Running",v=Vector3.new(57.092,0.001,-11.618)},
        {t=1.182,cf=CFrame.new(-515.976,240.108,619.322,0.213,-0.000,-0.977,0.000,1.000,-0.000,0.977,0.000,0.213),s="Running",v=Vector3.new(55.838,0.001,-11.288)},
        {t=1.187,cf=CFrame.new(-515.725,240.108,619.271,0.212,-0.000,-0.977,0.000,1.000,-0.000,0.977,0.000,0.212),s="Running",v=Vector3.new(56.813,0.001,-11.386)},
        {t=1.191,cf=CFrame.new(-515.478,240.108,619.221,0.211,-0.000,-0.978,0.000,1.000,-0.000,0.978,0.000,0.211),s="Running",v=Vector3.new(57.072,0.001,-11.332)},
        {t=1.196,cf=CFrame.new(-515.223,240.108,619.170,0.210,-0.000,-0.978,0.000,1.000,-0.000,0.978,0.000,0.210),s="Running",v=Vector3.new(57.155,0.001,-11.230)},
        {t=1.201,cf=CFrame.new(-514.964,240.108,619.119,0.208,-0.000,-0.978,0.000,1.000,-0.000,0.978,0.000,0.208),s="Running",v=Vector3.new(57.202,0.001,-11.067)},
        {t=1.206,cf=CFrame.new(-514.704,240.108,619.068,0.207,-0.000,-0.978,0.000,1.000,-0.000,0.978,0.000,0.207),s="Running",v=Vector3.new(57.248,0.001,-10.841)},
        {t=1.211,cf=CFrame.new(-514.246,240.108,618.981,0.205,-0.000,-0.979,0.000,1.000,-0.000,0.979,0.000,0.205),s="Running",v=Vector3.new(56.016,0.001,-10.368)},
        {t=1.216,cf=CFrame.new(-513.995,240.108,618.934,0.204,-0.000,-0.979,0.000,1.000,-0.000,0.979,0.000,0.204),s="Running",v=Vector3.new(57.008,0.001,-10.367)},
        {t=1.221,cf=CFrame.new(-513.740,240.108,618.887,0.202,-0.000,-0.979,0.000,1.000,-0.000,0.979,0.000,0.202),s="Running",v=Vector3.new(57.286,0.001,-10.197)},
        {t=1.225,cf=CFrame.new(-513.492,240.108,618.842,0.200,-0.000,-0.980,0.000,1.000,-0.000,0.980,0.000,0.200),s="Running",v=Vector3.new(57.378,0.001,-10.022)},
        {t=1.231,cf=CFrame.new(-513.230,240.108,618.795,0.198,-0.000,-0.980,0.000,1.000,-0.000,0.980,0.000,0.198),s="Running",v=Vector3.new(57.440,0.001,-9.749)},
        {t=1.236,cf=CFrame.new(-512.780,240.108,618.719,0.196,-0.000,-0.981,0.000,1.000,-0.000,0.981,0.000,0.196),s="Running",v=Vector3.new(56.224,0.001,-9.169)},
        {t=1.241,cf=CFrame.new(-512.527,240.108,618.677,0.194,-0.000,-0.981,0.000,1.000,-0.000,0.981,0.000,0.194),s="Running",v=Vector3.new(57.230,0.001,-9.055)},
        {t=1.246,cf=CFrame.new(-512.268,240.108,618.635,0.191,-0.000,-0.982,0.000,1.000,-0.000,0.982,0.000,0.191),s="Running",v=Vector3.new(57.501,0.001,-8.901)},
        {t=1.251,cf=CFrame.new(-512.003,240.108,618.593,0.189,-0.000,-0.982,0.000,1.000,-0.000,0.982,0.000,0.189),s="Running",v=Vector3.new(57.592,0.001,-8.714)},
        {t=1.255,cf=CFrame.new(-511.745,240.108,618.553,0.187,-0.000,-0.982,0.000,1.000,-0.000,0.982,0.000,0.187),s="Running",v=Vector3.new(57.628,0.001,-8.576)},
        {t=1.260,cf=CFrame.new(-511.488,240.108,618.514,0.185,-0.000,-0.983,0.000,1.000,-0.000,0.983,0.000,0.185),s="Running",v=Vector3.new(57.655,0.001,-8.419)},
        {t=1.268,cf=CFrame.new(-511.014,240.108,618.443,0.181,-0.000,-0.983,0.000,1.000,-0.000,0.983,0.000,0.181),s="Running",v=Vector3.new(56.404,0.001,-7.999)},
        {t=1.273,cf=CFrame.new(-510.753,240.108,618.405,0.179,-0.000,-0.984,0.000,1.000,-0.000,0.984,0.000,0.179),s="Running",v=Vector3.new(57.392,0.001,-7.970)},
        {t=1.278,cf=CFrame.new(-510.493,240.108,618.368,0.177,-0.000,-0.984,0.000,1.000,-0.000,0.984,0.000,0.177),s="Running",v=Vector3.new(57.650,0.001,-7.884)},
        {t=1.282,cf=CFrame.new(-510.043,240.108,618.305,0.174,-0.000,-0.985,0.000,1.000,-0.000,0.985,0.000,0.174),s="Running",v=Vector3.new(56.442,0.001,-7.576)},
